PEER1,PEER2,PEER3,PEER4,PEER5,PEER6,PEER7,PEER8,PEER9,PEER10,PEER11,PEER12,PEER13,PEER14,PEER15,PEER16,PEER17,PEER18,PEER19,PEER20,PEER21,PEER22,PEER23,PEER24,Donor
-0.013200346380472183,-0.0955788642168045,-0.0685839131474495,-0.04262822866439819,0.08298707008361816,0.1059892550110817,-0.09814295917749405,-0.022206714376807213,-0.09558969736099243,-0.046754878014326096,0.157342791557312,0.024755282327532768,0.18415135145187378,0.002706762868911028,-0.1310226172208786,-0.26030099391937256,0.14554011821746826,0.05953529104590416,0.021396780386567116,0.02425326779484749,-0.0049863411113619804,0.005260356701910496,-0.04505210369825363,-0.010114473290741444,AM7180
0.08931809663772583,-0.09514640271663666,0.05665938928723335,-0.025458309799432755,0.0508783683180809,-0.1345043033361435,-0.024593964219093323,0.18934451043605804,-0.017822451889514923,-0.3125467002391815,-0.14616109430789948,-0.038585055619478226,0.08501800149679184,-0.005041847471147776,-0.01551840826869011,0.15287701785564423,0.08145684003829956,0.042233921587467194,-0.08740688115358353,-0.02475735731422901,-0.08098966628313065,-0.07810679823160172,-0.022370213642716408,0.0410669781267643,AM7181
0.03360988572239876,0.015312855131924152,-0.1492275595664978,-0.10999488085508347,0.026612596586346626,-0.08363936096429825,0.03268164396286011,0.014905760064721107,-0.04266222566366196,-0.11816351115703583,0.08459904044866562,0.24909937381744385,0.1850372850894928,-0.18044809997081757,-0.1547352373600006,-0.0833795815706253,0.13136394321918488,-0.05082583427429199,0.03508004546165466,-0.045263271778821945,-0.07708792388439178,0.0716109424829483,-0.12072431296110153,0.007116115652024746,AM7182
0.04197100177407265,0.08952758461236954,-0.1214260682463646,-0.04733532294631004,0.09618456661701202,0.025377195328474045,-0.023002449423074722,-0.031046943739056587,0.15355098247528076,-0.10593988746404648,-0.04924893006682396,0.23790812492370605,0.07977414131164551,-0.0030960848089307547,0.06827300786972046,-0.07376094907522202,0.43803516030311584,0.017355579882860184,-0.1378270387649536,0.10238177329301834,-0.04264643043279648,-0.06115225329995155,0.0028694993816316128,0.04765766113996506,AM7188
0.03743954002857208,-0.07760341465473175,-0.03473791480064392,-0.04989076033234596,0.14662061631679535,0.017999757081270218,-0.1683155745267868,0.02875867299735546,-0.16188989579677582,-0.08919577300548553,0.08185543119907379,-0.15926487743854523,0.05625579506158829,0.07864110171794891,0.17414727807044983,-0.21061277389526367,0.20917826890945435,0.05026033893227577,0.03828417509794235,-0.0032635056413710117,0.06843780726194382,-0.001566555118188262,0.10568664222955704,0.06555303931236267,AM7189
0.034847378730773926,0.1689317375421524,-0.0938812717795372,-0.01590590924024582,-0.02450650744140148,-0.01431896910071373,-0.09448625892400742,-0.026287507265806198,0.28460177779197693,-0.14985162019729614,-0.24001610279083252,-0.16598783433437347,0.13490590453147888,0.019634872674942017,-0.13345597684383392,-0.07678300142288208,0.19450657069683075,0.07406800985336304,-0.0822351947426796,0.0504002720117569,0.07861562818288803,0.11361735314130783,-0.11176054924726486,-0.031259406358003616,AM7196
0.030472517013549805,0.03897305577993393,-0.12184339761734009,-0.14830338954925537,0.06673398613929749,0.04868767410516739,-0.25586462020874023,-0.14626115560531616,0.09904094785451889,-0.17016568779945374,-0.08107874542474747,0.17916488647460938,0.007612660061568022,-0.06138936057686806,0.03255199268460274,-0.17150266468524933,0.07492540776729584,-0.03203461319208145,-0.12266837060451508,-0.034392502158880234,-0.008794394321739674,0.09363309293985367,-0.07146354764699936,-0.02931889519095421,AM7197
0.18221242725849152,0.002184792421758175,0.03231622651219368,0.06642206758260727,0.1849781572818756,-0.1193070113658905,-0.14475005865097046,0.1995922029018402,0.16828188300132751,-0.05035661906003952,0.10866550356149673,-0.12965399026870728,0.040843844413757324,0.19644589722156525,0.02598699927330017,0.07168684899806976,-0.1618652194738388,0.09822668880224228,-0.08921816200017929,-0.0069168442860245705,-0.033635709434747696,0.016517391428351402,0.055744849145412445,0.07382805645465851,AM7203
0.03495291247963905,0.16655877232551575,0.03869786486029625,0.23526255786418915,0.14894357323646545,0.06341591477394104,-0.16284942626953125,0.10258429497480392,0.008133204653859138,-0.11579722166061401,-0.04447508603334427,0.1957198828458786,-0.0288053248077631,0.2777862548828125,-0.10122279822826385,-0.08520382642745972,0.03302329406142235,-0.11922528594732285,-0.12737120687961578,-0.0491606630384922,0.07310403883457184,0.13163256645202637,-0.05969316139817238,0.15540923178195953,AM7204
0.0974188894033432,-0.05647232383489609,-0.002628921065479517,0.04718008637428284,0.20538359880447388,-0.006214082706719637,-0.17102381587028503,0.09718802571296692,-0.023721860721707344,-0.17440998554229736,0.06598339974880219,-0.16251416504383087,0.08766189217567444,0.12740261852741241,0.04927390068769455,-0.003649047575891018,0.10196742415428162,0.10102111846208572,-0.047876276075839996,-0.011677862145006657,0.007932824082672596,0.020892823114991188,0.0030189629178494215,0.03410308435559273,AM7205
0.2039535790681839,0.05050358548760414,0.11356841772794724,-0.1376948207616806,-0.0692908763885498,0.1113905981183052,-0.00413769343867898,-0.091861292719841,-0.2587302327156067,0.12950104475021362,0.090587615966796875,-0.38133686780929565,0.13956472277641296,0.22450318932533264,-0.25020021200180054,0.03691286966204643,0.07390276342630386,-0.08162210136651993,-0.027950450778007507,0.13595867156982422,0.11684554070234299,-0.009417216293513775,-0.031988002359867096,-0.10112781077623367,AM7208
0.23052074015140533,0.08808840811252594,0.09550680220127106,-0.13745316863059998,0.12330140173435211,0.25199007987976074,0.07674527913331985,-0.053986214101314545,-0.30258893966674805,0.150534525513649,-0.03919712081551552,-0.24166886508464813,0.01608659327030182,0.16178786754608154,-0.030749574303627014,0.03098667785525322,0.18648384511470795,-0.12383855879306793,-0.019117001444101334,0.14672154188156128,0.16233040392398834,0.041012056171894073,-0.04549206793308258,-0.04371318593621254,AM7209
0.233383908867836,0.05226117745041847,0.20248658955097198,-0.0814504325389862,0.047073401510715485,0.24906297028064728,0.11399796605110168,0.014260920695960522,0.020359257236123085,0.22770115733146667,-0.11182497441768646,0.07887767255306244,-0.1121896430850029,0.04340172931551933,-0.0696830153465271,0.018704228103160858,-0.08800424635410309,0.036495041102170944,-0.06112455576658249,-0.022558361291885376,-0.09870937466621399,0.030256623402237892,-0.012717978097498417,0.07225655764341354,AM7211
0.2876241207122803,0.07088659703731537,0.21002250909805298,-0.0909164696931839,-0.04502400383353233,0.15061280131340027,0.04923515394330025,-0.04980653524398804,0.08909716457128525,0.15208150446414948,-0.03650891035795212,0.15960800647735596,-0.18688806891441345,-0.023870114237070084,0.05687524005770683,0.04576711729168892,-0.0745982974767685,0.03966565430164337,-0.017257696017622948,-0.14741559326648712,-0.0879107192158699,0.01735711842775345,0.032122768461704254,0.06283770501613617,AM7213
0.1680675595998764,-0.02091093547642231,0.23793935775756836,-0.16378554701805115,-0.28296005725860596,-0.07086518406867981,0.16698609292507172,-0.0029623662121593952,0.14378443360328674,0.3143876791000366,0.02416665107011795,0.05159354954957962,0.10747013241052628,-0.22402673959732056,-0.06779184937477112,-0.12617480754852295,-0.10315243899822235,-0.049451980739831924,0.08474604040384293,0.00851138960570097,-3.5437176120467484e-4,-0.024935122579336166,-0.009798884391784668,0.003914171364158392,AM7214
0.2916954755783081,0.09323975443840027,0.2187258005142212,-0.14069896936416626,-0.07176367193460464,-0.0029719346202909946,0.1135081946849823,0.019506197422742844,0.15973787009716034,0.19200734794139862,0.028522701933979988,0.15305492281913757,-0.11260541528463364,0.04151808097958565,0.05260553956031799,-0.145978182554245,-0.0909557193517685,0.002993914997205138,-0.0021944711916148663,-0.08041463047266006,-0.03341153264045715,-0.022401554509997368,0.11839800328016281,0.04872455447912216,AM7215
0.2675164043903351,0.06845694780349731,0.17463015019893646,-0.13391844928264618,-0.18942351639270782,-0.04261646047234535,0.13312995433807373,-0.1310144066810608,-0.024895891547203064,0.08552934229373932,-0.15889355540275574,-0.01206859853118658,-0.09988333284854889,0.11523517221212387,-0.052003417164087296,0.022743679583072662,-0.07932277768850327,-0.1149766594171524,-0.031240563839673996,-0.049256324768066406,0.019739234820008278,0.0364551842212677,-0.0425424799323082,-0.029563095420598984,AM7216
-0.09289530664682388,0.11574900150299072,0.05751378834247589,0.044726427644491196,-0.02235683798789978,0.031177867203950882,0.019391369074583054,0.25746479630470276,-0.07322810590267181,-0.1391952782869339,-0.016596781089901924,0.0649922788143158,-0.12149728834629059,0.006561419926583767,0.08649731427431107,-0.2693272829055786,0.0023698960430920124,-0.0750260055065155,-0.02119182050228119,0.08443304896354675,-0.06061899662017822,-0.1262873113155365,-0.09447114914655685,-0.025122348219156265,AM7221
0.0369647853076458,0.1612413227558136,-0.059903379529714584,0.22824710607528687,-0.1670796275138855,-0.08290326595306396,-0.22535216808319092,-0.011368435807526112,0.2676604688167572,-0.07471069693565369,-0.035539593547582626,-0.09849372506141663,-0.010053355246782303,-0.008313994854688644,0.3588426411151886,-0.13064028322696686,-0.24093787372112274,-0.18429255485534668,0.21334858238697052,0.0606810599565506,0.2021644413471222,-0.0845118910074234,-0.0580817274749279,-0.052977364510297775,AM7223
0.07278279215097427,0.10722654312849045,-0.16753512620925903,0.06702068448066711,-0.08730389922857285,-0.09408079087734222,-0.1780920922756195,-0.13201899826526642,0.31070488691329956,0.08519630879163742,-0.24760591983795166,-0.06945130974054337,0.06527608633041382,0.06390417367219925,0.1730654239654541,0.012492736801505089,0.016303837299346924,-0.23771774768829346,0.03237878903746605,0.20124207437038422,0.29750382900238037,0.07652927935123444,-0.16073255240917206,-0.0737600028514862,AM7224
0.04004962742328644,0.13575829565525055,0.01447904109954834,0.2666735351085663,-0.035752587020397186,-0.08729032427072525,-0.2828267514705658,0.017841165885329247,0.06559011340141296,0.13645239174365997,-0.06693535298109055,0.11064521223306656,-0.20321127772331238,-0.14975638687610626,0.34283316135406494,0.0312933474779129,0.13306401669979095,-0.12132329493761063,-0.02833125926554203,0.03703692555427551,0.12474531680345535,0.05175888538360596,-0.0695887953042984,0.027368802577257156,AM7226
-0.02297908440232277,0.13230857253074646,-0.020296763628721237,0.20992815494537354,-0.01721012219786644,-0.10531876981258392,0.1872924417257309,0.2695419490337372,0.04371828958392143,0.04029293730854988,0.27259376645088196,-0.04266773536801338,0.10773523151874542,0.24464471638202667,-0.26803767681121826,-0.27779942750930786,-0.3265146017074585,-0.28246164321899414,-0.10328678786754608,0.026908855885267258,0.07393442094326019,0.05944942310452461,-0.03002554178237915,0.10530734807252884,AM7228
0.02014581859111786,0.08925484120845795,-0.12942983210086823,-0.005278878379613161,0.07789527624845505,-0.09344881027936935,0.3482581675052643,0.20560850203037262,0.09422939270734787,0.07502325624227524,-0.04294070973992348,-0.025556126609444618,0.026954175904393196,-0.1261051893234253,0.07866331189870834,-0.0011839508078992367,0.11153443902730942,0.014607343822717667,0.026712484657764435,0.1030861884355545,-0.047445815056562424,-0.0574401430785656,0.028227809816598892,0.006693652831017971,AM7229
0.005293303169310093,0.1385299563407898,-0.0071671465411782265,0.198093980550766,0.024967892095446587,-0.17012442648410797,0.2575003504753113,0.28201398253440857,-0.12304164469242096,0.13121269643306732,0.158701553940773,-0.005247145425528288,-0.09929539263248444,-0.030706418678164482,-0.15956591069698334,-0.0841507762670517,0.012089883908629417,-0.040076106786727905,-0.21339359879493713,-0.03933882340788841,0.04220793396234512,-0.07962552458047867,-0.0523199699819088,-0.09350807964801788,AM7230
0.03499987721443176,0.1554797887802124,0.043077558279037476,0.1800069361925125,0.06296155601739883,-0.24403509497642517,0.08820144087076187,-0.01952025294303894,-0.20616847276687622,-0.10824078321456909,0.11677982658147812,0.2561338245868683,0.04147448018193245,0.16510486602783203,-0.14597012102603912,0.0636291429400444,-0.0648810938000679,0.13223938643932343,0.0046812379732728004,-0.16179081797599792,0.041560590267181396,0.08988510817289352,-0.018098769709467888,-0.01742248237133026,AM7236
0.06740026921033859,0.11935026943683624,-0.21668188273906708,0.02015611156821251,0.08065862953662872,-0.34247180819511414,0.35432836413383484,0.16600948572158813,0.039255138486623764,-0.04049704223871231,-0.28242719173431396,-9.52062604483217e-4,-0.07176421582698822,0.1682490110397339,-0.17404325306415558,-0.12828849256038666,0.171979159116745,-0.19637419283390045,0.45745861530303955,0.11529358476400375,-0.29265138506889343,0.04331691190600395,0.3007829487323761,-0.28921639919281006,AM7237
0.09104954451322556,0.0241318941116333,-0.14266932010650635,0.05383041128516197,0.058071766048669815,-0.04060639441013336,-0.19992689788341522,-0.12431204319000244,0.029998766258358955,0.05293218418955803,0.1299082487821579,0.08405832201242447,0.06209553778171539,-0.11555066704750061,-0.01611662283539772,0.01730075478553772,-0.009807858616113663,-0.036594197154045105,-0.023624304682016373,-0.014207607135176659,-0.10328005254268646,0.03260926902294159,0.011337731033563614,8.987874025478959e-4,AM7241
0.06514934450387955,0.004746599122881889,-0.17759647965431213,-0.03925584629178047,0.05714466795325279,-0.11251802742481232,-0.03327871114015579,-0.07193969935178757,-0.1177673414349556,0.09307355433702469,-0.0016188736772164702,-0.04549957066774368,0.010421073995530605,-0.17855705320835114,-0.1320461630821228,-0.13689929246902466,-0.07112813740968704,-0.040388818830251694,-0.05350682511925697,-0.020203040912747383,-0.10372092574834824,0.0780549943447113,-0.09932144731283188,0.011238484643399715,AM7242
0.05426738038659096,-0.10839249938726425,0.11688228696584702,-0.13387998938560486,-0.06545660644769669,-0.19597694277763367,-0.13195666670799255,0.2065388709306717,0.1795630156993866,-0.1569964736700058,-0.15158897638320923,-0.05460914969444275,0.008441656827926636,-0.24100419878959656,-0.011440054513514042,0.12732261419296265,-0.06295143812894821,0.0411812849342823,-0.1707671880722046,-0.06675951927900314,-0.14746665954589844,0.013151703402400017,0.005523272790014744,-0.024960095062851906,AM7243
0.10490527749061584,-0.07128508388996124,-0.02388766221702099,0.018348636105656624,0.07238513976335526,-0.17264491319656372,-0.07550591975450516,0.13175661861896515,-0.1626313030719757,-0.03014741837978363,0.1726340502500534,-0.20687958598136902,0.016398435458540916,0.15737298130989075,0.15417107939720154,0.09854481369256973,0.07247258722782135,0.06507627665996552,0.0034506795927882195,0.09776563942432404,0.020737968385219574,-0.03241604566574097,-0.02748950384557247,0.05230560153722763,AM7255
0.05104745179414749,-0.026278283447027206,-0.004474211484193802,-0.21986642479896545,0.06340010464191437,-0.20649108290672302,-0.184851735830307,0.23476718366146088,0.008298004977405071,0.06047707796096802,0.19202685356140137,-0.11867640167474747,-0.04358047991991043,0.022765252739191055,0.15731361508369446,-0.020292025059461594,0.007787006441503763,0.12312573939561844,0.03362421318888664,0.013221904635429382,0.030449727550148964,-0.02836061641573906,0.04422956332564354,-0.0029056589119136333,AM7256
-0.05354560166597366,0.09344357997179031,-0.08101139962673187,-0.2456221580505371,0.004590189084410667,0.08211919665336609,0.07263623178005219,0.1229100376367569,0.264965295791626,-0.1773829460144043,-0.02691595070064068,0.1117713451385498,0.07731021195650101,-0.039818502962589264,-0.06935704499483109,-0.09491149336099625,-0.00453516561537981,0.2165445238351822,-0.17384158074855804,-0.026281172409653664,0.042994167655706406,-0.04372585192322731,0.09243136644363403,-0.012359476648271084,AM7260
0.01979765109717846,0.11013380438089371,-0.086070716381073,0.05886917933821678,-0.11869730800390244,-0.05189548805356026,0.16421405971050262,0.0871533527970314,0.052414003759622574,-0.07133252173662186,0.20902405679225922,0.017242735251784325,-0.101817287504673,0.21054911613464355,0.1526501327753067,0.08144766092300415,0.06761611253023148,0.2856055498123169,0.1469413787126541,0.005143386777490377,0.04202325642108917,-0.11430902779102325,-0.026644108816981316,-0.007816747762262821,AM7261
0.013986444100737572,0.044187650084495544,0.045900605618953705,0.12136734277009964,0.15772755444049835,-0.13759271800518036,0.19827494025230408,-0.4464024305343628,0.08061400800943375,-0.32832804322242737,0.2580687403678894,-0.14819978177547455,-0.4183943271636963,-0.020975371822714806,-0.10121957957744598,0.0785646066069603,-0.18552298843860626,0.36425480246543884,0.04287039861083031,0.18033255636692047,0.107091523706913,-0.0843668133020401,0.03858502581715584,-0.030048757791519165,AM7266
0.08534393459558487,0.02019759826362133,-0.12805548310279846,0.13456986844539642,0.1148853525519371,0.14778108894824982,-0.06757363677024841,-0.026894662529230118,0.1815590113401413,-0.015489798039197922,0.18650971353054047,0.30113714933395386,0.01199531089514494,0.2719154357910156,-0.1467045396566391,0.3280593156814575,0.09131991863250732,-0.03730880469083786,-0.02738473378121853,0.06784585863351822,-0.10948361456394196,0.0015315935015678406,0.025144008919596672,-0.05793044716119766,AM7269
-0.0072538964450359344,0.09269540756940842,0.09323114156723022,-0.03484131768345833,0.2135278880596161,-0.12179180979728699,0.08816786110401154,-0.35287538170814514,0.13936355710029602,-0.4424748122692108,0.05261906608939171,-0.12671706080436707,-0.3917081654071808,-0.24450723826885223,-0.16429878771305084,-0.050477124750614166,-0.04568977281451225,0.2548937499523163,0.06832385063171387,0.1661495864391327,-0.03846236690878868,-0.21064506471157074,0.11156268417835236,-0.0316915288567543,AM7270
0.01651253178715706,0.14521989226341248,0.006994629744440317,0.15984153747558594,0.12764859199523926,0.18274812400341034,-0.1788187175989151,0.14089328050613403,0.2529224157333374,-0.013512380421161652,0.05566287413239479,-0.052295830100774765,-0.035940177738666534,-0.0798335000872612,0.1504276543855667,0.05594010278582573,0.10785885900259018,0.16459518671035767,-0.007744631264358759,-0.219264954328537,-0.23751983046531677,-0.055863335728645325,-0.07811789214611053,-0.1241896003484726,AM7272
-0.03020280972123146,0.13475704193115234,0.09455791115760803,0.1692291796207428,0.28333672881126404,0.00723265903070569,-0.0957942008972168,-0.3475914001464844,0.11351081728935242,-0.04588685184717178,-0.4546627402305603,-0.19451209902763367,0.3386463522911072,0.23788000643253326,-0.2147422581911087,-0.06051519885659218,0.07815594226121902,0.012057136744260788,-0.05406082794070244,-0.5573008060455322,-0.10464710742235184,-0.22572268545627594,0.12410593032836914,0.05485300347208977,AM7273
-0.00932884681969881,-0.08271481096744537,-0.10818366706371307,-0.08907102793455124,0.0893419086933136,-0.0507771372795105,0.09879110753536224,0.08238309621810913,-0.07251831144094467,0.1798829883337021,0.33188503980636597,0.021446282044053078,0.053364310413599014,-0.1133086308836937,-0.04728102311491966,-0.14359413087368011,-0.12262454628944397,0.03746291995048523,0.011264169588685036,-0.03980382904410362,0.01602013409137726,-0.08256924152374268,0.052510738372802734,-0.015947386622428894,AM7277
-0.08671299368143082,0.049776483327150345,-0.03452199697494507,0.10609114170074463,-0.07039701193571091,0.1559356451034546,0.22434231638908386,0.23871544003486633,0.23552557826042175,-0.03735540434718132,0.36911696195602417,-0.18883949518203735,0.248905211687088,0.10311901569366455,0.07764549553394318,-0.0765155628323555,-0.12404623627662659,-0.07940784841775894,-0.023171856999397278,-0.06266892701387405,-0.044253699481487274,0.09002198278903961,0.2404107004404068,0.12557023763656616,AM7278
-0.11552395671606064,0.05198964476585388,0.18019549548625946,-0.07301916182041168,0.11938793957233429,-0.21128079295158386,0.17622558772563934,0.06465460360050201,-0.028771542012691498,0.2191704511642456,0.1729636788368225,0.2776554822921753,0.43182095885276794,-0.06955570727586746,-0.08095315098762512,0.0948328748345375,-0.05362273007631302,0.30612486600875854,0.079654693603515625,-0.21018894016742706,0.25915417075157166,0.06821262836456299,-0.1983468234539032,-0.09752725809812546,AM7280
-0.15691643953323364,-0.00838402844965458,0.19600790739059448,-0.17253319919109344,0.22548705339431763,-0.037720344960689545,0.1284104883670807,-0.19491071999073029,-0.056213878095149994,0.006822132505476475,-0.02792789228260517,0.17959116399288177,-0.025009794160723686,0.3148450553417206,0.5208909511566162,-0.20481662452220917,-0.018516311421990395,-0.3772304952144623,-0.16412663459777832,0.0011021395912393928,0.07104679197072983,-0.1579674631357193,-0.023602008819580078,-0.18707768619060516,AM7283
-0.18523144721984863,0.0031688124872744083,0.16824951767921448,-0.024152567610144615,0.15260712802410126,-0.038679853081703186,0.10752848535776138,-0.07179200649261475,-0.15756992995738983,0.15836302936077118,-0.12603890895843506,0.2304026335477829,0.13593950867652893,0.17761844396591187,0.31095775961875916,0.017601465806365013,0.1252204030752182,-0.004420817364007235,0.027193596586585045,-0.04566263034939766,0.15140873193740845,-0.04140118882060051,0.15401969850063324,0.018688641488552094,AM7284
-0.14523005485534668,-0.047518081963062286,0.12252490222454071,-0.02694796770811081,0.1707441508769989,-0.09125994145870209,0.2703225612640381,-0.3978762626647949,0.03590982407331467,-0.06907767057418823,-0.06266576796770096,-0.1799926608800888,0.12753498554229736,-0.11333172768354416,0.14798718690872192,-0.08304595202207565,0.038427356630563736,-0.25398972630500793,0.10587054491043091,0.18636249005794525,-0.1844787299633026,0.21418116986751556,0.06522553414106369,0.168653666973114,AM7285
0.031960733234882355,0.00555066391825676,-0.04611955210566521,-0.24370814859867096,0.1586225926876068,-0.09729962050914764,-0.11696390807628632,0.1308257132768631,0.0348920039832592,0.11145452409982681,0.18784494698047638,-0.06130654737353325,-0.09276434034109116,-0.13479389250278473,0.14389514923095703,-0.2090059071779251,-0.09124549478292465,0.0856613963842392,-0.045394957065582275,-0.10198753327131271,0.016793234273791313,-0.023701179772615433,0.12373969703912735,-0.0802200585603714,AM7294
-0.0788191556930542,-0.018917754292488098,0.10842739790678024,0.052744366228580475,0.19066953659057617,-0.11815250664949417,0.16752935945987701,-0.38709038496017456,0.13257353007793427,0.0010150650050491095,0.2703513503074646,-0.26041263341903687,-0.26891517639160156,-0.03627356141805649,0.052991196513175964,0.06327304989099503,-0.11377327144145966,-0.01663901098072529,-0.5034378170967102,-0.020225390791893005,-0.048560235649347305,0.44375601410865784,-0.15736593306064606,-0.11009840667247772,AM7295
-0.16054022312164307,-0.08396998792886734,0.17479392886161804,-0.17302151024341583,0.09840083867311478,0.026080075651407242,-0.14029371738433838,0.04051477089524269,0.3980242908000946,-0.04359337314963341,0.3188716173171997,-0.14572465419769287,-0.44103971123695374,-0.1964210420846939,-0.5683916807174683,0.1690995991230011,0.32652297616004944,-0.49398842453956604,0.4120875597000122,-0.2730807960033417,0.3493463397026062,-0.0952458307147026,-0.06309546530246735,0.11599952727556229,AM7302
-0.10259830951690674,0.023743605241179466,0.054032646119594574,0.24704840779304504,-0.0329040102660656,-0.013608040288090706,0.08899672329425812,0.14313402771949768,-0.2968140244483948,0.055877525359392166,0.273037314414978,0.10808028280735016,0.009689915925264359,-0.1491076499223709,-0.06919004023075104,0.06986673176288605,0.18026193976402283,-0.06277275830507278,-0.18655557930469513,0.05788834020495415,0.026435501873493195,-0.1302986890077591,0.10322412848472595,0.005220966879278421,AM7303
-0.08983961492776871,-0.05847686156630516,-0.11138172447681427,0.017858237028121948,-0.054305240511894226,0.05857662856578827,0.24105408787727356,0.11715977638959885,0.035224754363298416,0.27172502875328064,0.12499839812517166,-0.03641479089856148,-0.02060076966881752,0.055270567536354065,-0.11656889319419861,0.3033464848995209,0.2971053421497345,-0.040644410997629166,-0.13233256340026855,0.08216290175914764,-0.04820125550031662,0.04673823341727257,0.032463543117046356,-0.004699302837252617,AM7304
-0.11113417148590088,0.1417623907327652,0.15916986763477325,-0.10632181167602539,0.10194438695907593,-0.10834962874650955,-0.0891718864440918,0.208735391497612,-0.17697562277317047,0.047487471252679825,-0.1339038461446762,0.25655868649482727,-0.09051677584648132,0.1744154393672943,-0.12895306944847107,0.10075818002223969,0.032465118914842606,0.1815081536769867,0.23453733325004578,0.19172979891300201,0.007173226680606604,0.07458329200744629,-0.10822891443967819,0.06505152583122253,AM7312
-0.16569702327251434,-0.028130818158388138,0.2265671342611313,-0.13823530077934265,0.2099614143371582,-0.0331452414393425,0.002160952892154455,-0.09169871360063553,0.13381506502628326,0.11438033729791641,0.1697634905576706,0.10276007652282715,0.16714303195476532,0.14025811851024628,0.22238898277282715,0.1647511124610901,-0.04635278880596161,-0.3123970925807953,0.2253386378288269,0.22255265712738037,-0.341565877199173,-0.15588098764419556,-0.21106211841106415,0.11080019921064377,AM7313
-0.13052545487880707,-0.019095351919531822,0.10393750667572021,0.145448237657547,-0.0602555051445961,-0.2624923884868622,0.046520426869392395,-0.24070775508880615,0.027323435992002487,0.34787455201148987,-0.082318015396595,-0.1407695859670639,0.31269508600234985,-0.1667083501815796,0.013171954080462456,0.16450026631355286,-0.03886137902736664,0.20420928299427032,0.1224534809589386,0.013461438938975334,-0.099769696593284607,-0.0735410749912262,-0.0035790586844086647,0.006178688257932663,AM7318
-0.028329603374004364,-0.07796989381313324,-0.1508072465658188,-0.05433649942278862,-0.07211310416460037,-0.15832409262657166,-0.21404145658016205,-0.019149821251630783,0.0731353908777237,0.30832982063293457,0.07657027244567871,-0.1091684028506279,-0.11353577673435211,0.2686064541339874,-0.12922585010528564,0.048291005194187164,0.06156843900680542,-0.10966432839632034,0.11373816430568695,0.06466113030910492,-0.17774052917957306,0.04265531152486801,0.20046694576740265,-0.19021859765052795,AM7319
-0.1294378638267517,0.1432616263628006,0.07604360580444336,-0.0374358631670475,-0.00604952173307538,-0.02868250198662281,-0.16015909612178802,0.21184924244880676,-0.1455928534269333,0.07308346778154373,-0.305929571390152,-0.06543640792369843,-0.29830700159072876,0.011997077614068985,-0.1778925061225891,-0.11875270307064056,-0.1593247652053833,0.16061323881149292,0.07648888975381851,0.24847447872161865,-0.22426404058933258,-0.10592720657587051,-0.37354016304016113,0.1058572456240654,AM7320
-0.14622384309768677,0.03849107399582863,0.17863638699054718,0.03578878566622734,-0.005838362500071526,-0.07620652765035629,-0.25101590156555176,-0.029839463531970978,0.03347642719745636,0.21486420929431915,-0.049838338047266006,0.08456464111804962,0.22675085067749023,0.0010871649719774723,-0.10023941844701767,0.1825229376554489,-0.0474994070827961,0.28153324127197266,-0.020968865603208542,-0.04414018988609314,0.11175353825092316,0.19849921762943268,0.04295648634433746,-0.15628759562969208,AM7321
-0.1020580381155014,0.0998900830745697,-0.08723714202642441,-0.08155118674039841,-0.14632289111614227,0.08012198656797409,0.21017205715179443,0.02707614377140999,0.017423391342163086,-0.2407667189836502,-0.23413841426372528,-0.13248057663440704,-0.026567745953798294,0.08847993612289429,0.15431934595108032,0.024881374090909958,-0.10178212076425552,0.015480351634323597,0.09803406894207001,-0.23544545471668243,0.1017417311668396,0.23883642256259918,-0.11017332971096039,-0.02446945197880268,AM7323
-0.04772550240159035,-0.00666661374270916,-0.14095471799373627,-0.12062088400125504,-0.15995854139328003,-0.08655572682619095,0.020305631682276726,-0.14109452068805695,0.08838631957769394,0.07950734347105026,-0.13192914426326752,0.11628159135580063,0.095213383436203,0.016859613358974457,-0.10579971969127655,0.1766204982995987,0.03787645697593689,-0.12811900675296783,-0.11866752803325653,-0.03117172233760357,0.02691136859357357,0.050611406564712524,-0.010792991146445274,0.044799745082855225,AM7325
-0.1538550704717636,0.09757687151432037,0.1400146484375,-0.04641712084412575,0.08101538568735123,0.017660371959209442,-0.19115673005580902,0.16601280868053436,-0.08330576121807098,0.08243035525083542,-0.25373509526252747,0.11385130137205124,-0.09374973922967911,0.1047382578253746,-0.04084661602973938,0.0017393254674971104,0.011197004467248917,0.1597120612859726,0.026369335129857063,0.17382964491844177,0.14470495283603668,0.06202519312500954,0.13731145858764648,0.07538200169801712,AM7327
0.016081923618912697,-0.11455898731946945,-0.1731220781803131,0.038677237927913666,-0.08721525222063065,-0.07702108472585678,-0.08333679288625717,-0.17329391837120056,-0.31072214245796204,0.1833896040916443,0.09238329529762268,-0.053750745952129364,-0.22051705420017242,0.026677975431084633,0.17377334833145142,0.14712314307689667,-0.16047082841396332,0.016748346388339996,0.14310790598392487,-0.1548817753791809,0.06082195043563843,-0.06826223433017731,0.08363346755504608,0.075927734375,AM7328
0.004247014410793781,-0.05021561682224274,-0.2128729671239853,0.006494124419987202,-0.05174697935581207,0.029686203226447105,-0.038814906030893326,-0.23285852372646332,-0.18562358617782593,0.06977792829275131,0.0077148061245679855,0.2581668794155121,-0.24074393510818481,0.09851250052452087,0.08613042533397675,0.2381746619939804,-0.1591678261756897,-0.0010988663416355848,2.0024871628265828e-4,-0.10988996922969818,-0.050299420952796936,-0.0010073663434013724,-0.0027214991860091686,0.053567834198474884,AM7329
-0.12717211246490479,0.1177377849817276,-0.002912548603489995,0.09933729469776154,-0.10181187838315964,-0.05950396507978439,-0.022053005173802376,0.10097997635602951,-0.2451244741678238,0.1576618254184723,-0.3428422212600708,-0.20266395807266235,-0.34148943424224854,0.07377105206251144,-0.19043758511543274,-0.03347943350672722,0.01637212373316288,-0.05338753014802933,-0.21452543139457703,-0.08192188292741776,0.034099407494068146,0.015312536619603634,0.1428537368774414,0.10072492063045502,AM7332
-0.150346040725708,0.06989070028066635,0.08484187722206116,0.02493942156434059,-0.1779794842004776,0.010611455887556076,-0.3338363766670227,0.12412793934345245,0.0047116526402533054,0.10566030442714691,0.06712685525417328,-0.01948017068207264,-0.3138275444507599,0.043651748448610306,0.0111996466293931,0.1124340370297432,-0.14023885130882263,-0.02124202623963356,0.012521974742412567,-0.026794910430908203,-0.19725435972213745,0.09091076999902725,0.03824395313858986,-0.05415711924433708,AM7333
-0.06512639671564102,-0.019482772797346115,-0.1628044694662094,-0.0986330658197403,-0.08910749107599258,0.04864215478301048,0.04327350854873657,-0.14873433113098145,0.009922617115080357,0.14038094878196716,-0.059349123388528824,0.13682185113430023,-0.22633090615272522,0.27889004349708557,-0.0019870561081916094,0.1834869533777237,-0.08961424231529236,0.11960591375827789,-0.14439141750335693,-0.023939713835716248,0.029333382844924927,-0.13546498119831085,0.12059172987937927,0.05500892922282219,AM7334
-0.08448057621717453,0.0376739427447319,-0.10480015724897385,-0.1007896363735199,-0.06014745682477951,0.12587304413318634,0.09469398856163025,0.012577385641634464,0.16161687672138214,-0.004847679287195206,4.0053081465885043e-4,0.0015301723033189774,-0.0036597882863134146,-0.04136984050273895,0.07649296522140503,0.11842584609985352,0.10166569799184799,0.15464027225971222,-0.19415506720542908,0.03123108111321926,0.09669940173625946,-0.04309523105621338,0.06815557181835175,-7.983469986356795e-4,AM7336
-0.12130159139633179,0.029772447422146797,-0.022576773539185524,-0.03022560104727745,-0.07419958710670471,0.25142109394073486,0.02751133032143116,0.17810514569282532,0.22617167234420776,-0.058307867497205734,0.07857684046030045,-0.19538314640522003,0.06341291218996048,2.553894300945103e-4,0.13373976945877075,-0.08776191622018814,-0.12585322558879852,0.06274111568927765,-0.012054729275405407,-0.02997678518295288,-0.034494027495384216,0.08758030831813812,0.02136302925646305,0.002081932034343481,AM7337
-0.0938548594713211,0.09428268671035767,0.0019761587027460337,0.12275596708059311,-0.22365419566631317,-0.1054377406835556,0.02638276480138302,0.10855378210544586,0.030936582013964653,0.06915868073701859,0.06680641323328018,-0.16866086423397064,-0.10741859674453735,-0.28988343477249146,0.24128733575344086,-0.016157271340489388,0.05672833323478699,-0.12792731821537018,-0.1303028017282486,-0.17375946044921875,-0.05537791922688484,-0.059667766094207764,0.0299802478402853,-0.0026482590474188328,AM7343
-0.05428706109523773,2.636296267155558e-4,-0.1268218457698822,-0.18431857228279114,-0.09448673576116562,-0.04132550582289696,0.01811026595532894,-0.05296661704778671,0.1149381473660469,0.05110439285635948,-0.024986039847135544,0.1542121320962906,0.059419672936201096,-0.11360654979944229,-0.029893934726715088,0.025788191705942154,0.07177846133708954,0.0037850041408091784,-0.21402154862880707,0.058543842285871506,-0.002513160230591893,-0.04666709899902344,-0.06463788449764252,0.05825180187821388,AM7344
0.07668546587228775,0.034924764186143875,-0.18818256258964539,-0.13944436609745026,-0.05267896503210068,-0.22336265444755554,0.1238148957490921,-0.08034523576498032,-0.21745121479034424,0.04246567562222481,-0.08677160739898682,0.17794635891914368,-0.27420973777770996,-0.12735529243946075,0.2752428948879242,0.0981539934873581,0.17928509414196014,0.004529143217951059,0.12276682257652283,-0.19851580262184143,0.009221678599715233,0.07488559186458588,-0.1083497554063797,0.11511142551898956,AM7345
-0.05366342142224312,0.054435163736343384,-0.10390761494636536,0.004074329975992441,-0.18858341872692108,-0.007552274502813816,0.21530945599079132,0.028338484466075897,0.0035392765421420336,-0.06674636900424957,-0.020300794392824173,-0.1288575530052185,-0.04385927692055702,0.042177148163318634,0.22937417030334473,0.01676257513463497,0.03633784130215645,0.016459694132208824,0.09089323878288269,-0.13995186984539032,0.12023916840553284,0.14388445019721985,-0.03685448691248894,0.10822101682424545,AM7346
-0.06732203811407089,-0.0067582023330032825,-0.12516960501670837,-0.221962571144104,-0.010000730864703655,0.05741112306714058,-0.05466676503419876,-0.016683435067534447,0.09558873623609543,-0.002910686656832695,-0.013909896835684776,0.2353869080543518,-0.028004616498947144,0.016433820128440857,-0.0445743091404438,-0.02154216170310974,-0.156072199344635,-0.052138667553663254,-0.14383284747600555,0.010276193730533123,0.027888938784599304,-0.03186827898025513,0.0036384689155966043,0.016857651993632317,AM7353
-0.09126459062099457,-0.048932045698165894,-0.11204513907432556,-0.16680574417114258,-0.10587853938341141,0.07131295651197433,-0.1004650816321373,-0.08089406788349152,0.11581972241401672,-0.11177322268486023,-0.010320568457245827,0.244317889213562,0.07768483459949493,0.045952208340168,-0.13914304971694946,-0.10864318907260895,-0.30805689096450806,-0.07490697503089905,-0.05340683460235596,0.15351928770542145,0.06552363932132721,-0.13615481555461884,0.1011582612991333,-0.03506723418831825,AM7354
0.055584944784641266,-0.05189308151602745,-0.14138178527355194,0.14313966035842896,0.2848464548587799,0.29379725456237793,-0.008582890033721924,0.04968857020139694,-0.023193640634417534,-0.04299544543027878,0.11438005417585373,0.2981460392475128,0.09665950387716293,0.08501370996236801,-0.15527024865150452,0.048779625445604324,-0.3634226620197296,-0.10243643075227737,0.18971851468086243,0.07866064459085464,0.0305312592536211,0.034566085785627365,-0.02565004490315914,0.03466666862368584,AM7356
0.05304679274559021,-0.019509201869368553,-0.10779070854187012,0.18980872631072998,0.5374799966812134,0.4646018147468567,0.15589900314807892,0.22320760786533356,0.004094645846635103,0.260978102684021,-0.3891524076461792,-0.015873700380325317,-0.0831141471862793,-0.6843876838684082,0.1483929306268692,0.28229501843452454,-0.17308510839939117,-0.08932472765445709,0.10578238219022751,0.04229261726140976,0.11430519074201584,0.04282220080494881,0.06407176703214645,-0.09612303972244263,AM7359
-0.10209863632917404,-0.054205503314733505,-0.1582338958978653,-0.0030787386931478977,-0.08339239656925201,0.0830649584531784,0.16567711532115936,-0.07865762710571289,0.07363318651914597,0.24010524153709412,-0.38399386405944824,-0.27515310049057007,0.07555416226387024,0.05641695111989975,-0.24264222383499146,0.07735230028629303,0.013032143004238605,0.07544609159231186,-0.05712157487869263,0.12729601562023163,-0.010856942273676395,-0.17592696845531464,-0.061633870005607605,0.07125922292470932,AM7361
-0.08600427955389023,-0.14773602783679962,-0.11462635546922684,-0.06792719662189484,0.0557558573782444,0.10922516137361526,-0.06823907792568207,-0.0629662275314331,-0.10600478202104568,0.16742686927318573,-0.06254859268665314,-0.16443440318107605,0.06029631942510605,3.19318292895332e-4,-0.16788123548030853,-0.2399362176656723,-0.4993993937969208,0.042246535420417786,0.054075226187705994,-0.09327738732099533,0.032062917947769165,-0.05168216675519943,-0.10261911898851395,0.0041975234635174274,AM7362
0.018209688365459442,-0.17314709722995758,0.036926425993442535,-0.07868707180023193,-0.008038187399506569,-0.0768166035413742,0.184324711561203,0.22935357689857483,-0.13480985164642334,-0.3417889177799225,-0.17309564352035522,0.06250034272670746,-0.02931831404566765,-0.017447911202907562,0.05123697966337204,0.17977333068847656,-0.2702917754650116,-0.05675366148352623,-0.030889475718140602,-0.08423366397619247,0.12441863119602203,0.017840251326560974,0.05923827737569809,0.015473569743335247,AM7365
0.0274460781365633,-0.05077485740184784,-0.17472894489765167,-0.007937437854707241,-0.03663090988993645,-0.04190131276845932,-0.09832575917243958,-0.12217655777931213,-0.07772143930196762,-0.0247377660125494,0.05854298919439316,0.05470811948180199,0.11982576549053192,-0.05151937156915665,-0.26260125637054443,-0.11900080740451813,-0.09828116744756699,-0.04930560290813446,-0.002987127285450697,-0.10506051778793335,-0.1033301129937172,0.10579405725002289,-0.16303138434886932,-0.044091928750276566,AM7372
-0.02240077219903469,-0.2397594153881073,0.0771472156047821,0.1278029829263687,-0.12584233283996582,0.029743848368525505,0.04505481570959091,-0.029454786330461502,0.11130660027265549,0.01753385178744793,-0.1631639301776886,0.012883256189525127,0.02219676598906517,0.006887609604746103,-0.1309782862663269,-0.2634655237197876,0.19190017879009247,0.09932083636522293,0.012477708980441093,0.05743042752146721,-0.04698551446199417,0.03374810516834259,-0.03213398903608322,-0.03733167052268982,AM7373
0.048652857542037964,-0.213468536734581,0.10374297946691513,0.24166372418403625,-0.13098487257957458,-0.010729895904660225,-0.0967283695936203,-0.04426911473274231,0.2805871367454529,0.15983648598194122,-0.01422931533306837,0.04380948469042778,0.01930675283074379,-0.044015709310770035,-0.008748671971261501,-0.15662214159965515,0.17428840696811676,0.09699440747499466,0.019537821412086487,0.04139137268066406,-0.053205374628305435,-0.031565792858600616,0.044673237949609756,0.017729967832565308,AM7380
0.020115850493311882,-0.08606802672147751,-0.07319916039705276,0.011538326740264893,0.09731407463550568,-0.05675816535949707,-0.08415383845567703,0.01476604025810957,-0.0707177221775055,0.2930234372615814,-0.038331687450408936,-0.3291793763637543,0.05248503014445305,-0.2143794149160385,0.03011971153318882,-0.13903367519378662,0.05888001620769501,0.08504307270050049,-0.010274497792124748,0.03604653477668762,0.005380894057452679,-0.0609656497836113,-0.020721882581710815,0.05038880184292793,AM7382
0.043026357889175415,-0.20560233294963837,0.03423028066754341,0.14873352646827698,-0.005070665385574102,-0.010747425258159637,0.05384919419884682,0.07669728994369507,-0.054429586976766586,-0.07826901227235794,-0.06943441927433014,-0.15525658428668976,0.03967787325382233,0.04129901900887489,0.011463217437267303,0.20730192959308624,0.15143434703350067,-0.08100789785385132,-0.11186513304710388,0.025088855996727943,-0.003914710134267807,-0.005596236791461706,-0.06086002662777901,-0.04337122663855553,AM7383
0.020689815282821655,-0.21771198511123657,0.06811101734638214,0.14457300305366516,-0.06976820528507233,0.11827175319194794,0.024096021428704262,-0.059022460132837296,0.03826405107975006,-0.04085332900285721,-0.012782376259565353,0.22487463057041168,-0.11281456053256989,0.013916139490902424,0.05982760339975357,-0.26784613728523254,0.29204803705215454,0.13490940630435944,0.034462809562683105,0.016393234953284264,0.007620940916240215,0.07412175834178925,-0.05561970919370651,-0.0035493059549480677,AM7384
0.006788397673517466,-0.1903393566608429,0.08499312400817871,-0.07064761221408844,-0.0795501172542572,-0.06962620466947556,0.028800131753087044,0.13022185862064362,-0.045078594237565994,-0.32532742619514465,-0.13937315344810486,-0.065830133855342865,0.15009301900863647,-0.16421952843666077,-0.03544424846768379,0.08901190012693405,-0.009592710062861443,-0.06140042841434479,-0.15586449205875397,-0.07876737415790558,0.03263876587152481,0.024586373940110207,-0.019329968839883804,-0.0150490403175354,AM7385
-0.020338397473096848,-0.11261023581027985,-0.08794894814491272,-0.058195292949676514,0.08866000175476074,0.005456024780869484,0.017282184213399887,0.018408313393592834,-0.1714436560869217,0.13920053839683533,0.06636553257703781,-0.18181943893432617,0.05788590386509895,-0.14405888319015503,-0.037941090762615204,-0.2489251345396042,0.010528414510190487,0.03899079188704491,-0.06715600937604904,-0.007007097825407982,0.052653055638074875,0.013283709064126015,0.009277314879000187,-0.0069838762283325195,AM7386
0.06209474056959152,-0.21969760954380035,0.021037941798567772,0.19590607285499573,-0.049842700362205505,-0.07962516695261002,-0.010925407521426678,0.04183586686849594,-0.06555353105068207,-0.16968387365341187,0.08633261173963547,0.020109748467803,0.17562858760356903,-0.03473176434636116,-0.0026845508255064487,0.251311719417572,0.04700922593474388,-0.045487429946660995,0.048247478902339935,-0.005427404306828976,-0.06261865794658661,-6.380556897056522e-6,-0.15140195190906525,0.028609052300453186,AM7387
-0.03728318586945534,-0.31404760479927063,0.053102005273103714,0.21247020363807678,-0.09385272115468979,0.22456298768520355,0.07621919363737106,-0.08656797558069229,-0.033740244805812836,0.022093724459409714,-0.07354351878166199,0.21086661517620087,-0.25618991255760193,0.11239646375179291,0.05183224380016327,-0.27690789103507996,0.18159864842891693,0.17106108367443085,0.028668846935033798,-0.03366648405790329,0.027993271127343178,0.016008470207452774,0.029450632631778717,-0.032807108014822006,AM7388
-0.02318160980939865,-0.22895027697086334,0.0867851972579956,0.045748520642519,-0.0911024734377861,0.012641930021345615,0.2388892024755478,0.08100039511919022,0.05685451626777649,0.005828985944390297,-0.029651612043380737,0.2583463490009308,-0.07913603633642197,-0.05308956652879715,0.03292381018400192,-0.24506600201129913,0.10183118283748627,0.09490396082401276,0.07902026921510696,0.0032753976993262768,0.03595435991883278,0.0780402347445488,-0.050618987530469894,-0.015289966948330402,AM7409
0.01047715824097395,-0.1313423216342926,0.060384076088666916,-0.09448470175266266,0.058183878660202026,-0.09921899437904358,-0.034412674605846405,0.2057335078716278,-0.022716082632541656,-0.121141716837883,-0.08302059769630432,-0.1545754075050354,0.09257400780916214,0.0015663726953789592,0.14929898083209991,0.136606827378273,-0.09535472840070724,-0.027023790404200554,0.0035448833368718624,0.027459798380732536,-0.045586004853248596,-0.0712248682975769,0.03210027515888214,0.06121483072638512,AM7416
0.09021332859992981,-0.1744619905948639,0.033837124705314636,0.32671308517456055,-0.14147931337356567,-0.008138035424053669,-0.0284685418009758,-0.14448004961013794,0.21618184447288513,0.015129975974559784,-0.07625690847635269,0.0487658753991127,0.015380671247839928,0.11530923843383789,-0.0021422894205898046,-0.07431298494338989,-0.3365725874900818,-0.0463184230029583,0.08984974026679993,0.10655970871448517,0.06540984660387039,-0.08869093656539917,0.04494227096438408,0.028461452573537827,AM7419
0.04101702198386192,-0.0723356157541275,-0.09737797826528549,-0.05075780302286148,0.059604424983263016,-0.01866496168076992,-0.10847139358520508,-0.13258999586105347,-0.29787805676460266,-0.12684860825538635,-0.045836590230464935,-0.2154126614332199,0.09123676270246506,0.1304021179676056,0.08416543155908585,-0.217169389128685,0.029801050201058388,-0.04976342245936394,0.07523103803396225,-0.0018495540134608746,0.12861502170562744,0.005575881339609623,-0.001900788163766265,0.06381625682115555,AM7420
-0.006525502540171146,-0.20558735728263855,0.10318472981452942,-0.0664183646440506,-0.11698645353317261,-0.007070877123624086,-0.07909135520458221,0.10550883412361145,0.06523550301790237,-0.22694776952266693,-0.10694915801286697,0.10202476382255554,-0.015512282028794289,0.020919663831591606,0.05843912437558174,0.12444907426834106,-0.17150139808654785,-0.09215230494737625,-0.008402921259403229,0.029559625312685966,-0.0044907378032803535,-0.019999152049422264,0.06418069452047348,-0.042113929986953735,AM7426
0.024337347596883774,-0.19689062237739563,0.03328973054885864,0.021107574924826622,-0.10306871682405472,-0.037077080458402634,0.05376506969332695,0.06251758337020874,-0.1288439929485321,-0.3026762008666992,-0.20187793672084808,-0.009341669268906116,0.029355162754654884,0.12124387174844742,-0.1260894238948822,0.25160083174705505,-0.09473131597042084,-0.1432723104953766,0.01591320149600506,0.072334185242652893,0.03612799942493439,-0.003595910733565688,0.01956646703183651,-0.08790161460638046,AM7427
-0.013335616327822208,-0.1520802527666092,0.03720011189579964,-0.07989706844091415,-0.015011047944426537,0.013568381778895855,-0.34937408566474915,0.10102295130491257,-0.005316804628819227,0.047684065997600555,0.1452847272157669,-0.16468346118927002,-0.022278062999248505,0.011807524599134922,0.1029115617275238,0.14990565180778503,0.06997887790203094,0.08914883434772491,0.05326184257864952,0.010644273832440376,-0.03442790359258652,0.027122924104332924,0.004857414402067661,-0.06898847967386246,AM7492
-0.1380593627691269,0.021230891346931458,0.06969069689512253,-0.10834828019142151,-0.1410217136144638,0.529362678527832,0.002105751307681203,-0.025070795789361,-0.1515478789806366,-0.060845375061035156,0.14649486541748047,-0.16940675675868988,-0.09678702056407928,0.21785786747932434,-0.016534410417079926,0.036494918167591095,0.023677906021475792,0.03721968084573746,0.06325003504753113,-0.10072328895330429,-0.16621160507202148,0.12434655427932739,-0.04162300378084183,-0.14528001844882965,AM7493
-0.04487365856766701,0.12592950463294983,0.014198713935911655,-0.0935228243470192,-0.17135384678840637,0.3403284251689911,0.009122894145548344,-0.05227417126297951,-0.023633334785699844,-0.15537987649440765,0.04897644743323326,-0.15406063199043274,0.06637691706418991,0.08700010925531387,0.13386845588684082,0.010684997774660587,0.14680545032024384,0.15484435856342316,0.2166299670934677,-0.00510166771709919,-0.07504291087388992,-0.032596904784440994,0.0685245543718338,-0.016087103635072708,AM7495
-0.03163551911711693,0.18052980303764343,0.16429176926612854,0.01643616147339344,-0.16382938623428345,-0.016966436058282852,-0.3053004741668701,-0.20029990375041962,-0.2422436773777008,-0.17047324776649475,0.0017406776314601302,0.12285623699426651,0.27434638142585754,-0.4225662350654602,-0.12360087037086487,-0.02270786091685295,-0.06395567208528519,-0.12299901992082596,0.0472634881734848,0.08795560896396637,0.008598845452070236,0.1730346381664276,0.4122641682624817,-0.028679121285676956,AM7589
0.012268375605344772,0.14877083897590637,0.030177105218172073,0.16907335817813873,-0.22307631373405457,0.0936172604560852,0.057140424847602844,-0.1656385213136673,-0.34514302015304565,-0.16262027621269226,0.10725963860750198,-0.01659311354160309,0.12931232154369354,-0.18680572509765625,-0.05462220311164856,0.03191525116562843,-0.0017606065375730395,-0.0929507240653038,0.10753362625837326,-0.004670710302889347,-0.04892409220337868,-0.19787123799324036,-0.13827888667583466,-0.03876787796616554,AM7591
0.055217090994119644,-0.024988513439893723,-0.15577086806297302,-0.013800871558487415,0.038128308951854706,0.003715583821758628,-0.09057421237230301,-0.12834537029266357,-0.20830777287483215,-0.05218962952494621,0.1221686601638794,0.21386408805847168,-0.04858686402440071,-0.07679594308137894,0.06516391783952713,-0.004485756158828735,0.1271423101425171,-0.06870583444833755,0.10862401127815247,-0.09038380533456802,-0.08208484202623367,0.04348111152648926,-0.0043080453760921955,0.04359951615333557,AM7628
-0.035476356744766235,0.1475333422422409,0.12017886340618134,0.0505467914044857,-0.1381841003894806,0.1623488962650299,-0.07210486382246017,-0.025827260687947273,-0.3385542631149292,-0.1974935084581375,0.08965954929590225,0.10799623280763626,-0.038380905985832214,-0.2862544059753418,-0.058450017124414444,-0.088345468044281,0.07930724322795868,-0.14454667270183563,-0.1736079901456833,0.0676351934671402,-0.0770423486828804,-0.09581005573272705,0.06942117214202881,-0.08585912734270096,AM7629
0.03616023808717728,0.17009884119033813,-0.028050707653164864,-0.04256303608417511,-0.16583439707756042,0.13830365240573883,0.11814761906862259,-0.05835115909576416,0.006325709167867899,-0.17791077494621277,0.11608632653951645,-0.11665888130664825,0.26459169387817383,-0.15792140364646912,0.09110324829816818,0.17422513663768768,-0.028440244495868683,0.13252320885658264,0.24289165437221527,0.07000453770160675,-0.01450902409851551,-0.017136260867118835,-0.1602027267217636,0.08204934000968933,AM7633
0.05885281413793564,0.08217595517635345,-0.0689488872885704,-0.01650330051779747,-0.13531695306301117,0.10444272309541702,-0.03727024421095848,-0.19796127080917358,0.0874352976679802,0.08403067290782928,0.19368517398834229,0.04184577614068985,0.25959792733192444,-0.07542011141777039,0.026309924200177193,0.209012970328331,0.05747375264763832,0.03871896117925644,-0.06379343569278717,0.1768539994955063,0.06351849436759949,-0.1879345327615738,0.04708919674158096,0.04917939379811287,AM7634
