PEER1,PEER2,PEER3,PEER4,PEER5,PEER6,PEER7,PEER8,PEER9,PEER10,PEER11,PEER12,PEER13,PEER14,PEER15,Donor
-0.011726398020982742,-0.08055655658245087,-0.05704012140631676,-0.03412308916449547,0.06452064216136932,0.07899674773216248,-0.07125194370746613,-0.015023931860923767,-0.06413759291172028,-0.03172408789396286,0.10109934955835342,0.014260377734899521,0.11349135637283325,0.00677530886605382,-0.06724685430526733,AM7180
0.08000214397907257,-0.08014344424009323,0.04703931510448456,-0.019863145425915718,0.0393952913582325,-0.10021771490573883,-0.0167075227946043,0.13185666501522064,-0.012215044349431992,-0.20739616453647614,-0.09448844939470291,-0.022179411724209785,0.050530437380075455,-0.011174177750945091,-0.005033054389059544,AM7181
0.0302345659583807,0.01302247866988182,-0.12388744950294495,-0.08791572600603104,0.020787551999092102,-0.06306912004947662,0.022684788331389427,0.010537968948483467,-0.02925271727144718,-0.07939357310533524,0.05420997366309166,0.15566907823085785,0.11353913694620132,-0.10707593709230423,-0.08406209200620651,AM7182
0.037786759436130524,0.07541055232286453,-0.10082343965768814,-0.03738788887858391,0.07461555302143097,0.018809612840414047,-0.017435690388083458,-0.02127085067331791,0.1048486977815628,-0.07180052995681763,-0.03215694800019264,0.14877262711524963,0.04750668257474899,-0.009408240206539631,0.06890711933374405,AM7188
0.03370380029082298,-0.06565584242343903,-0.028819898143410683,-0.039640627801418304,0.11382796615362167,0.012764920480549335,-0.1217961236834526,0.020972177386283875,-0.10979298502206802,-0.06074639782309532,0.0523279644548893,-0.09920845925807953,0.03389954939484596,0.04814956337213516,0.11655985563993454,AM7189
0.03137774020433426,0.14215192198753357,-0.07801232486963272,-0.012641733512282372,-0.01914200186729431,-0.011067379266023636,-0.06763051450252533,-0.017998917028307915,0.1940041333436966,-0.10108992457389832,-0.1550418734550476,-0.10363645106554031,0.08222809433937073,0.008198550902307034,-0.06415264308452606,AM7196
0.027384132146835327,0.03249673545360565,-0.10125593841075897,-0.11848688125610352,0.05184422433376312,0.03597474843263626,-0.18358781933784485,-0.10125480592250824,0.06885315477848053,-0.11526398360729218,-0.053263209760189056,0.10940855741500854,0.006168350111693144,-0.032612357288599014,0.02687027119100094,AM7197
0.1629709005355835,0.0016971901059150696,0.026630824431777,0.05362782999873161,0.1435403823852539,-0.089301198720932,-0.10298603028059006,0.13870826363563538,0.11538828909397125,-0.032999761402606964,0.07099831104278564,-0.08105362206697464,0.025842182338237762,0.1179567351937294,0.006850149482488632,AM7203
0.0311142411082983,0.14069212973117828,0.03220604732632637,0.1879979372024536,0.11568553000688553,0.04752660542726517,-0.11696222424507141,0.071230947971344,0.006662361789494753,-0.07842308282852173,-0.028644198551774025,0.1200987696647644,-0.01641620136797428,0.17044439911842346,-0.054965101182460785,AM7204
0.08725526928901672,-0.047834329307079315,-0.002073214389383793,0.03805846720933914,0.15952518582344055,-0.004987118300050497,-0.12276875227689743,0.06803573668003082,-0.016026677563786507,-0.11636237800121307,0.04293668642640114,-0.10098043829202652,0.05265992134809494,0.07242635637521744,0.036896295845508575,AM7205
0.18240687251091003,0.042370766401290894,0.0943029373884201,-0.11011963337659836,-0.053766731172800064,0.08374232798814774,-0.004094854928553104,-0.06335768848657608,-0.1766166090965271,0.0865585207939148,0.05943157896399498,-0.23752962052822113,0.08655959367752075,0.13066589832305908,-0.14247052371501923,AM7208
0.20637117326259613,0.07427743822336197,0.0793747529387474,-0.10983148217201233,0.09597542881965637,0.18830008804798126,0.053661495447158813,-0.03762155771255493,-0.20647664368152618,0.10017301887273788,-0.023614728823304176,-0.15047182142734528,0.00913974829018116,0.09276355057954788,-0.00587071105837822,AM7209
0.20860467851161957,0.04431237280368805,0.167903870344162,-0.06492273509502411,0.036382511258125305,0.18689291179180145,0.08156556636095047,0.009625780396163464,0.01447600033134222,0.1527806669473648,-0.0715848058462143,0.04874717444181442,-0.06914384663105011,0.027790190652012825,-0.045716844499111176,AM7211
0.257196843624115,0.059987906366586685,0.17399604618549347,-0.07265300303697586,-0.035318873822689056,0.11284545063972473,0.03506641462445259,-0.03494464233517647,0.061112985014915466,0.10178733617067337,-0.023210858926177025,0.09964828193187714,-0.11545421183109283,-0.01443471945822239,0.029576346278190613,AM7213
0.1502087563276291,-0.017344998195767403,0.19728301465511322,-0.1311017870903015,-0.21988344192504883,-0.05284861847758293,0.11864929646253586,-0.0022596491035073996,0.09824591130018234,0.20992809534072876,0.015644317492842674,0.03092033788561821,0.06775663048028946,-0.12734225392341614,-0.047449350357055664,AM7214
0.26089662313461304,0.07877713441848755,0.18131259083747864,-0.11243856698274612,-0.05592048540711403,-0.0021877700928598642,0.08085116744041443,0.013681440614163876,0.10960344970226288,0.12790073454380035,0.018876712769269943,0.09341045469045639,-0.06746438145637512,0.030910789966583252,0.0266770888119936,AM7215
0.23916681110858917,0.05789296701550484,0.14484277367591858,-0.1069674864411354,-0.14714083075523376,-0.03149629756808281,0.0953993871808052,-0.09106971323490143,-0.016875015571713448,0.056999996304512024,-0.1025412529706955,-0.008075188845396042,-0.06044807657599449,0.07066500931978226,-0.034709345549345016,AM7216
-0.08307155221700668,0.09764017164707184,0.04789864644408226,0.03571783006191254,-0.017367128282785416,0.02283242531120777,0.01347490306943655,0.17933572828769684,-0.04887834191322327,-0.09341242164373398,-0.01081916969269514,0.03647947311401367,-0.07186770439147949,0.015137976035475731,0.05172352492809296,AM7221
0.03262484073638916,0.1363365203142166,-0.04988262057304382,0.18242578208446503,-0.13020388782024384,-0.0625734031200409,-0.16123610734939575,-0.008441685698926449,0.1834035962820053,-0.050562046468257904,-0.02404160611331463,-0.06364481896162033,-0.002792478771880269,0.006368816830217838,0.19414329528808594,AM7223
0.06495673954486847,0.09045210480690002,-0.13880017399787903,0.05380408465862274,-0.06812024861574173,-0.0706387311220169,-0.12688040733337402,-0.09186309576034546,0.2117001861333847,0.05549611523747444,-0.1600370854139328,-0.04404753819108009,0.04240627959370613,0.03942887485027313,0.10400734096765518,AM7224
0.03565865010023117,0.11467430740594864,0.012122358195483685,0.21373522281646729,-0.02746042050421238,-0.06544172763824463,-0.20255689322948456,0.01171176414936781,0.04491708427667618,0.09021496027708054,-0.04352307319641113,0.06914839893579483,-0.12458191066980362,-0.09216507524251938,0.21033690869808197,AM7226
-0.021101007238030434,0.11209540069103241,-0.016753362491726875,0.16736994683742523,-0.013375824317336082,-0.07893645763397217,0.1341068595647812,0.18741819262504578,0.03128467872738838,0.025874434038996696,0.17553575336933136,-0.033158980309963226,0.07216180860996246,0.1658959537744522,-0.17586739361286163,AM7228
0.018193408846855164,0.07514873147010803,-0.10708927363157272,-0.004106131382286549,0.06054554134607315,-0.0698239877820015,0.24903947114944458,0.14283815026283264,0.0638972595334053,0.051095906645059586,-0.028103061020374298,-0.014784968458116055,0.015006251633167267,-0.07736655324697495,0.052254267036914825,AM7229
0.004661603830754757,0.11698641628026962,-0.005844774190336466,0.15845204889774323,0.019366538152098656,-0.1275143176317215,0.18442074954509735,0.1962563395500183,-0.08375727385282516,0.08754398673772812,0.1030900627374649,-0.00639372318983078,-0.059568461030721664,-0.01662258617579937,-0.09105134010314941,AM7230
0.031403932720422745,0.13078606128692627,0.0358971431851387,0.14397799968719482,0.049242425709962845,-0.18301239609718323,0.0635448545217514,-0.014554238878190517,-0.14097155630588531,-0.07253016531467438,0.0760733038187027,0.16096250712871552,0.024679729714989662,0.09562822431325912,-0.08863824605941772,AM7236
0.06059495359659195,0.1005813404917717,-0.17936526238918304,0.015777893364429474,0.0629638209939003,-0.2572081387042999,0.2537316083908081,0.11655113846063614,0.026040218770503998,-0.02700323984026909,-0.18239225447177887,0.0012785145081579685,-0.04540537670254707,0.1061704158782959,-0.09907997399568558,AM7237
0.08126707375049591,0.020048128440976143,-0.11857456713914871,0.04298822581768036,0.04553648456931114,-0.030724279582500458,-0.14309380948543549,-0.086550772190094,0.02041703648865223,0.035085588693618774,0.08268764615058899,0.05235694721341133,0.03875812515616417,-0.0687825083732605,-0.010049332864582539,AM7241
0.05824276804924011,0.003885112004354596,-0.14739131927490234,-0.03165461868047714,0.044604185968637466,-0.08446618914604187,-0.02411259524524212,-0.049226533621549606,-0.08007173985242844,0.06196283921599388,-0.001577182556502521,-0.03106374479830265,0.00793396681547165,-0.0992802232503891,-0.08168764412403107,AM7242
0.048642490059137344,-0.09144412726163864,0.09689906239509583,-0.10684084892272949,-0.05090213939547539,-0.1463211625814438,-0.09377003461122513,0.14423298835754395,0.1224336251616478,-0.10420714318752289,-0.09741620719432831,-0.03336740657687187,0.005252504721283913,-0.14818920195102692,-0.0097857266664505,AM7243
0.09389252215623856,-0.06020217016339302,-0.0196696687489748,0.015158399939537048,0.056413087993860245,-0.12893830239772797,-0.05427618697285652,0.09184424579143524,-0.11121302098035812,-0.019615458324551582,0.11232297867536545,-0.12749823927879333,0.009143456816673279,0.08947757631540298,0.09499874711036682,AM7255
0.04581354185938835,-0.02223939634859562,-0.003948571160435677,-0.17560912668704987,0.04922456666827202,-0.15494731068611145,-0.13268473744392395,0.16391532123088837,0.0057366047985851765,0.03990631923079491,0.12345832586288452,-0.07348599284887314,-0.027652285993099213,0.012591247446835041,0.09471620619297028,AM7256
-0.04762676730751991,0.0785982683300972,-0.0672929584980011,-0.1961660534143448,0.00325010996311903,0.061303310096263885,0.052000533789396286,0.08566764742136002,0.18110954761505127,-0.11789628118276596,-0.017389459535479546,0.06774921715259552,0.0477433018386364,-0.024579912424087524,-0.037255752831697464,AM7260
0.017736272886395454,0.09282257407903671,-0.0714348629117012,0.0477025993168354,-0.09230607748031616,-0.038597967475652695,0.11832141131162643,0.06045863404870033,0.034889426082372665,-0.0469503179192543,0.13572198152542114,0.014146527275443077,-0.0650215595960617,0.11941631138324738,0.09355565905570984,AM7261
0.012550740502774715,0.036421000957489014,0.03790372982621193,0.09704656153917313,0.12274101376533508,-0.10244769603013992,0.14307716488838196,-0.3103156089782715,0.05494897440075874,-0.2182866483926773,0.1672723889350891,-0.09219921380281448,-0.25912877917289734,-0.013949769549071789,-0.07008275389671326,AM7266
0.07617849111557007,0.01699862815439701,-0.10615122318267822,0.108069509267807,0.08932192623615265,0.1115972101688385,-0.04782271012663841,-0.019284602254629135,0.12266752123832703,-0.009432898834347725,0.12055794149637222,0.19121986627578735,0.00543108070269227,0.15211033821105957,-0.08167175948619843,AM7269
-0.00631370022892952,0.07778556644916534,0.07715810090303421,-0.02788431942462921,0.1660861223936081,-0.09106756746768951,0.0635688304901123,-0.2450314164161682,0.09541049599647522,-0.29442378878593445,0.03423059731721878,-0.07870851457118988,-0.2419554889202118,-0.14538098871707916,-0.1010943353176117,AM7270
0.014752425253391266,0.12225903570652008,0.005645819008350372,0.12782856822013855,0.09937570244073868,0.1368141919374466,-0.12809310853481293,0.09746719896793365,0.17217211425304413,-0.009058691561222076,0.035709407180547714,-0.031049003824591637,-0.02431878261268139,-0.05474422127008438,0.09402717649936676,AM7272
-0.026906337589025497,0.11327961087226868,0.07850275933742523,0.1353084295988083,0.22084322571754456,0.005801609251648188,-0.06817616522312164,-0.2422701120376587,0.07751692831516266,-0.03220237046480179,-0.2961522936820984,-0.12225283682346344,0.20783497393131256,0.13867580890655518,-0.1228768602013588,AM7273
-0.008507782593369484,-0.0697353258728981,-0.09000871330499649,-0.07126643508672714,0.06949882954359055,-0.03800157830119133,0.07066935300827026,0.05763181298971176,-0.048860449343919754,0.11992812901735306,0.21333786845207214,0.010975923389196396,0.0339055135846138,-0.061655089259147644,-0.036108147352933884,AM7277
-0.07781152427196503,0.04208819195628166,-0.028807975351810455,0.08447308093309402,-0.05488235503435135,0.11705107986927032,0.16086775064468384,0.1655230075120926,0.16043750941753387,-0.025514451786875725,0.23825345933437347,-0.11822795122861862,0.15484507381916046,0.06607332080602646,0.038596391677856445,AM7278
-0.10319031774997711,0.04381563141942024,0.1493353545665741,-0.058609846979379654,0.0931754931807518,-0.1584540605545044,0.1269950270652771,0.04356854036450386,-0.02007880061864853,0.14610838890075684,0.11141876131296158,0.1760152280330658,0.26451340317726135,-0.04985108599066734,-0.04870784282684326,AM7280
-0.1405022293329239,-0.006825265008956194,0.16262058913707733,-0.13858307898044586,0.17504464089870453,-0.02803383581340313,0.09211798012256622,-0.1347426325082779,-0.03656388074159622,0.003508672583848238,-0.018475716933608055,0.10674493759870529,-0.010899427346885204,0.20100265741348267,0.3078436851501465,AM7283
-0.1654738038778305,0.0026953346095979214,0.13977035880088806,-0.0196092426776886,0.11873890459537506,-0.02893286943435669,0.07732044905424118,-0.0501452311873436,-0.10739676654338837,0.10491427034139633,-0.08130959421396255,0.1441403180360794,0.08284900337457657,0.10182186961174011,0.19101673364639282,AM7284
-0.1299642026424408,-0.040140148252248764,0.10167326033115387,-0.022271979600191116,0.13258258998394012,-0.0685197114944458,0.19299745559692383,-0.27644798159599304,0.023982007056474686,-0.046697262674570084,-0.03994159772992134,-0.11461731046438217,0.08117318898439407,-0.060992442071437836,0.08601654320955276,AM7285
0.02859569899737835,0.004464753903448582,-0.03851828724145889,-0.19496537744998932,0.12297111749649048,-0.07352438569068909,-0.08444378525018692,0.09160202741622925,0.02515549771487713,0.07341189682483673,0.1208646148443222,-0.04062410071492195,-0.05559311807155609,-0.07416203618049622,0.08184737712144852,AM7294
-0.07065746933221817,-0.016098856925964355,0.09013904631137848,0.04182853922247887,0.14818298816680908,-0.08783026784658432,0.11993004381656647,-0.2689512073993683,0.09038373827934265,-3.2626220490783453e-4,0.1765514612197876,-0.16676241159439087,-0.16365258395671844,-0.022320469841361046,0.031012292951345444,AM7295
-0.14347441494464874,-0.0705094039440155,0.14518946409225464,-0.13903509080410004,0.07621870189905167,0.019337372854351997,-0.10117852687835693,0.028826043009757996,0.2712659537792206,-0.030068289488554,0.2038227766752243,-0.08340781927108765,-0.27524587512016296,-0.13046710193157196,-0.32332849502563477,AM7302
-0.09189143031835556,0.020017405971884727,0.044997770339250565,0.1975688934326172,-0.02522638812661171,-0.00961071066558361,0.06354966014623642,0.09944073110818863,-0.20241281390190125,0.03823280334472656,0.17658868432044983,0.06773319840431213,0.005878823343664408,-0.09480633586645126,-0.029939720407128334,AM7303
-0.08032158762216568,-0.04946103319525719,-0.09220016747713089,0.014507995918393135,-0.042213425040245056,0.04466414079070091,0.17254573106765747,0.08097638189792633,0.022542813792824745,0.18229766190052032,0.08103261142969131,-0.0190894715487957,-0.01624782755970955,0.01766144670546055,-0.05065561458468437,AM7304
-0.0990738719701767,0.1191948801279068,0.1319863498210907,-0.08519204705953598,0.07941439002752304,-0.08150414377450943,-0.06392396986484528,0.1447247862815857,-0.1206197664141655,0.03233720734715462,-0.08607520163059235,0.16440998017787933,-0.059030551463365555,0.10119116306304932,-0.07597231864929199,AM7312
-0.14827841520309448,-0.02360350638628006,0.1879321187734604,-0.11126219481229782,0.1637953817844391,-0.02495282143354416,0.0021384889259934425,-0.0644674077630043,0.09132613241672516,0.07690293341875076,0.11005658656358719,0.06552455574274063,0.10355821251869202,0.0888320729136467,0.11947976052761078,AM7313
-0.11669294536113739,-0.016566503793001175,0.08625772595405579,0.11615268141031265,-0.046254999935626984,-0.19667144119739532,0.03425607830286026,-0.16804547607898712,0.01751803420484066,0.2321477085351944,-0.05347293242812157,-0.0852714478969574,0.19068293273448944,-0.10669788718223572,0.00375206395983696,AM7318
-0.025567473843693733,-0.06565146893262863,-0.12516124546527863,-0.04329093545675278,-0.05602540448307991,-0.11881712079048157,-0.15296494960784912,-0.013635292649269104,0.05000029504299164,0.20558509230613708,0.049609292298555374,-0.06728142499923706,-0.06975621730089188,0.16024629771709442,-0.07510694116353989,AM7319
-0.11566071957349777,0.12086978554725647,0.06305089592933655,-0.02979649417102337,-0.004318062216043472,-0.022152673453092575,-0.11462154239416122,0.14677834510803223,-0.09823815524578094,0.048717983067035675,-0.19825880229473114,-0.04342926666140556,-0.18363448977470398,0.01842009462416172,-0.11548398435115814,AM7320
-0.1306305229663849,0.032052937895059586,0.14815881848335266,0.028629964217543602,-0.004581082612276077,-0.05690031126141548,-0.17932793498039246,-0.0214923694729805,0.02255426160991192,0.1434507519006729,-0.031573276966810226,0.05539914220571518,0.1387513428926468,-0.008631376549601555,-0.05933457612991333,AM7321
-0.09106997400522232,0.0842679962515831,-0.07207028567790985,-0.06532157957553864,-0.1135520413517952,0.05980081483721733,0.15118031203746796,0.019751541316509247,0.011066141538321972,-0.16044694185256958,-0.15132519602775574,-0.08221305161714554,-0.01734336093068123,0.0529150553047657,0.08538293838500977,AM7323
-0.042700208723545074,-0.005441857501864433,-0.11687714606523514,-0.09634894132614136,-0.12451532483100891,-0.06489168852567673,0.01467091217637062,-0.0984736755490303,0.060063257813453674,0.05354216322302818,-0.08476198464632034,0.07213564217090607,0.05839734897017479,0.0037165083922445774,-0.06069178506731987,AM7325
-0.13741672039031982,0.08210285753011703,0.11628108471632004,-0.037172213196754456,0.06304887682199478,0.013102992437779903,-0.13739973306655884,0.11523543298244476,-0.05584876611828804,0.054935406893491745,-0.1633715182542801,0.07239977270364761,-0.05915948376059532,0.06085021048784256,-0.021994616836309433,AM7327
0.014179397374391556,-0.0964728593826294,-0.1438707709312439,0.03124544769525528,-0.06777879595756531,-0.05740702524781227,-0.05889618396759033,-0.12103917449712753,-0.2126283198595047,0.12257321178913116,0.05956533923745155,-0.032380882650613785,-0.13690659403800964,0.013625385239720345,0.09056355804204941,AM7328
0.0036011445336043835,-0.04224303364753723,-0.17662256956100464,0.005560046993196011,-0.03999738395214081,0.02250082790851593,-0.027028530836105347,-0.16249613463878632,-0.12769699096679688,0.04739762842655182,0.005266922526061535,0.16233983635902405,-0.1494702845811844,0.05566622316837311,0.04055280610918999,AM7329
-0.1136731505393982,0.09931951016187668,-0.0023887609131634235,0.07926853001117706,-0.07871018350124359,-0.04448717460036278,-0.01594829559326172,0.07031512260437012,-0.16716603934764862,0.10431142896413803,-0.221401646733284,-0.12858399748802185,-0.21070609986782074,0.04346122965216637,-0.10931062698364258,AM7332
-0.13459642231464386,0.05899878963828087,0.07038682699203491,0.02002130262553692,-0.13800445199012756,0.007904043421149254,-0.23896153271198273,0.08564309030771255,0.0029577238019555807,0.07066060602664948,0.043148644268512726,-0.013427553698420525,-0.19284485280513763,0.02727009728550911,-0.002660667058080435,AM7333
-0.05821140110492706,-0.016502922400832176,-0.13513685762882233,-0.0785367488861084,-0.0692642480134964,0.03722051903605461,0.03169004246592522,-0.10420344769954681,0.006584644317626953,0.09439955651760101,-0.03815958648920059,0.08578237891197205,-0.1393236666917801,0.1608341485261917,-0.004523777402937412,AM7334
-0.07536374777555466,0.031581226736307144,-0.08701412379741669,-0.08037896454334259,-0.04692469537258148,0.09462643414735794,0.06809312105178833,0.008767714723944664,0.10926503688097,-0.0020393601153045893,6.24928274191916e-4,0.0017802335787564516,-0.003830298548564315,-0.03414669260382652,0.05379938706755638,AM7336
-0.10851593315601349,0.025138696655631065,-0.018842175602912903,-0.02421894110739231,-0.057626936584711075,0.18834474682807922,0.019647173583507538,0.12413705140352249,0.15395495295524597,-0.03922773152589798,0.05066116154193878,-0.12341108173131943,0.04019514098763466,0.005192734766751528,0.07208401709794998,AM7337
-0.08408375829458237,0.07971501350402832,0.001822341000661254,0.09788571298122406,-0.17384178936481476,-0.07886561751365662,0.018322713673114777,0.07568784058094025,0.021038511767983437,0.045523978769779205,0.043662041425704956,-0.10726344585418701,-0.06502252072095871,-0.17550455033779144,0.14431717991828918,AM7343
-0.04840215668082237,2.666203072294593e-4,-0.10523653030395508,-0.14715836942195892,-0.07335799187421799,-0.031059127300977707,0.012921093963086605,-0.03649240732192993,0.0785013884305954,0.03397125378251076,-0.015796653926372528,0.09454875439405441,0.03738623857498169,-0.07113043963909149,-0.011400062590837479,AM7344
0.06882967054843903,0.029906658455729485,-0.15610118210315704,-0.11152590811252594,-0.04075566306710243,-0.16809581220149994,0.08833616971969604,-0.05573483556509018,-0.14952108263969421,0.027809757739305496,-0.056494250893592834,0.11387836188077927,-0.1721639782190323,-0.08355989307165146,0.17105162143707275,AM7345
-0.04792240262031555,0.04592859372496605,-0.08603988587856293,0.003158045932650566,-0.14667057991027832,-0.005513971205800772,0.15393242239952087,0.019879654049873352,0.0016083702212199569,-0.04443055018782616,-0.013693457469344139,-0.0788709968328476,-0.02822829596698284,0.022875279188156128,0.1381516456604004,AM7346
-0.06028871238231659,-0.005668127443641424,-0.10388641059398651,-0.1777195781469345,-0.007919326424598694,0.04257270321249962,-0.03901847451925278,-0.01169597078114748,0.0658537894487381,-0.0024025747552514076,-0.009197544306516647,0.1447487324476242,-0.015014859847724438,0.015036889351904392,-0.03388376533985138,AM7353
-0.08175509423017502,-0.041272737085819244,-0.0932302251458168,-0.13355018198490143,-0.08267559111118317,0.05305842310190201,-0.07117849588394165,-0.05625130236148834,0.08019780367612839,-0.07469221204519272,-0.006922732573002577,0.1487765610218048,0.052295636385679245,0.03985380381345749,-0.09992703050374985,AM7354
0.049361057579517365,-0.043570082634687424,-0.11752091348171234,0.11452490091323853,0.2210913896560669,0.22029444575309753,-0.005500528030097485,0.033917058259248734,-0.015244689770042896,-0.027895262464880943,0.07416007667779922,0.18573059141635895,0.06173068657517433,0.06149473041296005,-0.11629544198513031,AM7356
0.047124605625867844,-0.016467638313770294,-0.08956554532051086,0.1518176794052124,0.4176843464374542,0.3488147556781769,0.11224517226219177,0.15492357313632965,0.0023436755873262882,0.17579247057437897,-0.2506721615791321,-0.0072605120949447155,-0.05157306790351868,-0.41410791873931885,0.0754878968000412,AM7359
-0.09116387367248535,-0.04557976871728897,-0.13091126084327698,-0.002528407843783498,-0.06482339650392532,0.06237739697098732,0.11892391741275787,-0.05467177554965019,0.0495457723736763,0.16032852232456207,-0.2479015439748764,-0.17126427590847015,0.044594403356313705,0.030624842271208763,-0.14275239408016205,AM7361
-0.07724032551050186,-0.12413431704044342,-0.09535567462444305,-0.0551050566136837,0.04320245608687401,0.08152477443218231,-0.0485517792403698,-0.043685611337423325,-0.07079926878213882,0.11129754036664963,-0.0411408469080925,-0.10793828964233398,0.04056887701153755,0.019514502957463264,-0.12977804243564606,AM7362
0.01616371050477028,-0.14588309824466705,0.030651528388261795,-0.06274905055761337,-0.006489649415016174,-0.05647419020533562,0.1333828568458557,0.1597858965396881,-0.09275256097316742,-0.22677423059940338,-0.1111341193318367,0.03972591087222099,-0.017132526263594627,-0.011002461425960064,0.013719909824430943,AM7365
0.024487290531396866,-0.042634982615709305,-0.14498497545719147,-0.006604636088013649,-0.02837885543704033,-0.03192894160747528,-0.07024673372507095,-0.08427023887634277,-0.052268605679273605,-0.016985105350613594,0.036541689187288284,0.03158669173717499,0.07495268434286118,-0.02381584793329239,-0.16047362983226776,AM7372
-0.01984310708940029,-0.2019798904657364,0.06417061388492584,0.10222657024860382,-0.09818203747272491,0.021839862689375877,0.031374335289001465,-0.01979067549109459,0.07614880800247192,0.011427805759012699,-0.10544447600841522,0.006442212499678135,0.013205955736339092,0.008048929274082184,-0.06379396468400955,AM7373
0.04352390766143799,-0.18005947768688202,0.08615358918905258,0.1932450383901596,-0.1020343154668808,-0.008474545553326607,-0.06989489495754242,-0.031004764139652252,0.19152268767356873,0.10657993704080582,-0.009436620399355888,0.0270598866045475,0.011008428409695625,-0.026035500690340996,0.006649446208029985,AM7380
0.018043646588921547,-0.07264769077301025,-0.060785967856645584,0.009189965203404427,0.07554897665977478,-0.042901407927274704,-0.06042996793985367,0.010867812670767307,-0.048019200563430786,0.19464409351348877,-0.025225386023521423,-0.2053842544555664,0.03209744393825531,-0.1260634809732437,0.0214739590883255,AM7382
0.03835006430745125,-0.17330272495746613,0.028538627550005913,0.1193399727344513,-0.003755819285288453,-0.007224283181130886,0.038688261061906815,0.053249843418598175,-0.038259536027908325,-0.051301877945661545,-0.043942373245954514,-0.09429848939180374,0.02229323424398899,0.014754506759345531,0.015535656362771988,AM7383
0.0187344029545784,-0.18340899050235748,0.05657351389527321,0.11578623205423355,-0.054723601788282394,0.08797810971736908,0.016035597771406174,-0.04070660471916199,0.026566924527287483,-0.027374591678380966,-0.008813200518488884,0.14009806513786316,-0.07127229124307632,0.010699557140469551,0.05554027110338211,AM7384
0.006037916988134384,-0.16039705276489258,0.07058213651180267,-0.056348077952861786,-0.06185679882764816,-0.05146775394678116,0.020802432671189308,0.09124421328306198,-0.0313003733754158,-0.21606957912445068,-0.08920467644929886,-0.04065120965242386,0.09260451793670654,-0.10254154354333878,-0.02058645896613598,AM7385
-0.01814844086766243,-0.09479448944330215,-0.07289134711027145,-0.04673580080270767,0.06870731711387634,0.0037128175608813763,0.011924869380891323,0.013652900233864784,-0.11617457121610641,0.09231030941009521,0.04281691089272499,-0.11618003249168396,0.037323955446481705,-0.07950717210769653,-0.01935105212032795,AM7386
0.05545947700738907,-0.18500247597694397,0.017656192183494568,0.15687717497348785,-0.03867059573531151,-0.05909497290849686,-0.007732701022177935,0.02882925607264042,-0.04596686735749245,-0.11173006892204285,0.05702701210975647,0.016390414908528328,0.10617425292730331,-0.029689766466617584,-0.0019074559677392244,AM7387
-0.03317761421203613,-0.26452359557151794,0.04417633265256882,0.16982167959213257,-0.07345712184906006,0.1677454262971878,0.05378171056509018,-0.059595439583063126,-0.022558150812983513,0.014455600641667843,-0.04796693101525307,0.13052110373973846,-0.1586369127035141,0.07165051251649857,0.045155201107263565,AM7388
-0.020517317578196526,-0.19266077876091003,0.072133868932724,0.036466196179389954,-0.07129497081041336,0.009021924808621407,0.16982857882976532,0.056568972766399384,0.039010681211948395,0.004288694355636835,-0.01906091533601284,0.15970328450202942,-0.04929637536406517,-0.025973612442612648,0.027140753343701363,AM7409
0.009395165368914604,-0.1107078492641449,0.05011135712265968,-0.07532495260238647,0.045181844383478165,-0.07384314388036728,-0.024142323061823845,0.1429053097963333,-0.01544167473912239,-0.07991643995046616,-0.05283046141266823,-0.09558239579200745,0.0569583922624588,-4.4069645809940994e-4,0.08024493604898453,AM7416
0.080330491065979,-0.14722731709480286,0.028271783143281937,0.26122644543647766,-0.11054892838001251,-0.005965020507574081,-0.019566426053643227,-0.10045573860406876,0.14802125096321106,0.01048316527158022,-0.04916120693087578,0.028344999998807907,0.012800154276192188,0.0803014412522316,-0.022356996312737465,AM7419
0.036913394927978516,-0.06091316044330597,-0.08071712404489517,-0.040784988552331924,0.046299874782562256,-0.014496177434921265,-0.07805845141410828,-0.09150337427854538,-0.20316219329833984,-0.08558086305856705,-0.030602440237998962,-0.13511334359645844,0.05682828649878502,0.08416631817817688,0.052472274750471115,AM7420
-0.005938282702118158,-0.1731954663991928,0.08551252633333206,-0.05291783809661865,-0.09123730659484863,-0.004978951998054981,-0.055695563554763794,0.07339410483837128,0.04431716725230217,-0.15047429502010345,-0.06861840933561325,0.06411302834749222,-0.008292008191347122,0.013863633386790752,0.022846169769763947,AM7426
0.02170698344707489,-0.165901318192482,0.02785727195441723,0.017123162746429443,-0.08015505224466324,-0.026934783905744553,0.03971238434314728,0.04376967251300812,-0.08890806883573532,-0.20065677165985107,-0.12955965101718903,-0.003179902210831642,0.017513060942292213,0.06824697554111481,-0.0813976302742958,AM7427
-0.011935371905565262,-0.12849701941013336,0.030791018158197403,-0.06339290738105774,-0.011554782278835773,0.010015817359089851,-0.2501600384712219,0.06987174600362778,-0.004362771287560463,0.03242495283484459,0.09406138211488724,-0.09979061782360077,-0.016110943630337715,2.012976910918951e-4,0.06459612399339676,AM7492
-0.1233106181025505,0.017655419185757637,0.057732824236154556,-0.08694107830524445,-0.10949142277240753,0.3962775766849518,9.934768313542008e-4,-0.017639433965086937,-0.10383309423923492,-0.040649741888046265,0.09479869902133942,-0.103565514087677,-0.06011803075671196,0.12999293208122253,-0.009394177235662937,AM7493
-0.039826832711696625,0.10592234879732132,0.011528395116329193,-0.07473143190145493,-0.1333288997411728,0.2546350359916687,0.0066191344521939754,-0.0363323837518692,-0.017017515376210213,-0.10340394079685211,0.031434062868356705,-0.09301783889532089,0.038769230246543884,0.046878427267074585,0.08599576354026794,AM7495
-0.028484074398875237,0.15189431607723236,0.13645006716251373,0.0125603461638093,-0.12751106917858124,-0.012923076748847961,-0.21925093233585358,-0.13878925144672394,-0.1649739146232605,-0.11405479162931442,6.72866590321064e-4,0.07688792794942856,0.17052707076072693,-0.24975275993347168,-0.0758315697312355,AM7589
0.010747523047029972,0.1254444122314453,0.025271764025092125,0.1348879337310791,-0.17292192578315735,0.07001528888940811,0.0408657044172287,-0.11608963459730148,-0.23621810972690582,-0.1081153005361557,0.06970188021659851,-0.00909404456615448,0.07967132329940796,-0.11258489638566971,-0.038384050130844116,AM7591
0.04936753585934639,-0.02096032351255417,-0.12962712347507477,-0.010917995125055313,0.029887717217206955,0.0023953102063387632,-0.06510687619447708,-0.08935804665088654,-0.14221903681755066,-0.035352516919374466,0.07869479805231094,0.13459040224552155,-0.03075231984257698,-0.047733619809150696,0.04515458270907402,AM7628
-0.031819503754377365,0.12455443292856216,0.0998791828751564,0.04060111939907074,-0.10699997842311859,0.12154113501310349,-0.05257074534893036,-0.01783057488501072,-0.23017092049121857,-0.13123011589050293,0.05800802633166313,0.06508822739124298,-0.022248126566410065,-0.16889376938343048,-0.02900785021483898,AM7629
0.03248196467757225,0.14320795238018036,-0.023448672145605087,-0.03423193469643593,-0.12867310643196106,0.10376784950494766,0.08493340015411377,-0.041542720049619675,0.0029958216473460197,-0.11813292652368546,0.07513812929391861,-0.06833858788013458,0.16005632281303406,-0.10068783909082413,0.04853621497750282,AM7633
0.05252864956855774,0.06920751929283142,-0.057275738567113876,-0.013075326569378376,-0.10510759800672531,0.07864823937416077,-0.026260491460561752,-0.1386982649564743,0.059193503111600876,0.056787651032209396,0.12469257414340973,0.02857789769768715,0.15920467674732208,-0.05425984784960747,0.01822088286280632,AM7634
