V1
5.83527431296764
2.65139538217167
2.3074298090731973
1.4143745374383754
1.093926286735664
0.7556536597001674
0.5000425315316018
0.3875702281518038
0.3313987339336794
0.26814020146136686
0.20903395832980318
0.16130244785835948
0.14634985464123262
0.12066253371344167
0.11160920938615979
0.08886967827016289
0.09050014167402512
0.07725026949070529
0.06852302576011099
0.06040767530321476
0.05639932973300228
0.053782318086351984
0.05383822552212106
0.04778381208164283
0.04600841737250208
0.044260838476321854
0.043130512726836275
0.04246832906345269
0.041341683866478206
0.040840760931502254
0.04038550670181357
0.03963056184164556
0.039156360160124276
0.038959323098406384
0.03833242039205686
0.03774656693127786
0.03733449395969178
0.03698294118385648
0.036344526266366764
0.036267930052690356
0.03588822796056079
0.03561435005176528
0.03545218220850715
0.0350122011264931
