V1
1.0618891699965392
0.2302958158821217
0.17068365446853964
0.07620260211026303
0.049461757346743816
0.030211213658846683
0.019388191843874407
0.015440738778658201
0.013532998195318028
0.01151890840344583
0.009510916888611281
0.00775427963799952
0.007225274525372801
0.006216195477038653
0.005767549350363046
0.0046128512419526205
0.004875701454943359
0.0040467965186780875
0.0035607858461370614
0.0030083504493246082
0.002753359395914562
0.00250955615671829
0.0026640927645425905
0.002094804076557264
0.002083590989715258
0.0020813871408665516
0.0020811001581529424
0.0020809979950199065
0.0020808614847830655
0.002080782467680498
0.002080727106429814
0.002080644664585895
0.0020805675133935583
0.0020805552278585124
0.002080459590589831
0.002080395661186539
0.0020803454714330245
0.002080297661341152
