PEER1,PEER2,PEER3,PEER4,PEER5,PEER6,PEER7,PEER8,PEER9,PEER10,PEER11,PEER12,PEER13,PEER14,PEER15,PEER16,PEER17,PEER18,PEER19,PEER20,PEER21,Donor
-0.029686706140637398,-0.30660516023635864,-0.23796650767326355,-0.17840370535850525,0.38531628251075745,0.5387003421783447,-0.51772141456604,-0.1266191601753235,-0.5262387990951538,-0.25286000967025757,0.8435686826705933,0.09865720570087433,0.9594992399215698,0.04719504341483116,-0.6380003094673157,-1.2908746004104614,0.743478000164032,0.2896573543548584,0.16417868435382843,0.12904803454875946,0.13244977593421936,AM7180
0.1997501403093338,-0.3056088387966156,0.19743533432483673,-0.11153610795736313,0.2389511913061142,-0.6873627305030823,-0.14707311987876892,0.9966245293617249,-0.09681843221187592,-1.6863588094711304,-0.789246678352356,-0.22337596118450165,0.4453943371772766,-0.03892730176448822,-0.06259417533874512,0.7707396149635315,0.4174976646900177,0.24633969366550446,-0.3758951723575592,0.031840261071920395,-0.2943505346775055,AM7181
0.07484636455774307,0.05042196437716484,-0.5208485126495361,-0.4606197476387024,0.12418363988399506,-0.42108210921287537,0.1680135279893875,0.07175774872303009,-0.22789913415908813,-0.6501947045326233,0.46243521571159363,1.2563754320144653,0.9775495529174805,-0.9120303988456726,-0.793030858039856,-0.4269251227378845,0.6550819873809814,-0.26586559414863586,0.11668968945741653,-0.1558275818824768,0.017879469320178032,AM7182
0.09393560141324997,0.29029518365859985,-0.4225955307483673,-0.2005917876958847,0.4451685845851898,0.13294047117233276,-0.13734279572963715,-0.170542374253273,0.8274660706520081,-0.5711876749992371,-0.2487856149673462,1.2506107091903687,0.4024667739868164,-0.04625246301293373,0.36182814836502075,-0.39376428723335266,2.156541109085083,0.07939978688955307,-0.5616355538368225,0.5908639430999756,-0.12641149759292603,AM7188
0.08367877453565598,-0.24835768342018127,-0.11970890313386917,-0.21096573770046234,0.6758506894111633,0.092881940305233,-0.8943840265274048,0.13826300203800201,-0.8944723010063171,-0.4690568447113037,0.4203498363494873,-0.8221950531005859,0.2732425630092621,0.4182734191417694,0.9355047345161438,-1.0420706272125244,1.0307238101959229,0.20961029827594757,0.23838450014591217,-0.12984251976013184,0.13204994797706604,AM7189
0.07842838764190674,0.5451104640960693,-0.3270929753780365,-0.0702274739742279,-0.11332713812589645,-0.06669332087039948,-0.5296887159347534,-0.14569540321826935,1.5511406660079956,-0.7761657238006592,-1.258927822113037,-0.8643441796302795,0.6970937252044678,0.1258782148361206,-0.6231480240821838,-0.37420880794525146,0.9764723181724548,0.3639183044433594,-0.43958213925361633,0.2259216606616974,0.640187680721283,AM7196
0.06782768666744232,0.12823201715946198,-0.42158204317092896,-0.6201284527778625,0.308929979801178,0.2581830620765686,-1.3818994760513306,-0.8004893064498901,0.5217771530151367,-0.8905543088912964,-0.4050457775592804,0.9223557114601135,0.05283334106206894,-0.3176163136959076,0.15335382521152496,-0.8902227878570557,0.358817458152771,-0.13910020887851715,-0.6410682797431946,-0.11403695493936539,0.13730913400650024,AM7197
0.40917593240737915,0.008401571772992611,0.11419184505939484,0.2646454870700836,0.8562685251235962,-0.6095020174980164,-0.7845917344093323,1.0774074792861938,0.8853576183319092,-0.2678830325603485,0.5717895030975342,-0.6691797971725464,0.18053288757801056,1.0217158794403076,0.1531103402376175,0.36739152669906616,-0.7654229998588562,0.5283926129341125,-0.4186261296272278,-0.043777208775281906,-0.2336532473564148,AM7203
0.0799466148018837,0.537246584892273,0.13466708362102509,0.9736390113830566,0.6793872117996216,0.3224535584449768,-0.8791892528533936,0.5712926387786865,0.016352664679288864,-0.6265190243721008,-0.2325480729341507,1.0212748050689697,-0.15176807343959808,1.4033734798431396,-0.5157431960105896,-0.41259753704071045,0.15647219121456146,-0.57618248462677,-0.753038227558136,-0.285536527633667,0.5481088161468506,AM7204
0.2187136560678482,-0.17976625263690948,-0.00785908754914999,0.18908703327178955,0.9485068321228027,-0.03464428335428238,-0.9213433265686035,0.510563313961029,-0.15052790939807892,-0.9274740219116211,0.34132158756256104,-0.8505743741989136,0.4362337589263916,0.6636965274810791,0.2996968626976013,0.0020744921639561653,0.526349663734436,0.5076785087585449,-0.2197725921869278,-0.05613426864147186,0.07571282237768173,AM7205
0.45695364475250244,0.1615592986345291,0.3994046747684479,-0.5749145150184631,-0.32404667139053345,0.5585734248161316,0.018907301127910614,-0.49779248237609863,-1.4034020900726318,0.7106134295463562,0.46478086709976196,-1.9947880506515503,0.722773015499115,1.171507477760315,-1.185056209564209,0.21968890726566315,0.39935898780822754,-0.4007226824760437,-0.13111674785614014,0.6101185083389282,0.4985881447792053,AM7208
0.51639324426651,0.2838316857814789,0.33698904514312744,-0.5735514760017395,0.5638361573219299,1.266113519668579,0.4573002755641937,-0.29620546102523804,-1.6475021839141846,0.8084309101104736,-0.2311982363462448,-1.2459553480148315,0.0801803395152092,0.8199653625488281,-0.09125906229019165,0.18065913021564484,0.9042841196060181,-0.6442003846168518,-0.1258956491947174,0.6089619398117065,0.7591511607170105,AM7209
0.5231043696403503,0.16729433834552765,0.7112330198287964,-0.3412158787250519,0.2197975218296051,1.2499275207519531,0.6440260410308838,0.08953927457332611,0.10093183070421219,1.2018439769744873,-0.5967398881912231,0.419636994600296,-0.5752555727958679,0.20048390328884125,-0.38938701152801514,0.09418429434299469,-0.41804805397987366,0.21589374542236328,-0.31237149238586426,-0.05299483239650726,-0.3248651921749115,AM7211
0.6448402404785156,0.22711363434791565,0.7377001047134399,-0.3840331733226776,-0.20482689142227173,0.7540857195854187,0.28934478759765625,-0.2555159628391266,0.47190889716148376,0.8016329407691956,-0.19392237067222595,0.8490718007087708,-0.9700739979743958,-0.16217750310897827,0.2421371191740036,0.21632464230060577,-0.3658066391944885,0.22039535641670227,-0.1399974822998047,-0.663116455078125,-0.39527350664138794,AM7213
0.3760153651237488,-0.07100291550159454,0.8328176736831665,-0.6816224455833435,-1.2986109256744385,-0.3663803040981293,0.9172174334526062,0.002068047411739826,0.7966915965080261,1.6695051193237305,0.13313904404640198,0.2636546194553375,0.5637094974517822,-1.1129522323608398,-0.3652198016643524,-0.6526433229446411,-0.5136956572532654,-0.2592031955718994,0.45494136214256287,0.03385618329048157,-0.0012138774618506432,AM7214
0.6535268425941467,0.2989982068538666,0.7676648497581482,-0.5909421443939209,-0.32749202847480774,-0.024346182122826576,0.6292722225189209,0.1198168620467186,0.8570289611816406,1.0099467039108276,0.14589571952819824,0.8178819417953491,-0.5968519449234009,0.19721685349941254,0.2279769331216812,-0.7505132555961609,-0.4444924294948578,0.031472284346818924,0.005934324115514755,-0.4212123453617096,-0.3797628581523895,AM7215
0.5992553234100342,0.2186984270811081,0.6117556691169739,-0.5612536072731018,-0.8737122416496277,-0.22197657823562622,0.7300306558609009,-0.7079261541366577,-0.12324582040309906,0.4574175179004669,-0.8569762706756592,-0.041099078953266144,-0.5126160383224487,0.5704432725906372,-0.27717897295951843,0.11928211897611618,-0.3951115906238556,-0.5419918894767761,-0.23079054057598114,-0.2252674698829651,0.14031089842319489,AM7216
-0.2081981897354126,0.371193528175354,0.1992761194705963,0.18939144909381866,-0.10641095787286758,0.15715809166431427,0.1065203994512558,1.3947148323059082,-0.4011080861091614,-0.7688913941383362,-0.10754048824310303,0.31689178943634033,-0.6206231713294983,0.05283142998814583,0.4085545241832733,-1.3478245735168457,-0.002428179606795311,-0.33428680896759033,0.06840166449546814,0.5699916481971741,-0.13260409235954285,AM7221
0.0849449411034584,0.518267810344696,-0.21075212955474854,0.9410728812217712,-0.7724443674087524,-0.40890687704086304,-1.2319706678390503,-0.040800511837005615,1.4557433128356934,-0.3684602975845337,-0.18415549397468567,-0.4762909412384033,-0.07798335701227188,0.001832205569371581,1.8041222095489502,-0.6315934658050537,-1.2619907855987549,-0.950361430644989,1.0964553356170654,0.18995113670825958,0.7872121334075928,AM7223
0.1643332690000534,0.345429390668869,-0.5845430493354797,0.2701936960220337,-0.40185657143592834,-0.46356233954429626,-0.9795774221420288,-0.7015367746353149,1.6925398111343384,0.49595242738723755,-1.2939016819000244,-0.30657556653022766,0.320940226316452,0.34034502506256104,0.8985891342163086,0.06701349467039108,0.004393141716718674,-1.2268824577331543,0.0989869087934494,0.8297801613807678,1.4772169589996338,AM7224
0.0919572040438652,0.4364260137081146,0.049190688878297806,1.1022968292236328,-0.17134876549243927,-0.4311297535896301,-1.5220423936843872,0.12605297565460205,0.3373062014579773,0.7486876249313354,-0.3484637141227722,0.6169984936714172,-1.0627617835998535,-0.7992273569107056,1.7245821952819824,0.1161135658621788,0.5794649124145508,-0.6456794738769531,-0.18595382571220398,0.15576216578483582,0.6472848057746887,AM7226
-0.050314147025346756,0.42394712567329407,-0.07509257644414902,0.8711210489273071,-0.08223985880613327,-0.5408497452735901,1.0003026723861694,1.4783991575241089,0.24223676323890686,0.18635137379169464,1.4252170324325562,-0.2576424181461334,0.5587658882141113,1.3277416229248047,-1.349907398223877,-1.3882298469543457,-1.5978012084960938,-1.3395830392837524,-0.5436273217201233,0.07238143682479858,0.3714427649974823,AM7228
0.044989343732595444,0.2866889238357544,-0.45438292622566223,-0.023349953815340996,0.3622203469276428,-0.4825684726238251,1.8569490909576416,1.108712911605835,0.5332390069961548,0.37222880125045776,-0.2484533190727234,-0.1255592703819275,0.12826117873191833,-0.6347202062606812,0.4028804898262024,-0.017777279019355774,0.539614737033844,0.0548924021422863,0.22964432835578918,0.5071836709976196,-0.2506796419620514,AM7229
0.012992264702916145,0.44372475147247314,-0.030579879879951477,0.8230158090591431,0.10913688689470291,-0.8703122735023499,1.3860255479812622,1.542665719985962,-0.6614184379577637,0.6648972034454346,0.8145661950111389,-0.05611519515514374,-0.5017156004905701,-0.15553323924541473,-0.8033681511878967,-0.4671770930290222,0.06852588802576065,-0.12970289587974548,-0.9870577454566956,-0.004012326244264841,0.15296214818954468,AM7230
0.07927467674016953,0.5013043284416199,0.14651250839233398,0.7476656436920166,0.27710166573524475,-1.2386552095413208,0.4644095003604889,-0.09605351835489273,-1.1256356239318848,-0.5971062779426575,0.6126794815063477,1.3335585594177246,0.21297305822372437,0.8035603761672974,-0.7555988430976868,0.3362155258655548,-0.2976909875869751,0.6548405289649963,-0.11812522262334824,-0.8148633241653442,0.25067731738090515,AM7236
0.15094128251075745,0.38454270362854004,-0.7619280219078064,0.07774680107831955,0.3700385093688965,-1.7387101650238037,1.8674215078353882,0.8822752237319946,0.23580971360206604,-0.2423231452703476,-1.525449275970459,0.01997130736708641,-0.38061949610710144,0.8758435249328613,-0.916603147983551,-0.586513340473175,0.9231066703796387,-1.0515543222427368,2.1784629821777344,0.20800268650054932,-1.7798701524734497,AM7237
0.20501503348350525,0.07891524583101273,-0.49710825085639954,0.2160625159740448,0.26756396889686584,-0.1969788670539856,-1.0750925540924072,-0.6643065810203552,0.14815600216388702,0.30205389857292175,0.7089810371398926,0.43033790588378906,0.3261334300041199,-0.5824751257896423,-0.08536802977323532,0.05978633090853691,-0.037073053419589996,-0.17312559485435486,-0.13638877868652344,-0.03710000216960907,-0.4228476285934448,AM7241
0.14614540338516235,0.016168775036931038,-0.620486319065094,-0.16781248152256012,0.2622809410095215,-0.5639356374740601,-0.1779368817806244,-0.3936166763305664,-0.6379979252815247,0.5068915486335754,-0.004524655174463987,-0.2626168131828308,0.083057500422000885,-0.8775628209114075,-0.6757597327232361,-0.7130916118621826,-0.33931195735931396,-0.166658416390419,-0.28181350231170654,-0.014592240564525127,-0.16372175514698029,AM7242
0.12070706486701965,-0.349107027053833,0.4095749855041504,-0.561143696308136,-0.2938865125179291,-0.9939317107200623,-0.7221851348876953,1.1001312732696533,0.9703770875930786,-0.8412203192710876,-0.7982692122459412,-0.3178670406341553,0.059378400444984436,-1.2257033586502075,-0.06293266266584396,0.5820173025131226,-0.2942868173122406,0.2620279788970947,-0.832532525062561,-0.16591013967990875,-0.6454123258590698,AM7243
0.23536697030067444,-0.22934214770793915,-0.08398783206939697,0.06888369470834732,0.333663672208786,-0.8763757348060608,-0.3995935618877411,0.7006446719169617,-0.8939363956451416,-0.16058391332626343,0.8908172249794006,-1.0623332262039185,0.05520828440785408,0.8065342307090759,0.8302121758460999,0.5197453498840332,0.36297887563705444,0.313953161239624,0.08585086464881897,0.47134268283843994,0.166000097990036,AM7255
0.11322907358407974,-0.08383793383836746,-0.013296850956976414,-0.9190524220466614,0.2941780388355255,-1.042312741279602,-0.9808920621871948,1.2615389823913574,0.016869500279426575,0.32705825567245483,1.0080268383026123,-0.6116260290145874,-0.25659626722335815,0.1185053288936615,0.8195281624794006,-0.10384473204612732,0.044567182660102844,0.5923203825950623,0.22548939287662506,0.030358167365193367,0.027274858206510544,AM7256
-0.12150734663009644,0.30198460817337036,-0.27975034713745117,-1.018996238708496,0.026586709544062614,0.41692647337913513,0.3792172968387604,0.6545590162277222,1.4414042234420776,-0.9583334922790527,-0.12700778245925903,0.5562052726745605,0.3993547558784485,-0.21075746417045593,-0.3509334325790405,-0.5111578702926636,-0.008079487830400467,1.0944331884384155,-0.7633838057518005,-0.08369366079568863,-0.05089142546057701,AM7260
0.04496953636407852,0.3530433475971222,-0.30286142230033875,0.24235935509204865,-0.5477805733680725,-0.2646055221557617,0.8770955801010132,0.47791987657546997,0.2932025194168091,-0.3986050486564636,1.0901509523391724,0.12751349806785583,-0.5691746473312378,1.0366954803466797,0.7766451239585876,0.46773701906204224,0.34772562980651855,1.380679726600647,0.8146860599517822,0.04034559801220894,0.2241830825805664,AM7261
0.03127938508987427,0.14636673033237457,0.15878325700759888,0.5109614133834839,0.720657467842102,-0.7042742371559143,1.0353490114212036,-2.4346303939819336,0.4383228123188019,-1.742175817489624,1.3557851314544678,-0.7844110727310181,-2.1619491577148438,-0.1165662407875061,-0.5248751044273376,0.4028383493423462,-0.9109041094779968,1.7669641971588135,0.3527189791202545,0.7985520362854004,0.3198052644729614,AM7266
0.19273492693901062,0.06577246636152267,-0.4457434415817261,0.5517452359199524,0.5335979461669922,0.7505089640617371,-0.3695167899131775,-0.12921670079231262,0.9642350077629089,-0.09127041697502136,1.01250422000885,1.5808271169662476,0.03838284686207771,1.3346052169799805,-0.7607311606407166,1.666308045387268,0.4912186563014984,-0.18131622672080994,-0.2035745233297348,0.34251296520233154,-0.5061946511268616,AM7269
-0.017488935962319374,0.30436620116233826,0.3263690173625946,-0.1364697962999344,0.9780442118644714,-0.6220030784606934,0.4440500736236572,-1.9407906532287598,0.7486945390701294,-2.349487781524658,0.27281466126441956,-0.7035477161407471,-1.9988524913787842,-1.2361780405044556,-0.8617443442344666,-0.26946863532066345,-0.2110026776790619,1.225244164466858,0.5760374665260315,0.8408547639846802,-0.4560341536998749,AM7270
0.0384996123611927,0.468292236328125,0.025947634130716324,0.6605420708656311,0.5899863243103027,0.9263556599617004,-0.9610047340393066,0.7811117172241211,1.3476094007492065,-0.06461885571479797,0.30485931038856506,-0.26506292819976807,-0.21028867363929749,-0.41063666343688965,0.7553136348724365,0.2896300256252289,0.5796826481819153,0.8769594430923462,-0.018962543457746506,-0.7913830280303955,-0.8596598505973816,AM7272
-0.0673551931977272,0.4394065737724304,0.3302933871746063,0.7105729579925537,1.2970480918884277,0.03867104649543762,-0.5370279550552368,-1.8850936889648438,0.6073139905929565,-0.190839022397995,-2.395211935043335,-0.9840869903564453,1.7574347257614136,1.2345291376113892,-1.0617425441741943,-0.24580028653144836,0.46096450090408325,0.19075526297092438,-0.28477805852890015,-2.4132611751556396,-0.7526558041572571,AM7273
-0.021492255851626396,-0.26629674434661865,-0.3775603175163269,-0.3705250918865204,0.4158113896846771,-0.25978580117225647,0.543724000453949,0.4463101625442505,-0.39873313903808594,0.9441919922828674,1.7570525407791138,0.08480135351419449,0.2762187123298645,-0.5518544316291809,-0.2470446527004242,-0.7453847527503967,-0.5982924103736877,0.19667869806289673,0.13596712052822113,-0.16440299153327942,-0.11367353796958923,AM7277
-0.19365361332893372,0.1575126200914383,-0.12184587121009827,0.4423021078109741,-0.3182494044303894,0.7789591550827026,1.2013323307037354,1.3046886920928955,1.2965694665908813,-0.2234923392534256,1.9454416036605835,-0.9935482740402222,1.2503012418746948,0.596196711063385,0.44574832916259766,-0.3909582793712616,-0.5922608971595764,-0.3946453630924225,-0.17362087965011597,-0.5024827122688293,-0.597251832485199,AM7278
-0.26032447814941406,0.16873468458652496,0.6281025409698486,-0.29277873039245605,0.5450379848480225,-1.078255534172058,0.9523677229881287,0.3647768497467041,-0.1625126451253891,1.152833342552185,0.9319584965705872,1.4479660987854004,2.2213387489318848,-0.37848055362701416,-0.40370750427246094,0.4978208541870117,-0.2679663896560669,1.4828006029129028,0.2652776539325714,-0.9984909296035767,1.438098430633545,AM7280
-0.3540976643562317,-0.023237796500325203,0.6859710216522217,-0.7003793120384216,1.033588171005249,-0.19426807761192322,0.6928518414497375,-1.064024806022644,-0.3205530643463135,0.04523025080561638,-0.1706085205078125,1.0055021047592163,-0.16503749787807465,1.5925593376159668,2.6042115688323975,-1.046231985092163,-0.15935513377189636,-1.789131760597229,-0.7055338025093079,0.16587911546230316,0.0287267304956913,AM7283
-0.41647619009017944,0.01167416200041771,0.5866610407829285,-0.08613250404596329,0.6953551173210144,-0.1976470798254013,0.5834426283836365,-0.38256943225860596,-0.8600757718086243,0.8452480435371399,-0.6727025508880615,1.2644397020339966,0.6740134954452515,0.8519521951675415,1.5670833587646484,0.09362626075744629,0.5735132694244385,-0.05994805693626404,0.11911913752555847,-0.35075297951698303,0.2586878538131714,AM7284
-0.3272020220756531,-0.1489371508359909,0.4268341660499573,-0.09578343480825424,0.7827847003936768,-0.47277209162712097,1.42986261844635,-2.1721572875976562,0.212246835231781,-0.3504871428012848,-0.3441547155380249,-0.9189606308937073,0.6640656590461731,-0.5020371079444885,0.7717300653457642,-0.41294944286346436,0.16579750180244446,-1.309345006942749,0.4511762261390686,0.660814642906189,-0.6686304807662964,AM7285
0.07021518051624298,0.01975453644990921,-0.15756867825984955,-1.0149832963943481,0.7330431342124939,-0.49010688066482544,-0.6150992512702942,0.7016704678535461,0.1633448302745819,0.5988383293151855,0.994356095790863,-0.3296031057834625,-0.4907033145427704,-0.6711307764053345,0.7240265011787415,-1.0994969606399536,-0.45201215147972107,0.4372599720954895,-0.17277318239212036,-0.5029132962226868,-0.2673558294773102,AM7294
-0.17724931240081787,-0.05681515857577324,0.3785952031612396,0.230844184756279,0.8745201230049133,-0.6081368923187256,0.8837379217147827,-2.0989115238189697,0.7139649987220764,0.027442017570137978,1.4234389066696167,-1.353240728378296,-1.3954801559448242,-0.1598220020532608,0.3064862787723541,0.21991115808486938,-0.567152738571167,0.0020429566502571106,-2.7288475036621094,-0.05649983510375023,0.20915667712688446,AM7295
-0.3614614009857178,-0.26801013946533203,0.6144229769706726,-0.7094230651855469,0.46118059754371643,0.12967784702777863,-0.7538917064666748,0.2135549634695053,2.1212751865386963,-0.22673383355140686,1.6974774599075317,-0.8267719149589539,-2.2622992992401123,-1.010190486907959,-2.872720241546631,0.8919654488563538,1.5629369020462036,-2.620126247406006,1.7401971817016602,-1.4611694812774658,1.5984736680984497,AM7302
-0.22872160375118256,0.07378678768873215,0.18418069183826447,1.03102445602417,-0.158836230635643,-0.07178850471973419,0.4940914213657379,0.7933599352836609,-1.6062345504760742,0.27032235264778137,1.4382810592651367,0.5214139223098755,0.06879474222660065,-0.7829096913337708,-0.3305281698703766,0.2806646525859833,0.8782722353935242,-0.30607256293296814,-0.8170485496520996,0.38350263237953186,-0.18365401029586792,AM7303
-0.20127537846565247,-0.19101616740226746,-0.39078861474990845,0.07667405158281326,-0.24538367986679077,0.29270312190055847,1.300302267074585,0.6459584832191467,0.2075856626033783,1.4348467588424683,0.658963680267334,-0.17744053900241852,-0.12199193239212036,0.24313193559646606,-0.5519751310348511,1.4996682405471802,1.4841487407684326,-0.21170715987682343,-0.7112677693367004,0.4107409417629242,-0.202333003282547,AM7304
-0.25033119320869446,0.45734503865242004,0.5556982755661011,-0.43516936898231506,0.4592401385307312,-0.5454965829849243,-0.46773767471313477,1.1357972621917725,-0.9911913275718689,0.2416485995054245,-0.7102596759796143,1.3492015600204468,-0.4721269905567169,0.8368964195251465,-0.6943453550338745,0.5736095309257507,0.1738595962524414,0.8104138374328613,1.1245851516723633,0.7812875509262085,0.4211341440677643,AM7312
-0.37334364652633667,-0.08680498600006104,0.793982982635498,-0.5599767565727234,0.9678874611854553,-0.17415839433670044,0.017893660813570023,-0.49323150515556335,0.6977245211601257,0.623887300491333,0.9006354808807373,0.5714951157569885,0.827170729637146,0.7521451711654663,1.0818074941635132,0.9054020643234253,-0.22546671330928802,-1.5270708799362183,1.255233645439148,1.274973750114441,-0.9504207968711853,AM7313
-0.29239287972450256,-0.061528392136096954,0.35919517278671265,0.6137928366661072,-0.2837713658809662,-1.3280484676361084,0.24056176841259003,-1.2829513549804688,0.16395293176174164,1.896195888519287,-0.4198598861694336,-0.6960514187812805,1.6099961996078491,-0.8248053789138794,0.07954069972038269,0.8384442329406738,-0.16039776802062988,1.0117639303207397,0.6833810210227966,0.12307287007570267,-0.3872106075286865,AM7318
-0.06336373835802078,-0.25137513875961304,-0.5261476635932922,-0.23030270636081696,-0.33058464527130127,-0.7876098155975342,-1.1462416648864746,-0.09294047951698303,0.38174253702163696,1.6790025234222412,0.4195965826511383,-0.5342646241188049,-0.6123114824295044,1.368613600730896,-0.6551231741905212,0.25430697202682495,0.37216877937316895,-0.5488861799240112,0.4965769946575165,0.15254943072795868,-1.1462373733520508,AM7319
-0.29064446687698364,0.46120020747184753,0.264310747385025,-0.15024036169052124,-0.0353374183177948,-0.13786596059799194,-0.8513452410697937,1.149899959564209,-0.8100239634513855,0.39441344141960144,-1.6325976848602295,-0.3556334376335144,-1.5112663507461548,0.07877158373594284,-0.9674873352050781,-0.5310981273651123,-0.7555323243141174,0.8445588946342468,0.6166917681694031,1.5012809038162231,-0.06780350208282471,AM7320
-0.32772859930992126,0.12429732084274292,0.624560534954071,0.155870720744133,-0.034506481140851974,-0.3780529499053955,-1.3418039083480835,-0.13519234955310822,0.16322548687458038,1.1759151220321655,-0.22588352859020233,0.45489317178726196,1.1666051149368286,-0.021936465054750443,-0.4907709062099457,0.8984252214431763,-0.2060728222131729,1.362404227256775,-0.26952674984931946,-0.3868698477745056,0.40181979537010193,AM7321
-0.22930200397968292,0.32041898369789124,-0.3060489594936371,-0.33399954438209534,-0.6756789088249207,0.40375107526779175,1.1138323545455933,0.1338396668434143,0.1280055046081543,-1.2913190126419067,-1.2588388919830322,-0.6682747006416321,-0.1441241204738617,0.45022013783454895,0.7902431488037109,0.1693839579820633,-0.5293290615081787,0.06009915843605995,0.21246914565563202,-1.2649506330490112,0.7223777174949646,AM7323
-0.10761027038097382,-0.02182954177260399,-0.49236270785331726,-0.5009369850158691,-0.7362944483757019,-0.42942216992378235,0.09699607640504837,-0.76127690076828,0.49743878841400146,0.4393216073513031,-0.6774039268493652,0.6174382567405701,0.50202476978302,0.060054559260606766,-0.5352570414543152,0.8640407919883728,0.17520985007286072,-0.6214162707328796,-0.6809104084968567,-0.1351187378168106,0.13868191838264465,AM7325
-0.34555840492248535,0.31472671031951904,0.48984166979789734,-0.18585370481014252,0.3650326728820801,0.0964404046535492,-1.018985629081726,0.9064276814460754,-0.4758131504058838,0.44687774777412415,-1.3350088596343994,0.6051835417747498,-0.48377031087875366,0.4940672516822815,-0.22041697800159454,0.005855252034962177,0.03851068764925003,0.719979465007782,0.13722266256809235,0.5833759903907776,0.4049220383167267,AM7327
0.03663172572851181,-0.3698371648788452,-0.6062703132629395,0.15745754539966583,-0.40524905920028687,-0.3794891834259033,-0.43433627486228943,-0.9375944137573242,-1.6833995580673218,0.996833086013794,0.4825974106788635,-0.2479061633348465,-1.1444259881973267,0.09635654836893082,0.8600258231163025,0.7528896927833557,-0.8181104063987732,0.05811890959739685,0.6521297693252563,-0.8040894865989685,0.03975501284003258,AM7328
0.010010923258960247,-0.16175420582294464,-0.743812084197998,0.024777529761195183,-0.2405509352684021,0.1610625982284546,-0.20665858685970306,-1.2560163736343384,-1.0078281164169312,0.37881946563720703,0.05185949057340622,1.376495361328125,-1.2418617010116577,0.4289585053920746,0.37551119923591614,1.1960991621017456,-0.8006561398506165,0.010172705166041851,-0.09251094609498978,-0.48259466886520386,-0.21352478861808777,AM7329
-0.2846650183200836,0.376965194940567,-0.014469936490058899,0.4176975190639496,-0.4806723892688751,-0.2936188578605652,-0.11106685549020767,0.5534936785697937,-1.3239399194717407,0.8524678349494934,-1.8362027406692505,-1.056400179862976,-1.7362102270126343,0.3482852280139923,-0.9618955254554749,-0.20197129249572754,0.08685768395662308,-0.22449590265750885,-1.102447271347046,-0.4048345983028412,-0.12230771034955978,AM7332
-0.3365951478481293,0.22316227853298187,0.29641008377075195,0.10690846294164658,-0.8258647918701172,0.066897913813591,-1.7788344621658325,0.6959766745567322,-8.525426965206861e-4,0.583807110786438,0.3651312291622162,-0.10433919727802277,-1.62893545627594,0.20624327659606934,0.017648965120315552,0.5516639351844788,-0.6611486673355103,-0.09065143018960953,-0.023235714063048363,-0.13223861157894135,-0.8654162883758545,AM7333
-0.14648903906345367,-0.06318466365337372,-0.5681774020195007,-0.4079750180244446,-0.4097771942615509,0.2566155195236206,0.23208807408809662,-0.8012336492538452,0.058408841490745544,0.7603217363357544,-0.30393797159194946,0.7560418844223022,-1.1812529563903809,1.3496448993682861,-0.044118400663137436,0.917560338973999,-0.43731245398521423,0.6323662996292114,-0.6472198963165283,-0.05156910419464111,-0.2086895853281021,AM7334
-0.18990646302700043,0.12082283943891525,-0.36485132575035095,-0.41578933596611023,-0.2734142243862152,0.6394197940826416,0.5049902200698853,0.06853178143501282,0.8906043767929077,-0.02579154446721077,0.011792313307523727,0.015164819546043873,-0.02945012040436268,-0.24398088455200195,0.4082542359828949,0.5543643832206726,0.4852851331233978,0.7710760831832886,-0.8920475840568542,0.18664751946926117,0.206238254904747,AM7336
-0.2718348503112793,0.0942453071475029,-0.07740568369626999,-0.12210357934236526,-0.33536410331726074,1.2710515260696411,0.14937011897563934,0.969293475151062,1.2365480661392212,-0.3133043348789215,0.41576749086380005,-1.0219507217407227,0.3069412112236023,0.04839283972978592,0.6964985132217407,-0.43619638681411743,-0.6172460317611694,0.31827399134635925,-0.0769154354929924,-0.19590379297733307,-0.1531219333410263,AM7337
-0.20955489575862885,0.30037522315979004,0.0034621236845850945,0.5124446153640747,-1.0343546867370605,-0.5305814146995544,0.13936127722263336,0.6039034724235535,0.1865028589963913,0.37264788150787354,0.34335657954216003,-0.8827735185623169,-0.5533352494239807,-1.4646497964859009,1.234649658203125,-0.14757399260997772,0.24988523125648499,-0.588744044303894,-0.6244684457778931,-0.6701608896255493,-0.38570156693458557,AM7343
-0.12268039584159851,7.934487657621503e-4,-0.44147950410842896,-0.7646192312240601,-0.43189185857772827,-0.20180851221084595,0.0919884517788887,-0.28818607330322266,0.6328187584877014,0.2753758728504181,-0.11177194863557816,0.795646071434021,0.31939858198165894,-0.59433913230896,-0.15521059930324554,0.08361164480447769,0.3390147387981415,0.053207654505968094,-0.9680439233779907,0.442493736743927,0.10135950893163681,AM7344
0.17110231518745422,0.11282485723495483,-0.6587435603141785,-0.5837156176567078,-0.24590899050235748,-1.1266549825668335,0.6619843244552612,-0.44720882177352905,-1.170052170753479,0.21559010446071625,-0.47991999983787537,0.9682787656784058,-1.4223321676254272,-0.7223008275032043,1.3607890605926514,0.4967999756336212,0.8276155591011047,-0.02907472848892212,0.45872732996940613,-0.938073456287384,0.37830495834350586,AM7345
-0.12021400034427643,0.17292921245098114,-0.3654372990131378,0.018118152394890785,-0.8691368103027344,-0.03950881212949753,1.147070288658142,0.1499105840921402,0.05160779878497124,-0.3647829592227936,-0.13173194229602814,-0.6381171345710754,-0.24803997576236725,0.21164806187152863,1.1891006231307983,0.11289434880018234,0.1407962590456009,0.03420739620923996,0.29147931933403015,-0.816353976726532,0.6876814365386963,AM7346
-0.15217897295951843,-0.020993661135435104,-0.43397852778434753,-0.9213975667953491,-0.042060405015945435,0.298321008682251,-0.29443180561065674,-0.09423007071018219,0.5135983228683472,-0.014983989298343658,-0.05254460126161575,1.2156447172164917,-0.13406796753406525,0.06800069659948349,-0.26634714007377625,-0.14088088274002075,-0.7870473861694336,-0.21874283254146576,-0.6776386499404907,0.11500715464353561,0.02962745539844036,AM7353
-0.20549218356609344,-0.15744346380233765,-0.3889922499656677,-0.6915374994277954,-0.4840613007545471,0.37135037779808044,-0.5466874241828918,-0.4423053562641144,0.631859540939331,-0.592008113861084,-0.02310335263609886,1.2454042434692383,0.42299705743789673,0.24831333756446838,-0.7542308568954468,-0.5685336589813232,-1.530727744102478,-0.34793955087661743,-0.12051112204790115,0.7157992124557495,-0.10589613020420074,AM7354
0.1258731186389923,-0.16571369767189026,-0.49253228306770325,0.5891827940940857,1.3170661926269531,1.4831613302230835,-0.04477273300290108,0.27341243624687195,-0.1422119438648224,-0.2542363703250885,0.6257807612419128,1.5267819166183472,0.5136315822601318,0.4438149034976959,-0.8454300761222839,0.28483539819717407,-1.8015246391296387,-0.5341781377792358,0.8629357814788818,0.2323685735464096,0.1720716953277588,AM7356
0.12000957876443863,-0.0612957738339901,-0.3754301965236664,0.7865760922431946,2.4837255477905273,2.338815212249756,0.846066415309906,1.2101885080337524,0.02019437775015831,1.3708443641662598,-2.0548293590545654,-0.10752992331981659,-0.3825264275074005,-3.5049917697906494,0.7130253911018372,1.340814232826233,-0.9388469457626343,-0.512475848197937,0.42263785004615784,0.07419577986001968,0.20488852262496948,AM7359
-0.22889333963394165,-0.17561572790145874,-0.5543602705001831,-0.008887510746717453,-0.38015836477279663,0.42388129234313965,0.8805000185966492,-0.4283636808395386,0.43305227160453796,1.3016310930252075,-2.0291519165039062,-1.4136950969696045,0.40962979197502136,0.30720144510269165,-1.209664225578308,0.420362651348114,0.08919386565685272,0.4240361452102661,-0.10619383305311203,0.7650090456008911,0.056872185319662094,AM7361
-0.1931074857711792,-0.47511613368988037,-0.3994995653629303,-0.2799330949783325,0.2602265179157257,0.5578455328941345,-0.35659849643707275,-0.3464135229587555,-0.5722807049751282,0.9114733338356018,-0.3209381699562073,-0.8802024722099304,0.3420303165912628,0.07095108181238174,-0.8829737901687622,-1.1750216484069824,-2.4532272815704346,0.28149688243865967,0.321367472410202,-0.37896016240119934,0.2569616436958313,AM7362
0.0396517775952816,-0.5583532452583313,0.1272398829460144,-0.32904577255249023,-0.03107594884932041,-0.3998608887195587,0.9749968647956848,1.2052676677703857,-0.7130250930786133,-1.8655623197555542,-0.9411652088165283,0.297795832157135,-0.1326768398284912,-0.11581992357969284,0.2375325858592987,0.8917846083641052,-1.3754931688308716,-0.27461859583854675,-0.2492937296628952,-0.4780282974243164,0.303139328956604,AM7365
0.061947889626026154,-0.16294683516025543,-0.610352098941803,-0.037785161286592484,-0.16774727404117584,-0.20486067235469818,-0.5317814946174622,-0.6628936529159546,-0.4183221459388733,-0.12377433478832245,0.3276323974132538,0.24764887988567352,0.6485525965690613,-0.23016877472400665,-1.3397190570831299,-0.5895698666572571,-0.44972383975982666,-0.19815950095653534,-0.1104915589094162,-0.40769731998443604,-0.035641707479953766,AM7372
-0.04965689405798912,-0.7740135788917542,0.26774871349334717,0.530521035194397,-0.5711439847946167,0.1473633199930191,0.2285373955965042,-0.1613672375679016,0.6201838254928589,0.08373676985502243,-0.8605703711509705,0.06724749505519867,0.12440157681703568,0.05558139085769653,-0.6604426503181458,-1.3075655698776245,0.978233814239502,0.4920201301574707,0.11786714196205139,0.2757665812969208,-0.041224751621484756,AM7373
0.11071331799030304,-0.6896954774856567,0.3616044521331787,0.9983318448066711,-0.5936040282249451,-0.0549967959523201,-0.5325652360916138,-0.22298742830753326,1.5240854024887085,0.8569565415382385,-0.059044674038887024,0.24921914935112,0.08645684272050858,-0.21011294424533844,-0.04417111724615097,-0.789760410785675,0.8840813040733337,0.472766637802124,0.1857464462518692,0.20140762627124786,-0.25122082233428955,AM7380
0.045308519154787064,-0.27658215165138245,-0.25577229261398315,0.045500386506319046,0.4503844976425171,-0.2853786051273346,-0.44038376212120056,0.07827337086200714,-0.3854771554470062,1.5869240760803223,-0.2063436061143875,-1.7129626274108887,0.2796523869037628,-1.0464633703231812,0.19166167080402374,-0.7119564414024353,0.2934992015361786,0.428042471408844,0.07595475018024445,0.23191776871681213,0.08460470288991928,AM7382
0.09710681438446045,-0.6632593870162964,0.11725457012653351,0.6141599416732788,-0.016710715368390083,-0.06234882399439812,0.28024807572364807,0.4013039171695709,-0.28344398736953735,-0.42908117175102234,-0.38391053676605225,-0.8069971799850464,0.2035757303237915,0.1998872011899948,0.09877653419971466,1.0409642457962036,0.7463216781616211,-0.37174493074417114,-0.5762500762939453,0.21414130926132202,0.0744592621922493,AM7383
0.047239966690540314,-0.7025454044342041,0.2373819351196289,0.5985271334648132,-0.3138023018836975,0.5954026579856873,0.12379956990480423,-0.31843116879463196,0.21179886162281036,-0.24224063754081726,-0.0677049309015274,1.1843804121017456,-0.587085485458374,0.049582965672016144,0.2882795035839081,-1.3331959247589111,1.4398654699325562,0.629513144493103,0.18120983242988586,0.048501405864953995,0.2694340646266937,AM7384
0.014335905201733112,-0.6134228706359863,0.2959786653518677,-0.2950591444969177,-0.3597826063632965,-0.35934096574783325,0.14089158177375793,0.6738913655281067,-0.22584585845470428,-1.7541221380233765,-0.746065616607666,-0.3894957900047302,0.8029171228408813,-0.8310621976852417,-0.15337887406349182,0.41310200095176697,-0.06135159358382225,-0.2684018015861511,-0.8120637536048889,-0.3003198802471161,0.12671570479869843,AM7385
-0.04601781815290451,-0.3621380627155304,-0.3071364164352417,-0.2413870245218277,0.4102065861225128,0.02722756192088127,0.10483378916978836,0.0894494280219078,-0.9273294806480408,0.7442544102668762,0.34514760971069336,-0.9702662825584412,0.3177274465560913,-0.6934420466423035,-0.161865696310997,-1.2764735221862793,0.052454035729169846,0.20465385913848877,-0.2745502293109894,-0.03441568836569786,0.20166969299316406,AM7386
0.1403883546590805,-0.7084752321243286,0.07084811478853226,0.8073830604553223,-0.22350239753723145,-0.409569650888443,-0.07277343422174454,0.21710427105426788,-0.3461182117462158,-0.9230533838272095,0.4554392993450165,0.09245147556066513,0.9084143042564392,-0.17848774790763855,0.004193603061139584,1.2883754968643188,0.23342475295066833,-0.2193731963634491,0.19204677641391754,0.07635266333818436,0.07896105945110321,AM7387
-0.082412488758564,-1.0139485597610474,0.1838863641023636,0.8827871680259705,-0.42310699820518494,1.1331323385238647,0.4064655601978302,-0.4660581946372986,-0.17237716913223267,0.09019027650356293,-0.39351046085357666,1.1227524280548096,-1.325201392173767,0.5353606343269348,0.2263125628232956,-1.3744733333587646,0.8991971611976624,0.8297672867774963,0.16694165766239166,-0.20459333062171936,0.1103532463312149,AM7388
-0.05214860290288925,-0.739564836025238,0.3012113571166992,0.19120432436466217,-0.41022196412086487,0.054037243127822876,1.2730432748794556,0.43487462401390076,0.3253989815711975,-0.01384859811514616,-0.164703369140625,1.3496358394622803,-0.4080212712287903,-0.28103867173194885,0.12986266613006592,-1.2251732349395752,0.48909664154052734,0.43145570158958435,0.3765355050563812,-0.05095967650413513,0.3266065716743469,AM7409
0.022564943879842758,-0.42258787155151367,0.21090789139270782,-0.39448776841163635,0.27316778898239136,-0.5073354244232178,-0.18913204967975616,1.0891000032424927,-0.12410186231136322,-0.652158260345459,-0.45539745688438416,-0.8077974319458008,0.46937835216522217,0.02274603582918644,0.7707370519638062,0.6931643486022949,-0.4771795868873596,-0.1127164363861084,0.08097520470619202,0.16559551656246185,-0.291982501745224,AM7416
0.2045094072818756,-0.564285159111023,0.11617988348007202,1.3506977558135986,-0.6451629996299744,-0.042402997612953186,-0.17703835666179657,-0.768427848815918,1.1869006156921387,0.08617238700389862,-0.39091718196868896,0.2765352725982666,0.07698874920606613,0.6195061802864075,-0.05079260468482971,-0.3483664095401764,-1.6667253971099854,-0.2135663628578186,0.5280323028564453,0.433539479970932,0.08959676325321198,AM7419
0.09174393117427826,-0.2312132716178894,-0.33993297815322876,-0.21347872912883759,0.27142155170440674,-0.09017687290906906,-0.5765931606292725,-0.7413855195045471,-1.6143742799758911,-0.658954918384552,-0.258933424949646,-1.1156359910964966,0.4736612141132355,0.6970452666282654,0.4726012349128723,-1.0515331029891968,0.13130755722522736,-0.2653123140335083,0.3859560489654541,-0.11339740455150604,0.571817934513092,AM7420
-0.015226815827190876,-0.6630513668060303,0.36116737127304077,-0.2783350944519043,-0.5309330224990845,-0.03772682324051857,-0.43571963906288147,0.5537711381912231,0.3569287359714508,-1.2238396406173706,-0.5641005635261536,0.5187144875526428,-0.07534433156251907,0.09244132786989212,0.26541444659233093,0.6137221455574036,-0.8602321743965149,-0.445903480052948,-0.05719392001628876,0.11131224036216736,-0.23767200112342834,AM7426
0.054379381239414215,-0.6351771354675293,0.11450882256031036,0.0845891609787941,-0.47049763798713684,-0.19278933107852936,0.2735579013824463,0.31137359142303467,-0.6794130802154541,-1.632109522819519,-1.08079993724823,-0.06768301874399185,0.16943813860416412,0.596228837966919,-0.6394252777099609,1.2796647548675537,-0.4704599380493164,-0.7046616077423096,0.007168236188590527,0.2946803569793701,0.028179660439491272,AM7427
-0.03001726232469082,-0.48978009819984436,0.13260267674922943,-0.33564311265945435,-0.06426757574081421,0.07508426904678345,-1.860299825668335,0.5434443354606628,-0.05638914927840233,0.2769233286380768,0.7779936790466309,-0.8545684814453125,-0.1366579383611679,0.05388021096587181,0.5502792000770569,0.7602736949920654,0.3666175305843353,0.4198044538497925,0.24151791632175446,0.030591461807489395,-0.14430271089076996,AM7492
-0.30972710251808167,0.06639961153268814,0.24635125696659088,-0.4406810402870178,-0.6498565077781677,2.678449869155884,0.04875275865197182,-0.13040927052497864,-0.8186902403831482,-0.3260650336742401,0.7702547311782837,-0.8889814615249634,-0.5093829035758972,1.1085330247879028,-0.07076041400432587,0.2349393367767334,0.16783200204372406,0.20257723331451416,0.1806877702474594,-0.4831972122192383,-0.547714352607727,AM7493
-0.10068676620721817,0.40418514609336853,0.05152471363544464,-0.3843739926815033,-0.7918116450309753,1.724206805229187,0.06855618953704834,-0.2812958061695099,-0.115397609770298,-0.8225415349006653,0.2549080550670624,-0.7913818359375,0.3226965069770813,0.44517630338668823,0.7056009769439697,0.11628302186727524,0.7503352761268616,0.7119688987731934,1.098850131034851,-0.1089036762714386,-0.3770410120487213,AM7495
-0.07067866623401642,0.5815248489379883,0.5746777057647705,0.07238348573446274,-0.7723488211631775,-0.07423075288534164,-1.6248902082443237,-1.0701260566711426,-1.3139673471450806,-0.8820775151252747,0.045329611748456955,0.572855532169342,1.4669862985610962,-2.133242607116699,-0.6091122031211853,-0.20998717844486237,-0.32605791091918945,-0.7114350199699402,0.10910869389772415,0.00584129523485899,-0.7594199776649475,AM7589
0.02879413776099682,0.4768792986869812,0.10249274969100952,0.7054303884506226,-1.039482593536377,0.4751448929309845,0.321918785572052,-0.8864768743515015,-1.8468302488327026,-0.8692858815193176,0.5617343187332153,-0.12531033158302307,0.7026065587997437,-0.9398412108421326,-0.2785082459449768,0.18270175158977509,-0.018307030200958252,-0.4448000192642212,0.6459590792655945,0.18794280290603638,-0.031122572720050812,AM7591
0.1239669919013977,-0.079337939620018,-0.5438970923423767,-0.062133416533470154,0.17398110032081604,0.02517418935894966,-0.480572372674942,-0.6988545060157776,-1.1374715566635132,-0.2828696072101593,0.6512051820755005,1.1107375621795654,-0.24473097920417786,-0.4211154580116272,0.3099074363708496,-0.0182545967400074,0.6145848631858826,-0.37723982334136963,0.4506461024284363,-0.4521128833293915,-0.2455998808145523,AM7628
-0.07905051857233047,0.4736062288284302,0.419187992811203,0.21599170565605164,-0.6478312611579895,0.8246487975120544,-0.36174914240837097,-0.1321910321712494,-1.8317596912384033,-1.0636482238769531,0.4748910367488861,0.49168235063552856,-0.15126171708106995,-1.4641765356063843,-0.30138981342315674,-0.5220534205436707,0.3758277893066406,-0.6912364363670349,-0.7486175298690796,0.4580952525138855,-0.5732407569885254,AM7629
0.08130715787410736,0.5465322732925415,-0.09770403802394867,-0.176212877035141,-0.7664937376976013,0.6970687508583069,0.6403346061706543,-0.3159800171852112,0.06063675880432129,-0.9500741362571716,0.6149569749832153,-0.6157317161560059,1.3611537218093872,-0.7791743278503418,0.49176180362701416,0.9358617067337036,-0.14724622666835785,0.5981050729751587,1.225534200668335,0.33492836356163025,0.35350918769836426,AM7633
0.1325146108865738,0.2641114294528961,-0.23891259729862213,-0.07046099752187729,-0.6236463785171509,0.5341976284980774,-0.18989144265651703,-1.0552340745925903,0.48440560698509216,0.4691494405269623,1.0523653030395508,0.22107209265232086,1.3334122896194458,-0.3908694386482239,0.16380956768989563,1.0302273035049438,0.2706410884857178,0.17911291122436523,-0.13538208603858948,0.9167385101318359,0.07351940870285034,AM7634
