V1
1.045857554750814
0.226884773283674
0.1682982198436585
0.07535452506878072
0.04902176754679101
0.030041731630604876
0.019336996197572783
0.015419997644742181
0.013523757423791895
0.011518414418265236
0.009515651508719934
0.007762388659066784
0.0072342607418053526
0.006226360546140442
0.005778041256709867
0.004623835698049192
0.0048870135385397796
0.00405808329869861
0.003572544524340685
0.0030205320221746578
0.0027659897386237615
0.002522447457607287
0.00267678630434312
0.002099229868104967
0.002083813062483422
0.0020811630734297185
0.002080859238394596
0.002080765026586777
0.00208062749002403
0.0020805698912558096
