V1
1.0371783819372429
0.22506040346531414
0.1669994867745913
0.07489522035990956
0.04878469999374708
0.02995238929330967
0.01930970799281838
0.015408012208667877
0.013518172728196259
0.011517674532021977
0.009517956654345868
0.007766339549588806
0.007238582741697157
0.006231459112848115
0.005783270661232143
0.0046292267405655205
0.004892637236436381
0.004063629886256683
0.00357841024363614
0.0030264913121836687
0.0027723376742482928
0.0025290571829492087
0.0026831019763803835
0.0021019685684880735
0.0020839821663327872
0.002081059318129178
