PEER1,PEER2,PEER3,PEER4,PEER5,PEER6,PEER7,PEER8,PEER9,PEER10,PEER11,PEER12,PEER13,PEER14,PEER15,PEER16,PEER17,PEER18,Donor
-0.011694957502186298,-0.0798802450299263,-0.05649130418896675,-0.03381888568401337,0.06390358507633209,0.07865813374519348,-0.06963024288415909,-0.015210989862680435,-0.06435482949018478,-0.03070777654647827,0.10035881400108337,0.016074303537607193,0.11244067549705505,0.0019066868117079139,-0.0780782476067543,-0.1463814079761505,0.08359991759061813,0.026713848114013672,AM7180
0.07937925308942795,-0.0794658437371254,0.04657864570617676,-0.019797710701823235,0.039236728101968765,-0.09935148805379868,-0.017010530456900597,0.13095158338546753,-0.011895323172211647,-0.20607590675354004,-0.09322472661733627,-0.02465270459651947,0.052270956337451935,-0.003182850545272231,-0.00917881727218628,0.08281661570072174,0.04780031368136406,0.03738714009523392,AM7181
0.029909932985901833,0.012813674286007881,-0.12277033179998398,-0.08689474314451218,0.020654750987887383,-0.06193476915359497,0.023229269310832024,0.010477866046130657,-0.028982728719711304,-0.07807378470897675,0.054018039256334305,0.1547774374485016,0.11242683976888657,-0.10707075148820877,-0.09215229004621506,-0.045254193246364594,0.07671340554952621,-0.028752237558364868,AM7182
0.03719303011894226,0.07483259588479996,-0.09998701512813568,-0.0372433215379715,0.07402294129133224,0.018907707184553146,-0.016142385080456734,-0.021534482017159462,0.10406742244958878,-0.0699659138917923,-0.031105361878871918,0.14528103172779083,0.049986571073532104,-0.0013698166003450751,0.04183293879032135,-0.04867991805076599,0.25240781903266907,0.024665148928761482,AM7188
0.03326684981584549,-0.06498339027166367,-0.028575776144862175,-0.03948431462049484,0.11278575658798218,0.013164996169507504,-0.1193632185459137,0.020124109461903572,-0.10901492834091187,-0.05904385447502136,0.05236196517944336,-0.09776414930820465,0.034071680158376694,0.04680301621556282,0.10312225669622421,-0.11884286999702454,0.11991660296916962,0.017002558335661888,AM7189
0.030980795621871948,0.1410055309534073,-0.07732080668210983,-0.012560663744807243,-0.018906358629465103,-0.010590845718979836,-0.06671199947595596,-0.018019556999206543,0.19225580990314484,-0.09983085095882416,-0.15380915999412537,-0.10342075675725937,0.0833297073841095,0.01105872355401516,-0.07708192616701126,-0.048275917768478394,0.10929954797029495,0.048773348331451416,AM7196
0.027114126831293106,0.032400116324424744,-0.10029792040586472,-0.11726418882608414,0.05144963786005974,0.035974979400634766,-0.1812598556280136,-0.10063307732343674,0.06712683290243149,-0.1131252646446228,-0.05233214050531387,0.10999945551156998,0.005207343026995659,-0.03706665709614754,0.02134113386273384,-0.1047736331820488,0.04280102252960205,-4.953180905431509e-4,AM7197
0.16175726056098938,0.0017724941717460752,0.026535557582974434,0.052938178181648254,0.14215099811553955,-0.08837608247995377,-0.10259761661291122,0.13759084045886993,0.11439806967973709,-0.033282000571489334,0.07008931785821915,-0.08095820248126984,0.025671962648630142,0.11745162308216095,0.016626548022031784,0.0350210927426815,-0.09319737553596497,0.06561228632926941,AM7203
0.030911274254322052,0.13920514285564423,0.03185708448290825,0.1864393800497055,0.11457108706235886,0.04696143791079521,-0.11512718349695206,0.06990613788366318,0.005758765619248152,-0.07715322077274323,-0.028480544686317444,0.12006793916225433,-0.017022477462887764,0.165738046169281,-0.05684464052319527,-0.05629235506057739,0.014411753974854946,-0.0469132736325264,AM7204
0.08645805716514587,-0.04729490727186203,-0.0021815034560859203,0.0375441238284111,0.1579468548297882,-0.004624458961188793,-0.12126243114471436,0.06722832471132278,-0.015558978542685509,-0.11525441706180573,0.04244239628314972,-0.100773885846138,0.05403464287519455,0.07603416591882706,0.029855653643608093,-0.004701173398643732,0.0582825243473053,0.060945868492126465,AM7205
0.18113762140274048,0.04209110513329506,0.09337535500526428,-0.10896443575620651,-0.05326797440648079,0.08262062072753906,-0.0038075707852840424,-0.06291034817695618,-0.17448697984218597,0.08555268496274948,0.05863772705197334,-0.23603209853172302,0.0858701765537262,0.13299834728240967,-0.1475057303905487,0.01979387365281582,0.04038015753030777,-0.04528841748833656,AM7208
0.20472915470600128,0.07358265668153763,0.07846473902463913,-0.10886500775814056,0.09490704536437988,0.1867367923259735,0.05343835800886154,-0.03696887195110321,-0.20380276441574097,0.09945331513881683,-0.024053484201431274,-0.14974850416183472,0.010006213560700417,0.09645195305347443,-0.01665731519460678,0.017068469896912575,0.10359825938940048,-0.07019206136465073,AM7209
0.20729021728038788,0.043831516057252884,0.16637399792671204,-0.06434837728738785,0.03611933812499046,0.18497289717197418,0.08038884401321411,0.009550168178975582,0.014029426500201225,0.15089702606201172,-0.07083380967378616,0.04835256561636925,-0.06835079193115234,0.026606963947415352,-0.04042675346136093,0.008046286180615425,-0.04996403679251671,0.030910728499293327,AM7211
0.2554287314414978,0.05933692306280136,0.17247803509235382,-0.07183222472667694,-0.03471925109624863,0.11182573437690735,0.0343388170003891,-0.03447267785668373,0.060301523655653,0.10059025883674622,-0.022830672562122345,0.09891856461763382,-0.11445945501327515,-0.014453552663326263,0.03450503572821617,0.024616174399852753,-0.041244372725486755,0.031017694622278214,AM7213
0.14932286739349365,-0.017365561798214912,0.19553112983703613,-0.12968361377716064,-0.21785898506641388,-0.05237789824604988,0.11779604107141495,-0.0022226350847631693,0.09647633880376816,0.20801161229610443,0.01571260206401348,0.03307625651359558,0.06529931724071503,-0.13426129519939423,-0.04095495492219925,-0.06668056547641754,-0.058860160410404205,-0.04030126333236694,AM7214
0.2590634524822235,0.07804366946220398,0.17974765598773956,-0.11114580929279327,-0.055306363850831985,-0.002002564026042819,0.07995697855949402,0.013121373951435089,0.10792403668165207,0.1270393282175064,0.019089149311184883,0.09496662765741348,-0.0687776505947113,0.02387332171201706,0.031957998871803284,-0.0846843272447586,-0.05113663151860237,0.0028766226023435593,AM7215
0.23761148750782013,0.057295966893434525,0.14359593391418457,-0.10585623234510422,-0.14567327499389648,-0.03139425814151764,0.0939396545290947,-0.09026144444942474,-0.016971653327345848,0.05653132498264313,-0.1010899767279625,-0.007733152713626623,-0.06115525960922241,0.0682699903845787,-0.029581721872091293,0.010321392677724361,-0.046132028102874756,-0.055543262511491776,AM7216
-0.08247187733650208,0.09671490639448166,0.04746170714497566,0.035572800785303116,-0.01692090928554535,0.023290827870368958,0.013873445801436901,0.176824688911438,-0.049505721777677536,-0.09124119579792023,-0.010088607668876648,0.03981563448905945,-0.07371106743812561,0.004737616516649723,0.05035765469074249,-0.15165488421916962,0.0019722147844731808,-0.04246536269783974,AM7221
0.03275766968727112,0.13465407490730286,-0.049234338104724884,0.18081223964691162,-0.12863655388355255,-0.061944443732500076,-0.1596001535654068,-0.008282650262117386,0.1803555190563202,-0.04974903166294098,-0.02358919195830822,-0.05976024270057678,-0.006266611162573099,-0.00638442300260067,0.21059787273406982,-0.06273791939020157,-0.14109106361865997,-0.1354285031557083,AM7223
0.06460545212030411,0.08949418365955353,-0.13769583404064178,0.053356532007455826,-0.06750175356864929,-0.07016956061124802,-0.12598206102848053,-0.090962253510952,0.20971326529979706,0.05530286580324173,-0.15892380475997925,-0.043444931507110596,0.040875986218452454,0.03747372701764107,0.10472796112298965,0.00832411739975214,0.0034533562138676643,-0.1422467827796936,AM7224
0.03539160266518593,0.11352625489234924,0.012025312520563602,0.21138356626033783,-0.027421820908784866,-0.064826861023902893,-0.20040859282016754,0.011623292230069637,0.044471703469753265,0.08928678184747696,-0.04298720136284828,0.0678803026676178,-0.123460553586483,-0.08961706608533859,0.20478224754333496,0.016893845051527023,0.07351098209619522,-0.0643242672085762,AM7226
-0.02054261602461338,0.11069193482398987,-0.01657685451209545,0.16629506647586823,-0.013261916115880013,-0.07794200628995895,0.13275815546512604,0.18485459685325623,0.02900894731283188,0.026624571532011032,0.17423976957798004,-0.027092695236206055,0.06661112606525421,0.1450316160917282,-0.15652714669704437,-0.16459038853645325,-0.19179052114486694,-0.14354833960533142,AM7228
0.017971690744161606,0.07450886815786362,-0.10626786947250366,-0.004187744110822678,0.06003907695412636,-0.06925418972969055,0.24688579142093658,0.14154602587223053,0.06342558562755585,0.050143804401159286,-0.027318187057971954,-0.015899622812867165,0.016284095123410225,-0.07486642897129059,0.04515422135591507,0.001873792614787817,0.06533561646938324,7.319545838981867e-4,AM7229
0.004542285576462746,0.11598732322454453,-0.005830876994878054,0.15706299245357513,0.019386326894164085,-0.12593311071395874,0.18267974257469177,0.19364430010318756,-0.08327624946832657,0.0870090052485466,0.10237499326467514,-0.005048781633377075,-0.05975265055894852,-0.01976100355386734,-0.09281383454799652,-0.05878092348575592,0.005128934048116207,0.008195199072360992,AM7230
0.031069038435816765,0.129841610789299,0.03555360808968544,0.14246444404125214,0.04852939024567604,-0.1810898780822754,0.06264465302228928,-0.013786987401545048,-0.1390078216791153,-0.07191482186317444,0.07470390200614929,0.15876762568950653,0.024502867832779884,0.09789691865444183,-0.08560702204704285,0.03488043695688248,-0.03839016705751419,0.07813377678394318,AM7236
0.06009622663259506,0.0995621308684349,-0.17804040014743805,0.015976490452885628,0.0622025802731514,-0.2540145516395569,0.2518279552459717,0.11503969132900238,0.026169318705797195,-0.025499332696199417,-0.18028652667999268,0.0018972123507410288,-0.04604027792811394,0.10383620858192444,-0.11019100993871689,-0.05441379174590111,0.11088911443948746,-0.16855482757091522,AM7237
0.0807429850101471,0.01999177224934101,-0.11749599874019623,0.04282550513744354,0.04489680752158165,-0.030152304098010063,-0.1416938751935959,-0.08576767146587372,0.02020423859357834,0.03473173826932907,0.0825597494840622,0.051834139972925186,0.03811657428741455,-0.06848223507404327,-0.009198934771120548,0.00805888045579195,-0.0035739943850785494,-0.014649678952991962,AM7241
0.05790860205888748,0.003814526367932558,-0.14604029059410095,-0.030945822596549988,0.044236864894628525,-0.08326009660959244,-0.023496456444263458,-0.04930084943771362,-0.07992158085107803,0.06136595085263252,-0.0013445439981296659,-0.02827427163720131,0.0063018291257321835,-0.10624369978904724,-0.07800832390785217,-0.08026672899723053,-0.03991078585386276,-0.013528862036764622,AM7242
0.04822774603962898,-0.09053577482700348,0.09607865661382675,-0.10577014088630676,-0.05037057027220726,-0.1449221819639206,-0.09332065284252167,0.14270064234733582,0.1213100254535675,-0.10356207191944122,-0.09632763266563416,-0.03449023514986038,0.005976836197078228,-0.14432217180728912,-0.005812275223433971,0.06280495226383209,-0.033838145434856415,0.050137490034103394,AM7243
0.09314023703336716,-0.05959729850292206,-0.019480178132653236,0.014697379432618618,0.0556693933904171,-0.12801556289196014,-0.053539663553237915,0.09102792292833328,-0.10947081446647644,-0.019821012392640114,0.11079740524291992,-0.12795059382915497,0.010488484054803848,0.09482276439666748,0.09092586487531662,0.05737893283367157,0.041634075343608856,0.03199201077222824,AM7255
0.045419804751873016,-0.02204674296081066,-0.003851745743304491,-0.17396236956119537,0.04855502396821976,-0.15319868922233582,-0.13110366463661194,0.16183359920978546,0.0059509314596652985,0.03972689062356949,0.1225123405456543,-0.07277446985244751,-0.02686273865401745,0.013319951482117176,0.09304089099168777,-0.009946849197149277,0.004815980792045593,0.06050547957420349,AM7256
-0.04748503863811493,0.07808559387922287,-0.0666041150689125,-0.19444715976715088,0.0033392668701708317,0.06100912764668465,0.05176693946123123,0.08486555516719818,0.17878055572509766,-0.11687834560871124,-0.0171507615596056,0.06763940304517746,0.047863900661468506,-0.025605151429772377,-0.03871485963463783,-0.06411968171596527,-0.0040251403115689754,0.13794760406017303,AM7260
0.017507679760456085,0.09213677048683167,-0.07073716819286346,0.046700600534677505,-0.09145449101924896,-0.03886193037033081,0.11677614599466324,0.05989668145775795,0.03529844060540199,-0.0469706654548645,0.1335265189409256,0.012115128338336945,-0.06271342188119888,0.1255572885274887,0.08807387202978134,0.0555090606212616,0.03907768055796623,0.1346803456544876,AM7261
0.01241995207965374,0.036530379205942154,0.037800274789333344,0.09586784243583679,0.12130245566368103,-0.10178856551647186,0.1405910700559616,-0.30707013607025146,0.054676175117492676,-0.21640433371067047,0.1653600037097931,-0.09210669249296188,-0.2554800808429718,-0.012616422027349472,-0.06055722013115883,0.049008943140506744,-0.10834678262472153,0.18585018813610077,AM7266
0.07563506811857224,0.01697317697107792,-0.10538537800312042,0.10684753954410553,0.08822428435087204,0.109736867249012,-0.04775424674153328,-0.018676018342375755,0.12297312915325165,-0.010220889933407307,0.11949756741523743,0.18515662848949432,0.008005506359040737,0.164577916264534,-0.0865958034992218,0.18500405550003052,0.05451385676860809,-0.011842433363199234,AM7269
-0.00634723948314786,0.07710646837949753,0.07667001336812973,-0.02763310819864273,0.16417255997657776,-0.08999927341938019,0.0629253014922142,-0.24237726628780365,0.0944814682006836,-0.2918485999107361,0.03394350782036781,-0.07764539122581482,-0.23950660228729248,-0.14542578160762787,-0.09982463717460632,-0.02324613928794861,-0.02338252030313015,0.1217222735285759,AM7270
0.014555279165506363,0.12125842273235321,0.00560795096680522,0.12654486298561096,0.09845957905054092,0.13539005815982819,-0.12660351395606995,0.09671999514102936,0.17077971994876862,-0.009147852659225464,0.035125914961099625,-0.031880516558885574,-0.021560782566666603,-0.04748785123229027,0.08618663996458054,0.03317528963088989,0.06780514121055603,0.1015569344162941,AM7272
-0.02678789384663105,0.11239462345838547,0.0777251347899437,0.13390108942985535,0.21852102875709534,0.005781079642474651,-0.06693243980407715,-0.2395917922258377,0.07651390135288239,-0.032039836049079895,-0.2920968532562256,-0.12083516269922256,0.2063925415277481,0.1394505351781845,-0.1288457065820694,-0.03928154706954956,0.04635009542107582,0.0290467981249094,AM7273
-0.008303030394017696,-0.06907396018505096,-0.08900567889213562,-0.07048092782497406,0.06878554821014404,-0.03755100816488266,0.06983262300491333,0.056853100657463074,-0.049256082624197006,0.11898599565029144,0.21188992261886597,0.013633107766509056,0.0321308895945549,-0.06861485540866852,-0.029098203405737877,-0.08113615214824677,-0.07083899527788162,0.01746978424489498,AM7277
-0.07711752504110336,0.04162098467350006,-0.028440918773412704,0.08379117399454117,-0.05423859879374504,0.11578168720006943,0.1588803231716156,0.16389545798301697,0.15856336057186127,-0.024807104840874672,0.23633608222007751,-0.11625001579523087,0.15219460427761078,0.06073012202978134,0.046014588326215744,-0.0475735142827034,-0.07129981368780136,-0.04181980714201927,AM7278
-0.10255174338817596,0.04351116344332695,0.14809991419315338,-0.05827757343649864,0.09208811819553375,-0.15686774253845215,0.12494142353534698,0.044013068079948425,-0.01917310617864132,0.14395354688167572,0.10939353704452515,0.17308057844638824,0.2636551558971405,-0.04386886954307556,-0.04714559018611908,0.059377752244472504,-0.03633040934801102,0.1612982153892517,AM7280
-0.13923951983451843,-0.007149666082113981,0.16103176772594452,-0.13687390089035034,0.17359566688537598,-0.027495773509144783,0.0912744551897049,-0.1340920776128769,-0.03758047893643379,0.004439324140548706,-0.017121322453022003,0.10861191898584366,-0.01454775221645832,0.18740788102149963,0.3092632591724396,-0.12588390707969666,-0.01113806664943695,-0.1866062730550766,AM7283
-0.16444028913974762,0.002600793493911624,0.13836948573589325,-0.019549747928977013,0.11755350977182388,-0.02867242507636547,0.07655134052038193,-0.04975627362728119,-0.10573554784059525,0.10405758023262024,-0.08065827935934067,0.14257703721523285,0.0827222540974617,0.10537489503622055,0.18455202877521515,0.01058193389326334,0.07024819403886795,-0.008378617465496063,AM7284
-0.12891142070293427,-0.03991256654262543,0.1008685901761055,-0.02173917554318905,0.13141870498657227,-0.06753629446029663,0.19173111021518707,-0.2733924090862274,0.02355830930173397,-0.04571395739912987,-0.039647750556468964,-0.11181028932332993,0.07857638597488403,-0.06520037353038788,0.0858391597867012,-0.04247374087572098,0.025059370324015617,-0.1579524427652359,AM7285
0.028413835912942886,0.00455623771995306,-0.038050636649131775,-0.19291028380393982,0.12192321568727493,-0.07216650247573853,-0.08316119015216827,0.0904795303940773,0.023908982053399086,0.07318174839019775,0.11994384974241257,-0.037586286664009094,-0.05706126242876053,-0.08201392740011215,0.08543124794960022,-0.12277629226446152,-0.051781151443719864,0.05166904628276825,AM7294
-0.07014402747154236,-0.015782995149493217,0.08925212174654007,0.041465919464826584,0.14673487842082977,-0.08703333884477615,0.11846327036619186,-0.26625555753707886,0.08933040499687195,-6.289029261097312e-4,0.17443791031837463,-0.16575732827186584,-0.16309165954589844,-0.02256798930466175,0.03744892030954361,0.00819939561188221,-0.06850531697273254,0.06319034099578857,AM7295
-0.1423473209142685,-0.0702807679772377,0.14339031279087067,-0.1372843235731125,0.07563696056604385,0.018989063799381256,-0.09933216124773026,0.028170356526970863,0.2692822217941284,-0.029802192002534866,0.20197312533855438,-0.08532485365867615,-0.27259597182273865,-0.12003659456968307,-0.3381483554840088,0.11525622010231018,0.18188433349132538,-0.31669536232948303,AM7302
-0.09131035953760147,0.019979901611804962,0.04454958811402321,0.19554615020751953,-0.024893175810575485,-0.009432325139641762,0.06306488066911697,0.09804382175207138,-0.20011788606643677,0.03734026849269867,0.17563875019550323,0.06495431065559387,0.007069858256727457,-0.08933623135089874,-0.03950643911957741,0.029988717287778854,0.10265139490365982,-0.011920985765755177,AM7303
-0.07990241050720215,-0.04868697747588158,-0.09151950478553772,0.014140564948320389,-0.04186585918068886,0.04371543601155281,0.1705724596977234,0.08047112822532654,0.024044226855039597,0.17971178889274597,0.0806831568479538,-0.02457651123404503,-0.012201828882098198,0.03397451341152191,-0.06775125116109848,0.16577792167663574,0.1707001030445099,-0.0026486669667065144,AM7304
-0.0985523909330368,0.11835893243551254,0.13090668618679047,-0.08446038514375687,0.07848215103149414,-0.08079122006893158,-0.06339023262262344,0.14351527392864227,-0.11868447065353394,0.031424593180418015,-0.08595171570777893,0.16134393215179443,-0.05594569072127342,0.1063615158200264,-0.07808302342891693,0.07122187316417694,0.019436966627836227,0.06411533802747726,AM7312
-0.14699417352676392,-0.023678649216890335,0.18622301518917084,-0.10993479937314987,0.16195692121982574,-0.025064906105399132,0.0015915355179458857,-0.06317006051540375,0.09066978842020035,0.07606473565101624,0.10854942351579666,0.06441252678632736,0.10252052545547485,0.08834832161664963,0.125477135181427,0.11107999086380005,-0.019725171849131584,-0.20007801055908203,AM7313
-0.11595971137285233,-0.016112705692648888,0.08539918065071106,0.11481966078281403,-0.04591964930295944,-0.19497668743133545,0.03311604633927345,-0.165848970413208,0.018142396584153175,0.22939389944076538,-0.05352933704853058,-0.08650398254394531,0.19080518186092377,-0.09915788471698761,0.004355297423899174,0.10121043771505356,-0.019824974238872528,0.09587220102548599,AM7318
-0.025198787450790405,-0.06502494215965271,-0.12401982396841049,-0.04298528656363487,-0.05569073557853699,-0.11758378148078918,-0.15152378380298615,-0.013206307776272297,0.050017308443784714,0.20371976494789124,0.04931676760315895,-0.0677437111735344,-0.06962589919567108,0.16212837398052216,-0.07889199256896973,0.029768355190753937,0.04099744185805321,-0.07331215590238571,AM7319
-0.11487302929162979,0.11974186450242996,0.06269919872283936,-0.02966439351439476,-0.004158434458076954,-0.02170589379966259,-0.1136975958943367,0.14556199312210083,-0.0982770323753357,0.04873472824692726,-0.19589835405349731,-0.040230751037597656,-0.18194852769374847,0.01118233148008585,-0.10843640565872192,-0.05621931329369545,-0.08897075057029724,0.07312273979187012,AM7320
-0.1298321634531021,0.03210776671767235,0.14693810045719147,0.028076395392417908,-0.004667940083891153,-0.05662715435028076,-0.17822645604610443,-0.02074628323316574,0.023441139608621597,0.1407778263092041,-0.03203658014535904,0.05188824608922005,0.1391371488571167,-1.6484130173921585e-4,-0.05712511017918587,0.10016977787017822,-0.029287930577993393,0.15855661034584045,AM7321
-0.0903950035572052,0.0833868682384491,-0.07156550139188766,-0.06466799974441528,-0.1126938983798027,0.05905695632100105,0.1493173986673355,0.01931452564895153,0.01095797959715128,-0.15957188606262207,-0.15024931728839874,-0.08063231408596039,-0.0179002545773983,0.05185866728425026,0.09150740504264832,0.017260795459151268,-0.06097744032740593,0.0028387627098709345,AM7323
-0.042397256940603256,-0.0054636793211102486,-0.11593369394540787,-0.09554170817136765,-0.1231725811958313,-0.06433901935815811,0.01437483448535204,-0.09693725407123566,0.059454526752233505,0.05203177034854889,-0.08442667126655579,0.07018537074327469,0.05884558707475662,0.00931337010115385,-0.06040963903069496,0.09263759851455688,0.019237423315644264,-0.05056199058890343,AM7325
-0.13658255338668823,0.08148019015789032,0.11529424786567688,-0.03697006776928902,0.06218397617340088,0.012752191163599491,-0.1360294222831726,0.11376485228538513,-0.05519252270460129,0.05428652465343475,-0.16215825080871582,0.07034757733345032,-0.05716412514448166,0.06326235085725784,-0.022302834317088127,8.678443264216185e-4,0.0032787250820547342,0.07507935911417007,AM7327
0.014247539453208447,-0.09563449770212173,-0.142358660697937,0.030782146379351616,-0.06712151318788528,-0.057247456163167953,-0.058963414281606674,-0.11921724677085876,-0.20994243025779724,0.12085272371768951,0.058293331414461136,-0.03237510472536087,-0.1360137015581131,0.01522166095674038,0.10197616368532181,0.09117035567760468,-0.0924621969461441,-0.005737280938774347,AM7328
0.0037580574862658978,-0.041843824088573456,-0.17498527467250824,0.005371949169784784,-0.0398080088198185,0.021582331508398056,-0.027365585789084435,-0.16014216840267181,-0.12560419738292694,0.045844268053770065,0.004577347077429295,0.15931302309036255,-0.14792343974113464,0.059527717530727386,0.05119334161281586,0.13546615839004517,-0.09055507183074951,0.006793000735342503,AM7329
-0.11302883923053741,0.0984749048948288,-0.0022150289732962847,0.07852163910865784,-0.07799497246742249,-0.04390803351998329,-0.015444176271557808,0.06907833367586136,-0.1657198965549469,0.10361061990261078,-0.21911989152431488,-0.12738774716854095,-0.20905669033527374,0.04309387132525444,-0.1099395751953125,-0.03233100473880768,0.007309466600418091,4.0081143379211426e-4,AM7332
-0.1335698664188385,0.05851028114557266,0.06973417848348618,0.019643403589725494,-0.1368374526500702,0.00743901077657938,-0.23692771792411804,0.08531038463115692,0.003291727276518941,0.0694144144654274,0.04268072918057442,-0.012654807418584824,-0.19186966121196747,0.027620429173111916,0.00537115940824151,0.063146211206913,-0.07639536261558533,-0.007938625290989876,AM7333
-0.05790853500366211,-0.01616334542632103,-0.1338452398777008,-0.07805842906236649,-0.06860300898551941,0.03613506630063057,0.030653508380055428,-0.10251589119434357,0.006835834588855505,0.09265687316656113,-0.03784070163965225,0.08280531316995621,-0.13755515217781067,0.16582857072353363,0.0011142402654513717,0.09633160382509232,-0.05337389186024666,0.08516787737607956,AM7334
-0.0751214474439621,0.03150692954659462,-0.08617448806762695,-0.07983841001987457,-0.04646153002977371,0.0933869257569313,0.06722047924995422,0.008724149316549301,0.10905557870864868,-0.0031281444244086742,3.42319457558915e-4,-0.001215690397657454,-0.0013648145832121372,-0.02645680494606495,0.047678392380476,0.057114556431770325,0.055564604699611664,0.10782207548618317,AM7336
-0.10769285261631012,0.02488558739423752,-0.018636444583535194,-0.02400309592485428,-0.05717180669307709,0.18649253249168396,0.01951988786458969,0.12263622879981995,0.15237531065940857,-0.03846316784620285,0.05006268620491028,-0.12044180184602737,0.03832774981856346,-1.2714476906694472e-4,0.07897044718265533,-0.05121569707989693,-0.0727449581027031,0.034301578998565674,AM7337
-0.08346635103225708,0.07883726060390472,0.0017484681447967887,0.09705007076263428,-0.1718163788318634,-0.07791098207235336,0.01878686062991619,0.07449954003095627,0.020353049039840698,0.04519248753786087,0.04317954182624817,-0.10565809905529022,-0.0651712715625763,-0.17457857728004456,0.1426239311695099,-0.016368471086025238,0.03336953744292259,-0.046827103942632675,AM7343
-0.04821782186627388,2.4471874348819256e-4,-0.10428622364997864,-0.14583803713321686,-0.07270585000514984,-0.030580520629882812,0.012970290146768093,-0.03650491312146187,0.07749295979738235,0.0334368571639061,-0.015846729278564453,0.0931798666715622,0.03791944682598114,-0.06832735240459442,-0.015061043202877045,0.005037782248109579,0.03909379243850708,0.02903597615659237,AM7344
0.06820902228355408,0.029279885813593864,-0.15478791296482086,-0.1104244738817215,-0.04038417339324951,-0.16615037620067596,0.08780278265476227,-0.05517784133553505,-0.14728273451328278,0.02722105383872986,-0.05623756721615791,0.1113048791885376,-0.1693250834941864,-0.0757596418261528,0.1620924174785614,0.06320302933454514,0.10309611260890961,-0.005782373249530792,AM7345
-0.047608476132154465,0.04550403356552124,-0.08545248955488205,0.003049441147595644,-0.1451360434293747,-0.005827350076287985,0.15259620547294617,0.019409606233239174,0.0017243693582713604,-0.0444936528801918,-0.013814526610076427,-0.07864280045032501,-0.02783322148025036,0.024203719571232796,0.13611392676830292,0.013484825380146503,0.017867472022771835,-8.161686128005385e-4,AM7346
-0.05977579578757286,-0.005620228126645088,-0.10290354490280151,-0.17572855949401855,-0.007771899923682213,0.04234613850712776,-0.03875172883272171,-0.011595988646149635,0.06449920684099197,-0.0021356698125600815,-0.009269670583307743,0.14466974139213562,-0.01637619361281395,0.009639076888561249,-0.023897388949990273,-0.02027924358844757,-0.09176844358444214,-0.009333979338407516,AM7353
-0.08101582527160645,-0.04094802588224411,-0.09218831360340118,-0.13198082149028778,-0.08171384781599045,0.05268587917089462,-0.07100368291139603,-0.055628251284360886,0.0781988874077797,-0.07332413643598557,-0.00670951372012496,0.1505553126335144,0.04835674911737442,0.027516566216945648,-0.08124441653490067,-0.06572060286998749,-0.17864607274532318,-0.04112217202782631,AM7354
0.04936248064041138,-0.043419308960437775,-0.11634673923254013,0.11343156546354294,0.21888367831707,0.21759140491485596,-0.0063103907741606236,0.03391871973872185,-0.015405222773551941,-0.027888700366020203,0.07271862030029297,0.1866314858198166,0.058461468666791916,0.052743833512067795,-0.09283022582530975,0.03807692974805832,-0.20973500609397888,-0.08193744719028473,AM7356
0.047011151909828186,-0.016370872035622597,-0.08864618837833405,0.1502390056848526,0.41347211599349976,0.3446302115917206,0.11023307591676712,0.1537940353155136,0.002929414389654994,0.17274852097034454,-0.24892838299274445,-0.009096006862819195,-0.052150093019008636,-0.4084482491016388,0.08893238753080368,0.1657850593328476,-0.10009302198886871,-0.06237766146659851,AM7359
-0.09061825275421143,-0.0452437587082386,-0.12988752126693726,-0.002490464597940445,-0.06416600197553635,0.06161456182599068,0.11750977486371994,-0.05395393446087837,0.04931233078241348,0.1585557460784912,-0.24556536972522736,-0.17152473330497742,0.04671219363808632,0.03436855599284172,-0.14392632246017456,0.043941695243120193,0.005782563239336014,0.044805582612752914,AM7361
-0.07622922956943512,-0.12346312403678894,-0.09422246366739273,-0.05401090532541275,0.04278570041060448,0.0807872861623764,-0.048428136855363846,-0.04303131252527237,-0.07195647060871124,0.11038285493850708,-0.04078405350446701,-0.10046698153018951,0.03618639335036278,-3.41510349244345e-6,-0.10006647557020187,-0.13195589184761047,-0.28948038816452026,0.016345398500561714,AM7362
0.01628808118402958,-0.14459237456321716,0.03047213889658451,-0.06222328916192055,-0.006491614505648613,-0.05662169307470322,0.13094164431095123,0.15850938856601715,-0.09126625210046768,-0.22516930103302002,-0.11031796783208847,0.0388089083135128,-0.018426064401865005,-0.011693215928971767,0.032046400010585785,0.09930025786161423,-0.1584138572216034,-0.023960774764418602,AM7365
0.024419521912932396,-0.0424504354596138,-0.14377237856388092,-0.006132515612989664,-0.02806495875120163,-0.0311362836509943,-0.06946705281734467,-0.08380883932113647,-0.052717264741659164,-0.016373101621866226,0.03681550547480583,0.03388411924242973,0.07260866463184357,-0.030535118654370308,-0.1559773087501526,-0.0675266906619072,-0.05497856065630913,-0.01997585967183113,AM7372
-0.019915783777832985,-0.20017454028129578,0.06346731632947922,0.10120821744203568,-0.09708593040704727,0.0222568828612566,0.03224353864789009,-0.020208746194839478,0.07469653338193893,0.012408284470438957,-0.10406490415334702,0.00834704004228115,0.01351053174585104,0.004776076879352331,-0.0780072808265686,-0.1485166847705841,0.11212269961833954,0.049393169581890106,AM7373
0.04305179789662361,-0.17825883626937866,0.08534061163663864,0.19137977063655853,-0.10098482668399811,-0.007863831706345081,-0.06842164695262909,-0.03088238462805748,0.18942348659038544,0.1061679795384407,-0.008863026276230812,0.027371950447559357,0.011755110695958138,-0.02582714520394802,-0.005618016701191664,-0.08778005093336105,0.10229633748531342,0.04770616069436073,AM7380
0.017827127128839493,-0.07185656577348709,-0.06016611307859421,0.009145660325884819,0.0748906210064888,-0.0420600101351738,-0.059493616223335266,0.010274932719767094,-0.04768136888742447,0.1932988315820694,-0.024644190445542336,-0.20305851101875305,0.03231791406869888,-0.12804977595806122,0.017154261469841003,-0.07750949263572693,0.03368270769715309,0.04320854693651199,AM7382
0.03810203820466995,-0.17169681191444397,0.028200050815939903,0.11788278818130493,-0.003904354991391301,-0.007632856257259846,0.038086287677288055,0.05308283492922783,-0.036992669105529785,-0.051421891897916794,-0.04386071860790253,-0.09671301394701004,0.024730930104851723,0.024724312126636505,0.007521035149693489,0.11328333616256714,0.0864090770483017,-0.026541315019130707,AM7383
0.01832299865782261,-0.18175463378429413,0.05600659176707268,0.11454208195209503,-0.053988005965948105,0.08776043355464935,0.017277542501688004,-0.0407247431576252,0.025627927854657173,-0.02635370008647442,-0.008374039083719254,0.14000768959522247,-0.06940000504255295,0.009115086868405342,0.03532633185386658,-0.14972397685050964,0.16881151497364044,0.06680801510810852,AM7384
0.00606736121699214,-0.15896867215633392,0.06987836956977844,-0.0558885894715786,-0.0613417848944664,-0.05118340626358986,0.020503653213381767,0.09014808386564255,-0.03077901154756546,-0.2145114690065384,-0.08864832669496536,-0.04121517390012741,0.09213431179523468,-0.09955906122922897,-0.019073767587542534,0.04193715751171112,-0.006872707046568394,-0.009477777406573296,AM7385
-0.01806802861392498,-0.09407752007246017,-0.07235300540924072,-0.046080514788627625,0.06813400983810425,0.004175919108092785,0.01207608450204134,0.012787927873432636,-0.11596809327602386,0.09193212538957596,0.04253803938627243,-0.11251625418663025,0.03562633693218231,-0.08684812486171722,-0.02168702706694603,-0.14473631978034973,0.004697236232459545,0.0259842686355114,AM7386
0.0550873689353466,-0.1834591180086136,0.0173946563154459,0.1552165001630783,-0.03834223747253418,-0.05898222327232361,-0.007765297777950764,0.029126770794391632,-0.04440901800990105,-0.11174006760120392,0.0555117130279541,0.013303848914802074,0.10757171362638474,-0.01988985575735569,-0.002760074334219098,0.14783869683742523,0.027735840529203415,-0.025460470467805862,AM7387
-0.03319563344120979,-0.262197881937027,0.04375520348548889,0.1681649386882782,-0.07260172069072723,0.16648124158382416,0.054102569818496704,-0.05961081385612488,-0.02297327294945717,0.015415076166391373,-0.04693346843123436,0.13137957453727722,-0.15739186108112335,0.06762586534023285,0.030915718525648117,-0.15579280257225037,0.10541745275259018,0.0879739299416542,AM7388
-0.020566776394844055,-0.1910628080368042,0.0713874027132988,0.036143820732831955,-0.0704677626490593,0.00945984199643135,0.16933564841747284,0.055797506123781204,0.03790808096528053,0.00484534353017807,-0.018881091848015785,0.16130326688289642,-0.04939898103475571,-0.03124537691473961,0.019190534949302673,-0.13482041656970978,0.05894540995359421,0.03934512287378311,AM7409
0.009422766044735909,-0.10973779112100601,0.04965941607952118,-0.074679896235466,0.04462149366736412,-0.07347787916660309,-0.024415625259280205,0.14196565747261047,-0.014983139932155609,-0.07968147844076157,-0.05275404080748558,-0.09555475413799286,0.05666397139430046,0.0015512120444327593,0.08760862797498703,0.07804297655820847,-0.05400710180401802,-0.015291739255189896,AM7416
0.0800086110830307,-0.14585356414318085,0.02802579291164875,0.2590251863002777,-0.10918610543012619,-0.006174521520733833,-0.019886795431375504,-0.09969328343868256,0.14568760991096497,0.010759247466921806,-0.04850912094116211,0.03079204261302948,0.009402220137417316,0.06900158524513245,-0.0019534057937562466,-0.03698134794831276,-0.19358108937740326,-0.04245716333389282,AM7419
0.03658374771475792,-0.06053997203707695,-0.08000606298446655,-0.0400664359331131,0.04586507007479668,-0.014069712720811367,-0.07675779610872269,-0.09092900156974792,-0.2012084424495697,-0.08380104601383209,-0.029690951108932495,-0.13223294913768768,0.0550684817135334,0.07719668745994568,0.04990997910499573,-0.11987511813640594,0.015260003507137299,-0.041700415313243866,AM7420
-0.0057762861251831055,-0.17162396013736725,0.08486758172512054,-0.05243939161300659,-0.0903533324599266,-0.005182068329304457,-0.05602387338876724,0.07295338809490204,0.044078197330236435,-0.1491421014070511,-0.06805441528558731,0.06303483992815018,-0.009334387257695198,0.012528539635241032,0.03490396589040756,0.06891144067049026,-0.0975918099284172,-0.04847617447376251,AM7426
0.021679025143384933,-0.1643988937139511,0.027550766244530678,0.016889574006199837,-0.07946127653121948,-0.027193889021873474,0.03827296197414398,0.043593600392341614,-0.08705218881368637,-0.19897280633449554,-0.12872269749641418,-0.006003486458212137,0.01756797358393669,0.07259798049926758,-0.07430988550186157,0.1426418572664261,-0.05473688244819641,-0.07862695306539536,AM7427
-0.011831887066364288,-0.12706603109836578,0.030422933399677277,-0.06319324672222137,-0.011611559428274632,0.00974878016859293,-0.24785783886909485,0.06963873654603958,-0.003401127178221941,0.031557828187942505,0.09251075237989426,-0.10133617371320724,-0.013822979293763638,0.00758093548938632,0.059805914759635925,0.08781594038009644,0.04257962107658386,0.04296470433473587,AM7492
-0.12252409756183624,0.017809230834245682,0.05722608417272568,-0.08624148368835449,-0.10836861282587051,0.3922180235385895,8.202912285923958e-4,-0.01724410243332386,-0.10253281891345978,-0.04032665118575096,0.09387090802192688,-0.10372225195169449,-0.05964307487010956,0.13172520697116852,-0.011700870469212532,0.02410023659467697,0.01762855052947998,0.018865916877985,AM7493
-0.03976214677095413,0.10508345812559128,0.011457937769591808,-0.07433126121759415,-0.13197310268878937,0.25204208493232727,0.006348914001137018,-0.0360751673579216,-0.01617644727230072,-0.10243486613035202,0.030843693763017654,-0.09347337484359741,0.040097638964653015,0.05300833657383919,0.07588827610015869,0.017837751656770706,0.08831479400396347,0.05354709550738335,AM7495
-0.028100604191422462,0.15062302350997925,0.13507848978042603,0.012604442425072193,-0.12596845626831055,-0.012515833601355553,-0.2166936844587326,-0.13784119486808777,-0.16319262981414795,-0.11259662359952927,0.001292165950872004,0.07639936357736588,0.16736191511154175,-0.2530667781829834,-0.07177147269248962,-0.01692483015358448,-0.034143757075071335,-0.07919041067361832,AM7589
0.010820556432008743,0.12426023185253143,0.025027109310030937,0.13372135162353516,-0.171144038438797,0.06940008699893951,0.040340375155210495,-0.11426399648189545,-0.23335789144039154,-0.1072082594037056,0.06870685517787933,-0.00917784497141838,0.07892407476902008,-0.11187631636857986,-0.03636108338832855,0.02742147445678711,5.772729055024683e-4,-0.06264422088861465,AM7591
0.04896515607833862,-0.0208599716424942,-0.1283053457736969,-0.01086425594985485,0.029536228626966476,0.002501123119145632,-0.06413727253675461,-0.08846580982208252,-0.14068543910980225,-0.034719884395599365,0.07751356810331345,0.13314314186573029,-0.030554594472050667,-0.04514157772064209,0.03756238892674446,0.0033027136232703924,0.07525902986526489,-0.047331392765045166,AM7628
-0.03157414495944977,0.12331891059875488,0.09882501512765884,0.04023916646838188,-0.10579840838909149,0.12077964842319489,-0.05164744704961777,-0.018164100125432014,-0.2284565418958664,-0.1296359896659851,0.05800846219062805,0.06530763953924179,-0.022741718217730522,-0.1714802384376526,-0.03359218314290047,-0.05947340652346611,0.047481492161750793,-0.0579218715429306,AM7629
0.032227594405412674,0.14196397364139557,-0.023093000054359436,-0.03387823328375816,-0.12755334377288818,0.10216288268566132,0.08348334580659866,-0.040369436144828796,0.003921703901141882,-0.11741523444652557,0.07351142913103104,-0.06956329196691513,0.16162288188934326,-0.09361758828163147,0.050453465431928635,0.11625955998897552,-0.015440018847584724,0.038898125290870667,AM7633
0.052194882184267044,0.06873825192451477,-0.056737206876277924,-0.012989806942641735,-0.10414677113294601,0.07745311409235,-0.026617607101798058,-0.13670657575130463,0.059190865606069565,0.055718403309583664,0.12382954359054565,0.024461617693305016,0.16017089784145355,-0.045688197016716,0.015819067135453224,0.11792628467082977,0.03151742368936539,0.023792240768671036,AM7634
