V1
1.0349694506885694
0.22461265693230054
0.16665620339706075
0.07476702685813434
0.04872412000440878
0.029927061464045036
0.01930118751221768
0.015404768906135886
0.01351691527394307
0.011517592553212804
0.009518474360059937
0.007767079581158906
0.0072396502529558275
0.006232672227784693
0.00578460910549868
0.004630620472477887
0.004894005164782489
0.004065014427526182
0.003579850058819314
0.0030279766263269113
0.002774008703316857
0.0025307729337974423
0.0026845732156964624
0.0021029534597685326
0.00208414718831575
