PEER1,PEER2,PEER3,PEER4,PEER5,PEER6,PEER7,PEER8,PEER9,Donor
-0.011551742441952229,-0.07876934111118317,-0.05548281595110893,-0.03252042084932327,0.062154658138751984,0.07500610500574112,-0.06633516401052475,-0.01615695282816887,-0.05840565264225006,AM7180
0.07866479456424713,-0.07632984220981598,0.044565923511981964,-0.020007915794849396,0.03911745920777321,-0.09872362017631531,-0.0244856309145689,0.10078325122594833,0.012522617354989052,AM7181
0.03037206642329693,0.012985214591026306,-0.12076128274202347,-0.08526397496461868,0.020186198875308037,-0.06064879521727562,0.018753711134195328,0.0032436198089271784,-0.023043660447001457,AM7182
0.03763670101761818,0.0743604302406311,-0.09912712872028351,-0.03614160791039467,0.07194787263870239,0.016937511041760445,-0.01966743916273117,-0.023916153237223625,0.10491104423999786,AM7188
0.03331621736288071,-0.06365584582090378,-0.028368977829813957,-0.03801800310611725,0.11032543331384659,0.011026369407773018,-0.11608552932739258,0.012942900881171227,-0.09695400297641754,AM7189
0.030093709006905556,0.13988947868347168,-0.07673532515764236,-0.012416156008839607,-0.017599333077669144,-0.011636914685368538,-0.06852411478757858,-0.030674761161208153,0.19344596564769745,AM7196
0.027400707826018333,0.03226068615913391,-0.09894662350416183,-0.11413349956274033,0.05080898106098175,0.032345667481422424,-0.1766403317451477,-0.10201295465230942,0.07512214034795761,AM7197
0.16069963574409485,0.0011588059132918715,0.02555629424750805,0.052282895892858505,0.13797466456890106,-0.08480421453714371,-0.09763190150260925,0.12589384615421295,0.10843244940042496,AM7203
0.030324095860123634,0.13759665191173553,0.03176978603005409,0.18198421597480774,0.1120978370308876,0.044219713658094406,-0.11316698789596558,0.060459453612565994,0.014231999404728413,AM7204
0.08584870398044586,-0.04588136449456215,-0.0026049220468848944,0.03732980415225029,0.15441156923770905,-0.006703055929392576,-0.11859702318906784,0.05155971273779869,-0.0031821520533412695,AM7205
0.17892590165138245,0.040860068053007126,0.09208936989307404,-0.10564865916967392,-0.05195286124944687,0.08089694380760193,-6.632799049839377e-4,-0.054095592349767685,-0.17212052643299103,AM7208
0.20300503075122833,0.07223643362522125,0.07718317210674286,-0.10551491379737854,0.09214307367801666,0.17996114492416382,0.05413796380162239,-0.02762642875313759,-0.1976729929447174,AM7209
0.20566993951797485,0.042498745024204254,0.16390009224414825,-0.06219189614057541,0.03415849804878235,0.17980068922042847,0.08118987083435059,0.0240407083183527,0.0015714883338660002,AM7211
0.25440284609794617,0.05797792971134186,0.16969498991966248,-0.06955332309007645,-0.03523389995098114,0.10856427997350693,0.03660600632429123,-0.019948752596974373,0.047684792429208755,AM7213
0.14849670231342316,-0.018370943143963814,0.1927640438079834,-0.12672924995422363,-0.21379032731056213,-0.04666809365153313,0.11793696880340576,0.018515655770897865,0.0688803642988205,AM7214
0.25766536593437195,0.07606149464845657,0.17689894139766693,-0.10849447548389435,-0.0550566166639328,-9.852938819676638e-4,0.08091581612825394,0.027094272896647453,0.08816976845264435,AM7215
0.23593181371688843,0.05601123347878456,0.1410432606935501,-0.10334262996912003,-0.1412414312362671,-0.029970534145832062,0.09007260948419571,-0.0795893743634224,-0.01843208819627762,AM7216
-0.08170589059591293,0.09547962993383408,0.04627048596739769,0.034598756581544876,-0.015836142003536224,0.02072017267346382,0.009071996435523033,0.15789303183555603,-0.03527139499783516,AM7221
0.03230264037847519,0.13357165455818176,-0.0491652712225914,0.1765194982290268,-0.12490614503622055,-0.05944826453924179,-0.15445715188980103,-0.011741973459720612,0.17272667586803436,AM7223
0.06381217390298843,0.08809340745210648,-0.13527560234069824,0.0523109994828701,-0.06611430644989014,-0.06717415899038315,-0.11979060620069504,-0.08008857071399689,0.1934463232755661,AM7224
0.035953786224126816,0.11147571355104446,0.01206971425563097,0.20669066905975342,-0.02674444392323494,-0.061070267111063004,-0.18771593272686005,0.022682074457406998,0.03261546045541763,AM7226
-0.021457431837916374,0.10935204476118088,-0.01533347088843584,0.16221192479133606,-0.012977479957044125,-0.07398714125156403,0.12941338121891022,0.1774090975522995,0.022173350676894188,AM7228
0.018118862062692642,0.07307415455579758,-0.10449907183647156,-0.004706732928752899,0.05703644081950188,-0.06630253791809082,0.23461396992206573,0.13597765564918518,0.05609293282032013,AM7229
0.004338223021477461,0.1138027161359787,-0.0051517002284526825,0.15340454876422882,0.018585272133350372,-0.12066023051738739,0.17904706299304962,0.19241364300251007,-0.0865948274731636,AM7230
0.031047100201249123,0.12806786596775055,0.03540971875190735,0.13956275582313538,0.047470588237047195,-0.1756964921951294,0.058175768703222275,-0.018006423488259315,-0.1257125288248062,AM7236
0.05920211970806122,0.098670095205307,-0.17568354308605194,0.015055241994559765,0.06194257363677025,-0.2473103106021881,0.23640617728233337,0.10207265615463257,0.03260360285639763,AM7237
0.0806942880153656,0.018996791914105415,-0.11493929475545883,0.0414806604385376,0.043559443205595016,-0.027589507400989532,-0.13217364251613617,-0.07418791949748993,0.011449962854385376,AM7241
0.05762802064418793,0.0030869822949171066,-0.1425607055425644,-0.03107272833585739,0.04314850643277168,-0.07870684564113617,-0.020134130492806435,-0.038648322224617004,-0.08116589486598969,AM7242
0.0482003316283226,-0.08851872384548187,0.09407109022140503,-0.10438258945941925,-0.04833297058939934,-0.14080123603343964,-0.09283231198787689,0.12294570356607437,0.12617181241512299,AM7243
0.0925423800945282,-0.058236077427864075,-0.018716061487793922,0.01477642823010683,0.05435090884566307,-0.12266400456428528,-0.05041796714067459,0.08336260169744492,-0.10115914791822433,AM7255
0.045207053422927856,-0.021681884303689003,-0.0037259329110383987,-0.16975587606430054,0.04682183638215065,-0.14698217809200287,-0.12117112427949905,0.15731529891490936,-6.076570134609938e-4,AM7256
-0.046844594180583954,0.07711523026227951,-0.06583420187234879,-0.18992312252521515,0.0042838747613132,0.0567982979118824,0.044978879392147064,0.06849878281354904,0.1802794337272644,AM7260
0.01761791668832302,0.09164772182703018,-0.06933018565177917,0.046304311603307724,-0.08798298239707947,-0.03652194142341614,0.11284615844488144,0.05438113212585449,0.03461085259914398,AM7261
0.012671289034187794,0.0365515872836113,0.03706139698624611,0.0930408239364624,0.11968844383955002,-0.10002682358026505,0.13329865038394928,-0.309010773897171,0.06504572182893753,AM7266
0.07501669228076935,0.016203131526708603,-0.10291687399148941,0.10518365353345871,0.08565301448106766,0.10656865686178207,-0.04438211768865585,-0.014182684943079948,0.11128506064414978,AM7269
-0.0060096303932368755,0.07739608734846115,0.07477246224880219,-0.028266413137316704,0.16213956475257874,-0.09113787114620209,0.05357996001839638,-0.257473349571228,0.11267098784446716,AM7270
0.014653949998319149,0.11953897774219513,0.005326342303305864,0.12330791354179382,0.09436631202697754,0.13089358806610107,-0.1202477291226387,0.0895421952009201,0.15984903275966644,AM7272
-0.027709022164344788,0.1106228306889534,0.0755937471985817,0.1309196650981903,0.21265648305416107,0.004528546705842018,-0.0701698288321495,-0.2337840050458908,0.08151958137750626,AM7273
-0.008236261084675789,-0.06912797689437866,-0.08696824312210083,-0.06934785842895508,0.06551574915647507,-0.033342693001031876,0.07273377478122711,0.0654672160744667,-0.06329862028360367,AM7277
-0.07707049697637558,0.04151410609483719,-0.027361387386918068,0.081962451338768,-0.053303103893995285,0.11215595155954361,0.15287375450134277,0.15089066326618195,0.14596840739250183,AM7278
-0.10150082409381866,0.04205302894115448,0.14609961211681366,-0.05595914646983147,0.08837495744228363,-0.14883622527122498,0.12426325678825378,0.05817505717277527,-0.03486340492963791,AM7280
-0.13837598264217377,-0.006569298449903727,0.15833821892738342,-0.13351474702358246,0.16834302246570587,-0.026051510125398636,0.08518901467323303,-0.11989638954401016,-0.03349241614341736,AM7283
-0.1630203127861023,0.0019675027579069138,0.13576123118400574,-0.018500877544283867,0.11456438153982162,-0.026836873963475227,0.07302629947662354,-0.03456691652536392,-0.10640587657690048,AM7284
-0.1282965987920761,-0.03898771107196808,0.09864814579486847,-0.021157918497920036,0.12709584832191467,-0.06634846329689026,0.17885741591453552,-0.2643926739692688,0.024534739553928375,AM7285
0.02868100441992283,0.0036834643688052893,-0.036992255598306656,-0.18866132199764252,0.11737755686044693,-0.06930781155824661,-0.07374521344900131,0.0942477211356163,0.012431983835995197,AM7294
-0.06960996240377426,-0.0160371083766222,0.08848540484905243,0.0406368225812912,0.1422777771949768,-0.08233493566513062,0.11906583607196808,-0.24882102012634277,0.07647129893302917,AM7295
-0.1413995772600174,-0.06910993903875351,0.14197462797164917,-0.135094553232193,0.07251840829849243,0.019002199172973633,-0.0895705595612526,0.02715984359383583,0.2466554045677185,AM7302
-0.09026402235031128,0.019045349210500717,0.045012108981609344,0.19073309004306793,-0.024505292996764183,-0.007947200909256935,0.06252562999725342,0.09804954379796982,-0.19377021491527557,AM7303
-0.07963178306818008,-0.049226146191358566,-0.08879128098487854,0.014618021436035633,-0.04247821122407913,0.045375872403383255,0.1703491508960724,0.09365920722484589,0.0045467885211110115,AM7304
-0.09779900312423706,0.1164468377828598,0.12839701771736145,-0.08212055265903473,0.07619039714336395,-0.07704947143793106,-0.05957203730940819,0.13903486728668213,-0.11249281466007233,AM7312
-0.14618825912475586,-0.023611944168806076,0.183187335729599,-0.10670654475688934,0.15568281710147858,-0.021845947951078415,0.004785656929016113,-0.04901299625635147,0.07384809851646423,AM7313
-0.11558757722377777,-0.016886886209249496,0.08444944769144058,0.11196250468492508,-0.04755275696516037,-0.18379537761211395,0.039007604122161865,-0.1348421573638916,-0.005370539613068104,AM7318
-0.02566462941467762,-0.06547612696886063,-0.12124720215797424,-0.04023651406168938,-0.05497843027114868,-0.11134256422519684,-0.13438862562179565,0.008492248132824898,0.02538534253835678,AM7319
-0.11458427459001541,0.11802800744771957,0.06095300242304802,-0.02926764264702797,-0.004481087904423475,-0.021087806671857834,-0.10892486572265625,0.13677367568016052,-0.09118541330099106,AM7320
-0.12882983684539795,0.030194800347089767,0.14444264769554138,0.027730321511626244,-0.005480531603097916,-0.05230197682976723,-0.1638159602880478,-0.005350498948246241,0.008054487407207489,AM7321
-0.08974948525428772,0.08363616466522217,-0.0707746371626854,-0.06335222721099854,-0.10712946206331253,0.0542849525809288,0.13514788448810577,-4.262849688529968e-4,0.031045567244291306,AM7323
-0.04221741855144501,-0.006203743163496256,-0.1138802096247673,-0.09265977889299393,-0.12001825124025345,-0.06140638887882233,0.01363312266767025,-0.08585891872644424,0.05238492786884308,AM7325
-0.13565883040428162,0.07940198481082916,0.11317756772041321,-0.03572232648730278,0.06104544550180435,0.011906645260751247,-0.13005314767360687,0.11081141978502274,-0.05265410989522934,AM7327
0.014283900149166584,-0.09472715109586716,-0.13986432552337646,0.030208854004740715,-0.06644755601882935,-0.052670083940029144,-0.05093216523528099,-0.10054650157690048,-0.21178925037384033,AM7328
0.0040351045317947865,-0.04197673499584198,-0.17177823185920715,0.005289660766720772,-0.03887264430522919,0.022244971245527267,-0.02371733821928501,-0.1426801234483719,-0.12485966831445694,AM7329
-0.11253949999809265,0.09643859416246414,-0.001980418572202325,0.07683556526899338,-0.0746990218758583,-0.04290084168314934,-0.014288006350398064,0.07054708898067474,-0.15693190693855286,AM7332
-0.132884219288826,0.05714847892522812,0.06850715726613998,0.019845182076096535,-0.1330701857805252,0.007435856852680445,-0.22122536599636078,0.08857612311840057,-0.006217763759195805,AM7333
-0.0574423223733902,-0.017076415941119194,-0.1312786340713501,-0.07533209025859833,-0.06709206849336624,0.03666992858052254,0.03273377567529678,-0.08481432497501373,-0.001426891889423132,AM7334
-0.07406158745288849,0.031156372278928757,-0.08481598645448685,-0.07748250663280487,-0.045141685754060745,0.08953395485877991,0.06423934549093246,0.008680175058543682,0.10326593369245529,AM7336
-0.10714982450008392,0.024903835728764534,-0.017936747521162033,-0.023411963135004044,-0.0553998164832592,0.17985884845256805,0.01736188679933548,0.11183127015829086,0.1465645432472229,AM7337
-0.08238531649112701,0.07765861600637436,0.0020363577641546726,0.09379167854785919,-0.16763262450695038,-0.07369785755872726,0.018526794388890266,0.07502807676792145,0.01532546803355217,AM7343
-0.04753483086824417,-2.642809122335166e-4,-0.10235844552516937,-0.14232274889945984,-0.07093008607625961,-0.028542570769786835,0.013084299862384796,-0.02827756479382515,0.06904634833335876,AM7344
0.06864862143993378,0.029637884348630905,-0.15162618458271027,-0.10855650901794434,-0.03900100290775299,-0.16034053266048431,0.0836934894323349,-0.047587741166353226,-0.1398659646511078,AM7345
-0.04729988053441048,0.04546230658888817,-0.0837310254573822,0.0027412688359618187,-0.13967999815940857,-0.005421839188784361,0.14313876628875732,0.013104349374771118,0.007326085120439529,AM7346
-0.05924053490161896,-0.006394597236067057,-0.10113068670034409,-0.17165356874465942,-0.0074286265298724174,0.03985459730029106,-0.037220872938632965,-0.009025387465953827,0.0601930245757103,AM7353
-0.08067919313907623,-0.04090629890561104,-0.09115514904260635,-0.1291997730731964,-0.07943838834762573,0.04919521510601044,-0.07034046947956085,-0.05758737400174141,0.07978657633066177,AM7354
0.04857630282640457,-0.04325283318758011,-0.11425390839576721,0.11094523966312408,0.21245534718036652,0.2097691148519516,-0.006835659500211477,0.030954081565141678,-0.014975305646657944,AM7356
0.04723328724503517,-0.016451580449938774,-0.08776246756315231,0.1451549082994461,0.39880603551864624,0.33383670449256897,0.10721306502819061,0.15690813958644867,-0.00867729727178812,AM7359
-0.09071037173271179,-0.044784992933273315,-0.12757983803749084,-0.0025573973543941975,-0.06390216201543808,0.0613335557281971,0.11394904553890228,-0.04107005521655083,0.038301121443510056,AM7361
-0.0765468180179596,-0.12227199226617813,-0.09275384247303009,-0.05286778137087822,0.0405106283724308,0.07908390462398529,-0.04312481731176376,-0.03243904933333397,-0.07622350007295609,AM7362
0.015910586342215538,-0.14089173078536987,0.028818659484386444,-0.06149459257721901,-0.00425689946860075,-0.05759565159678459,0.11457357555627823,0.12292913347482681,-0.06191210448741913,AM7365
0.02397732064127922,-0.04220528528094292,-0.14081141352653503,-0.005925114266574383,-0.027615852653980255,-0.030766069889068604,-0.06557106971740723,-0.07806847244501114,-0.04785003140568733,AM7372
-0.019934648647904396,-0.19731496274471283,0.06225816532969475,0.09895198792219162,-0.09402346611022949,0.020902590826153755,0.029367029666900635,-0.01799485832452774,0.07310951501131058,AM7373
0.04286728426814079,-0.17665179073810577,0.08375569432973862,0.18682627379894257,-0.09973081201314926,-0.006156144198030233,-0.062094058841466904,-0.018570266664028168,0.16662642359733582,AM7380
0.017721083015203476,-0.07172951847314835,-0.058775197714567184,0.008253720588982105,0.07106533646583557,-0.037596773356199265,-0.0499606654047966,0.025986945256590843,-0.06241457164287567,AM7382
0.0375375933945179,-0.16841661930084229,0.027702821418642998,0.115070641040802,-0.0020361077040433884,-0.00744799617677927,0.033367715775966644,0.04224080592393875,-0.026676548644900322,AM7383
0.01851525343954563,-0.17929087579250336,0.05516836419701576,0.11270454525947571,-0.05146193876862526,0.08375813066959381,0.01548035629093647,-0.0379478856921196,0.02829461172223091,AM7384
0.006028800271451473,-0.15515567362308502,0.06822740286588669,-0.05544104054570198,-0.0573187880218029,-0.05161508917808533,0.009714457206428051,0.06054885685443878,-0.005159507039934397,AM7385
-0.017940450459718704,-0.09283298999071121,-0.07044938206672668,-0.045260924845933914,0.06561888754367828,0.005261400248855352,0.015249966643750668,0.019950279965996742,-0.11785396933555603,AM7386
0.05483872443437576,-0.17932932078838348,0.01687578484416008,0.15150323510169983,-0.03678757697343826,-0.057110827416181564,-0.012655605562031269,0.015370053239166737,-0.03240193426609039,AM7387
-0.03268297016620636,-0.2586635947227478,0.04294954240322113,0.16462619602680206,-0.06959589570760727,0.1595219075679779,0.05234084278345108,-0.051932308822870255,-0.019724810495972633,AM7388
-0.020113233476877213,-0.1881932020187378,0.07024476677179337,0.0355396494269371,-0.06850852072238922,0.009474772028625011,0.16008178889751434,0.05410078912973404,0.03621247783303261,AM7409
0.009348461404442787,-0.10725465416908264,0.047773461788892746,-0.07307496666908264,0.04345246031880379,-0.07100670784711838,-0.02831566520035267,0.12253107130527496,-0.004124686121940613,AM7416
0.0791291892528534,-0.14482004940509796,0.027805659919977188,0.25247982144355774,-0.10697922110557556,-0.0044678389094769955,-0.0193821731954813,-0.0927392840385437,0.1346929967403412,AM7419
0.03643389418721199,-0.059081096202135086,-0.07902475446462631,-0.03932267054915428,0.04537305608391762,-0.015414593741297722,-0.07757237553596497,-0.09581804275512695,-0.179849773645401,AM7420
-0.005872092209756374,-0.16822800040245056,0.08255425840616226,-0.051634710282087326,-0.08660459518432617,-0.00806406605988741,-0.05905318260192871,0.053262148052453995,0.057135745882987976,AM7426
0.021128151565790176,-0.16052831709384918,0.026090523228049278,0.015656189993023872,-0.07504182308912277,-0.030145417898893356,0.028143957257270813,0.017082376405596733,-0.059177376329898834,AM7427
-0.011810222640633583,-0.12518073618412018,0.03023047000169754,-0.060783591121435165,-0.011784433387219906,0.009040274657309055,-0.23285873234272003,0.06768649816513062,-0.008005519397556782,AM7492
-0.12204310297966003,0.017487354576587677,0.05607851594686508,-0.08300682157278061,-0.10426624119281769,0.37583237886428833,0.0019911390263587236,-0.02175969071686268,-0.09282111376523972,AM7493
-0.03935421258211136,0.10452698916196823,0.010442215949296951,-0.07203315198421478,-0.12697955965995789,0.2408704310655594,0.004195763263851404,-0.043753087520599365,-0.005080427508801222,AM7495
-0.02784131094813347,0.14930108189582825,0.13276967406272888,0.011579902842640877,-0.12211712449789047,-0.014322425238788128,-0.2103099375963211,-0.14224305748939514,-0.14515818655490875,AM7589
0.010899137705564499,0.12325149029493332,0.02460452914237976,0.12971805036067963,-0.16560521721839905,0.06533367186784744,0.034747056663036346,-0.11967246234416962,-0.20968347787857056,AM7591
0.04931526258587837,-0.020321857184171677,-0.12608221173286438,-0.010258524678647518,0.029867133125662804,0.0014378436608240008,-0.060702212154865265,-0.08348086476325989,-0.13005633652210236,AM7628
-0.031106581911444664,0.12282625585794449,0.09765133261680603,0.0390760637819767,-0.10162143409252167,0.11343467235565186,-0.05308618023991585,-0.028943190351128578,-0.2020963728427887,AM7629
0.03238784894347191,0.14078234136104584,-0.023406272754073143,-0.034031499177217484,-0.12360958009958267,0.09817077964544296,0.07617922872304916,-0.052807457745075226,0.011527386493980885,AM7633
0.05207426846027374,0.0670858845114708,-0.055752627551555634,-0.01248910091817379,-0.10214594751596451,0.07616870850324631,-0.022856608033180237,-0.12231124192476273,0.04542311280965805,AM7634
