V1
1.0835369984661338
0.23466210490638756
0.17385393216324938
0.07729660046399663
0.05003294252731405
0.030425516653694563
0.019450648868167438
0.015464892445302346
0.013542413910069287
0.011517212024886007
0.009501877112236067
0.007741365440974097
0.007211154931338001
0.006200324131934753
0.005751489760994954
0.004596289444482707
0.004858534186996927
0.004029846542882853
0.003542971394787654
0.002990039922252392
0.0027342800177100703
0.002490052669690121
0.0026449442441265456
0.0020904038419336237
0.0020834630146211825
0.0020817121574264325
0.0020814225730557538
0.0020813121819644085
0.002081171665096748
0.002081117076172772
0.002081061168451575
0.0020809613879037006
0.002080899409838181
0.0020808732453665674
0.002080796077221868
0.0020807198396585913
0.0020806673882881057
0.0020806347561502163
0.002080534091793662
0.0020805293362382523
0.002080476101921234
0.002080432644659844
0.0020804247195191556
0.0020803614526443822
0.00208030637793443
0.002080277454974036
0.0020801858048775813
0.0020801805226974114
0.0020801625634854913
0.002080132059946501
