V1
1.0599269565136087
0.22990842480401646
0.17039688546494788
0.07609872130030625
0.049406803235988804
0.030190052544446844
0.019382509323078372
0.015438609055200283
0.013532180845901713
0.011519183757838409
0.009511518035288666
0.007755274328510703
0.007226334130623575
0.006217338953123677
0.005768829238218071
0.004614214987102081
0.0048770690017896825
0.004048263134138683
0.003562230098670121
0.0030098779992688406
0.0027549402153255486
0.0025111381560499785
0.0026656908953737474
0.0020952899074780647
0.0020836162951409927
0.0020813642692358507
0.002081059846792384
0.0020809764534923227
0.002080826335966329
0.0020807644980733496
0.0020807095341428003
0.002080611768942882
0.002080549283296868
0.0020805313177170307
0.00208044136238434
0.0020803800756880467
0.0020803292263210657
