PEER1,PEER2,PEER3,PEER4,PEER5,PEER6,PEER7,PEER8,PEER9,PEER10,PEER11,PEER12,PEER13,PEER14,PEER15,PEER16,PEER17,PEER18,PEER19,PEER20,PEER21,PEER22,PEER23,PEER24,PEER25,PEER26,PEER27,PEER28,PEER29,PEER30,PEER31,Donor
-0.03216709941625595,-0.3415761888027191,-0.26612257957458496,-0.19965019822120667,0.42859479784965515,0.5869389176368713,-0.5462853312492371,-0.1326269954442978,-0.5463652014732361,-0.25818344950675964,0.860237717628479,0.0956692323088646,0.9710550308227539,0.05377718433737755,-0.6370686888694763,-1.2960275411605835,0.7528418898582458,0.28646737337112427,0.1749403029680252,0.10800506174564362,0.04248505085706711,0.057464417070150375,-0.20889973640441895,-0.006784267257899046,-3.654267347883433e-4,-3.8167525781318545e-4,-4.081214137841016e-5,1.2121311556256842e-5,-5.267576852929778e-6,3.250746158300899e-5,-4.0964414438349195e-6,AM7180
0.21599180996418,-0.3405625820159912,0.22104397416114807,-0.12614743411540985,0.265506774187088,-0.7491027116775513,-0.15944598615169525,1.0351715087890625,-0.09859666228294373,-1.7308056354522705,-0.8038259148597717,-0.22799822688102722,0.45022818446159363,-0.040821973234415054,-0.05896487832069397,0.7726253271102905,0.420499712228775,0.24716801941394806,-0.3831906318664551,-3.8440251955762506e-4,-0.34753432869911194,-0.39094278216362,-0.09285861998796463,0.025230882689356804,-0.0021438307594507933,0.0019013540586456656,4.6629924327135086e-4,5.26187832292635e-5,-3.169182309648022e-5,-1.5697890194132924e-4,7.695837666688021e-6,AM7181
0.08086174726486206,0.05621274188160896,-0.5829270482063293,-0.5162573456764221,0.13775204122066498,-0.4574633836746216,0.17763590812683105,0.07343091815710068,-0.23512332141399384,-0.6686119437217712,0.4727259874343872,1.263192057609558,0.993047833442688,-0.9232048392295837,-0.7981075644493103,-0.4350086450576782,0.6592803597450256,-0.2731623351573944,0.12204279750585556,-0.2199248969554901,-0.3154974579811096,0.282595694065094,-0.5667992830276489,0.003197361482307315,6.35243603028357e-4,7.319028372876346e-5,1.245013700099662e-4,1.1635584087343886e-5,4.654084114008583e-5,-6.487492646556348e-5,-8.713253919268027e-6,AM7182
0.10159733891487122,0.3237733840942383,-0.4727326035499573,-0.22491534054279327,0.49400466680526733,0.1452726125717163,-0.1466865986585617,-0.17817340791225433,0.8554918766021729,-0.5857817530632019,-0.25053921341896057,1.2670397758483887,0.4065440595149994,-0.05235574021935463,0.3666791021823883,-0.398608535528183,2.166011095046997,0.07484954595565796,-0.5640950798988342,0.5819897055625916,-0.09955441951751709,-0.3247394561767578,-0.021314658224582672,0.04498998075723648,0.0037819009739905596,0.002403597580268979,5.97116129938513e-4,-4.729758438770659e-5,1.2696329213213176e-4,-3.0175779829733074e-4,1.1013465154974256e-5,AM7188
0.09044063836336136,-0.2761850655078888,-0.13368305563926697,-0.23654121160507202,0.7510268688201904,0.10138871520757675,-0.9455085396766663,0.14262814819812775,-0.9293185472488403,-0.4797353744506836,0.42508289217948914,-0.8299862146377563,0.2725413143634796,0.42873847484588623,0.9490246176719666,-1.0422768592834473,1.0348358154296875,0.2101735919713974,0.24136695265769958,-0.081980399787426,0.35839709639549255,-0.04731232672929764,0.3897922933101654,0.06493726372718811,0.008847951889038086,0.002961600897833705,5.990247591398656e-4,-1.6690931806806475e-4,2.4821938131935894e-4,-4.2678226600401103e-4,1.3511311408365145e-5,AM7189
0.08481551706790924,0.6076487898826599,-0.3657948076725006,-0.0793495699763298,-0.12630096077919006,-0.07049165666103363,-0.5652294158935547,-0.15264613926410675,1.6055012941360474,-0.7913810014724731,-1.2792059183120728,-0.8750263452529907,0.7080161571502686,0.13077333569526672,-0.6194719672203064,-0.3773970305919647,0.9859598278999329,0.3630220890045166,-0.4285469353199005,0.20500734448432922,0.43293628096580505,0.4678024649620056,-0.49840715527534485,-0.025698183104395866,-0.004629469942301512,-0.0011117777321487665,-2.8134926105849445e-4,6.339934770949185e-5,-1.3035009033046663e-4,1.5362820704467595e-4,-1.896575304272119e-5,AM7196
0.07321345061063766,0.14340244233608246,-0.4712122678756714,-0.6948070526123047,0.34302765130996704,0.28448787331581116,-1.4648617506027222,-0.8360793590545654,0.5367676615715027,-0.9084995985031128,-0.4083207845687866,0.9321885108947754,0.05605040490627289,-0.3220098912715912,0.15293149650096893,-0.9013431668281555,0.35868415236473083,-0.13761571049690247,-0.6346458196640015,-0.13868162035942078,-0.061081621795892715,0.30218905210494995,-0.3443765342235565,-0.0225475262850523,-0.002299402141943574,-0.0011751586571335793,-2.3616148973815143e-4,4.261322828824632e-5,-6.0123416915303096e-5,1.288545608986169e-4,-1.1377623195585329e-5,AM7197
0.44267305731773376,0.00972709245979786,0.12803608179092407,0.2941649854183197,0.9515395164489746,-0.664090633392334,-0.833439826965332,1.1229307651519775,0.911414623260498,-0.27562904357910156,0.57974773645401,-0.6753298044204712,0.1773265153169632,1.0337039232254028,0.15664167702198029,0.3732128143310547,-0.7663359045982361,0.5396014451980591,-0.4180096685886383,-0.020536471158266068,-0.16026638448238373,-0.02239391580224037,0.20252607762813568,0.06887093186378479,0.009841575287282467,0.0030805047135800123,7.004524813964963e-4,-1.5926074411254376e-4,2.9217274277471006e-4,-4.7335142153315246e-4,1.3918102922616526e-5,AM7203
0.08674275875091553,0.5989463329315186,0.15044647455215454,1.089277744293213,0.7529194355010986,0.3518552780151367,-0.9324716329574585,0.5961854457855225,0.013249725103378296,-0.6434574127197266,-0.23671145737171173,1.0334968566894531,-0.15404723584651947,1.4120405912399292,-0.520882785320282,-0.41444265842437744,0.15860387682914734,-0.5717757940292358,-0.7582300901412964,-0.3128468692302704,0.3601137697696686,0.2959270179271698,-0.4111584424972534,0.1217498630285263,0.008400200866162777,0.006485843565315008,0.0014113495126366615,-1.5476728731300682e-4,2.9318046290427446e-4,-8.427472203038633e-4,4.222081315674586e-6,AM7204
0.23664012551307678,-0.19981448352336884,-0.00858050025999546,0.2104179561138153,1.0537630319595337,-0.03779580816626549,-0.9765130877494812,0.5300844311714172,-0.15882205963134766,-0.9503458142280579,0.34564343094825745,-0.8604108095169067,0.4375842213630676,0.6724467873573303,0.3093160092830658,0.005176210775971413,0.5312363505363464,0.511788547039032,-0.21740207076072693,-0.05373510345816612,0.07230516523122787,0.03485604748129845,-0.017382845282554626,0.03216137737035751,0.008526068180799484,9.594977600499988e-4,3.0591728864237666e-4,-1.3291813957039267e-4,2.4721474619582295e-4,-2.4359466624446213e-4,5.812459221488098e-6,AM7205
0.49415338039398193,0.1800028383731842,0.4475942850112915,-0.6441612839698792,-0.35989707708358765,0.6078537106513977,0.02651439979672432,-0.5189678072929382,-1.4521465301513672,0.7315887212753296,0.47034579515457153,-2.019286632537842,0.7292064428329468,1.1904678344726562,-1.1813393831253052,0.22590194642543793,0.40825745463371277,-0.40268194675445557,-0.13531750440597534,0.6233510971069336,0.5637544393539429,0.07299009710550308,-0.05250053480267525,-0.08418207615613937,0.00158524583093822,-0.005412474274635315,-0.001062047784216702,-1.9356228222022764e-5,-2.971002913909615e-6,5.369063001126051e-4,-1.0741617188614327e-5,AM7208
0.5584582090377808,0.31656086444854736,0.3780936896800995,-0.6421417593955994,0.6260209679603577,1.377050757408142,0.49281492829322815,-0.30906081199645996,-1.7047195434570312,0.828907310962677,-0.23880335688591003,-1.257485270500183,0.08036871254444122,0.8287159204483032,-0.0844380110502243,0.1853199452161789,0.9097668528556824,-0.6484106183052063,-0.13055887818336487,0.6198315024375916,0.7812066078186035,0.22023499011993408,-0.17105208337306976,-0.0380755215883255,0.004253582563251257,-0.0029009105637669563,-5.474048666656017e-4,-7.51771658542566e-5,8.962970605352893e-5,2.2283336147665977e-4,-9.816470992518589e-6,AM7209
0.5657252073287964,0.18634966015815735,0.7968363761901855,-0.38232067227363586,0.24468615651130676,1.3588547706604004,0.6870555281639099,0.09537754952907562,0.10431096702814102,1.2308979034423828,-0.6055323481559753,0.42777010798454285,-0.5803832411766052,0.19721545279026031,-0.3957081437110901,0.0939815416932106,-0.41912198066711426,0.22131448984146118,-0.3105696737766266,-0.06927181780338287,-0.43567904829978943,0.037618622183799744,-0.1086747795343399,0.06214404106140137,0.0016289453487843275,0.0036459986586123705,7.696718676015735e-4,-2.1070405637146905e-5,8.172960951924324e-5,-4.177593218628317e-4,6.274045972531894e-6,AM7211
0.697434663772583,0.25292882323265076,0.8265081644058228,-0.430856317281723,-0.22701500356197357,0.8200712203979492,0.30992424488067627,-0.26462629437446594,0.48761260509490967,0.8212185502052307,-0.195375457406044,0.862255334854126,-0.9806404709815979,-0.17086674273014069,0.23694992065429688,0.21639002859592438,-0.3701207637786865,0.22413308918476105,-0.1427406519651413,-0.6689379215240479,-0.4323742985725403,-0.04277519881725311,0.08608948439359665,0.052741874009370804,0.0010809163795784116,0.003136124461889267,6.393453804776073e-4,-1.866347884060815e-5,5.9273650549585e-5,-3.4350919304415584e-4,8.511472515237983e-6,AM7213
0.4065818190574646,-0.07973304390907288,0.9326030015945435,-0.7632829546928406,-1.4411588907241821,-0.40021806955337524,0.9739725589752197,0.005166335962712765,0.826557993888855,1.711749792098999,0.13895684480667114,0.26560303568840027,0.5716118216514587,-1.119205117225647,-0.37071216106414795,-0.6595021486282349,-0.5182564854621887,-0.2622396945953369,0.4570538401603699,0.021418144926428795,-0.018338322639465332,-0.047886110842227936,-0.04377292841672897,0.0016658459790050983,0.00386607157997787,-3.520685131661594e-4,1.1921729310415685e-5,-5.199199586058967e-5,1.1005051055690274e-4,-2.927251989603974e-5,2.359485279157525e-6,AM7214
0.706760048866272,0.3329955041408539,0.8599256873130798,-0.6626185774803162,-0.36326345801353455,-0.02805347740650177,0.6693162322044373,0.12721271812915802,0.8858535289764404,1.0331811904907227,0.14966075122356415,0.8312997817993164,-0.6058509945869446,0.1988161951303482,0.2231445163488388,-0.7527487874031067,-0.4479987919330597,0.035475313663482666,0.0052443272434175014,-0.3818798065185547,-0.18814833462238312,-0.1675073653459549,0.4702538549900055,0.04793914780020714,-3.965344512835145e-5,0.0029939794912934303,5.079969414509833e-4,-1.8560196622274816e-5,5.001295448892051e-6,-2.799490175675601e-4,1.2736928511003498e-5,AM7215
0.6480949521064758,0.24336233735084534,0.6851392388343811,-0.6291983723640442,-0.9705647826194763,-0.24239680171012878,0.7751801013946533,-0.7381342053413391,-0.12519320845603943,0.4696718156337738,-0.8717198967933655,-0.037828270345926285,-0.5173206925392151,0.5721123814582825,-0.28116628527641296,0.11971345543861389,-0.39682134985923767,-0.5409055352210999,-0.23633868992328644,-0.24172614514827728,0.044760700315237045,0.11434496194124222,-0.17671899497509003,-0.032644521445035934,-0.004715593531727791,-0.001475398545153439,-3.332729102112353e-4,7.570129673695192e-5,-1.3581325765699148e-4,2.1746363199781626e-4,-9.045239494298585e-6,AM7216
-0.2251347303390503,0.41351157426834106,0.222750723361969,0.212715283036232,-0.12012572586536407,0.1711248755455017,0.11362342536449432,1.4545773267745972,-0.41436251997947693,-0.792134165763855,-0.11073549836874008,0.3207184374332428,-0.6280631422996521,0.052376702427864075,0.41047394275665283,-1.3585461378097534,-0.003474141238257289,-0.3396255671977997,0.06869646161794662,0.4971195161342621,-0.28857460618019104,-0.48402729630470276,-0.388754665851593,-0.03586758300662041,-0.0014996062964200974,-0.0019329048227518797,-1.7790886340662837e-4,7.193202327471226e-5,-2.8064427169738337e-5,2.1766615100204945e-4,6.165917056932813e-7,AM7221
0.09225424379110336,0.5771619081497192,-0.23624271154403687,1.0519047975540161,-0.8590386509895325,-0.4431125223636627,-1.309630036354065,-0.04025708884000778,1.5036367177963257,-0.37325695157051086,-0.18613898754119873,-0.47602081298828125,-0.08304428309202194,0.008511354215443134,1.8151471614837646,-0.6330345273017883,-1.275094985961914,-0.9594681262969971,1.0918443202972412,0.16354908049106598,0.8217384815216064,-0.19747552275657654,-0.1965535432100296,-0.071834497153759,-0.003084510797634721,-0.004026294220238924,-7.639669929631054e-4,4.976306081516668e-5,-1.1387496488168836e-4,4.743781464640051e-4,-1.0100035069626756e-5,AM7223
0.17790547013282776,0.3850962519645691,-0.6543123722076416,0.30090993642807007,-0.44632506370544434,-0.5018603801727295,-1.0421947240829468,-0.730037271976471,1.7495514154434204,0.5156715512275696,-1.3143121004104614,-0.3023666739463806,0.32267865538597107,0.34489762783050537,0.9080444574356079,0.06603635102510452,-6.216071196831763e-4,-1.235960841178894,0.09645352512598038,0.8023948669433594,1.3371936082839966,0.4166300594806671,-0.6528260707855225,-0.0837349146604538,-0.008213440887629986,-0.004249218851327896,-9.359275572933257e-4,1.1001156235579401e-4,-2.6138604152947664e-4,5.438837106339633e-4,-3.023602403118275e-5,AM7224
0.09979844093322754,0.4862208366394043,0.05460602790117264,1.2326898574829102,-0.191655695438385,-0.4671790301799774,-1.6139823198318481,0.13572269678115845,0.3442321717739105,0.7700807452201843,-0.35339492559432983,0.6300966739654541,-1.0747578144073486,-0.8127332925796509,1.7330305576324463,0.10934661328792572,0.5731475949287415,-0.6507729291915894,-0.19125185906887054,0.1328200250864029,0.5475050210952759,0.14711236953735352,-0.34249645471572876,0.010477235540747643,-0.0033236860763281584,0.0010354751721024513,1.837913878262043e-4,3.7277626688592136e-5,-8.169913053279743e-5,-6.94385526003316e-5,-8.836371307552326e-6,AM7226
-0.054117925465106964,0.47219279408454895,-0.08485028147697449,0.9750144481658936,-0.0923340767621994,-0.5905665159225464,1.0590111017227173,1.5435019731521606,0.25063788890838623,0.1845223754644394,1.449296474456787,-0.26565077900886536,0.5606213212013245,1.3516429662704468,-1.3584364652633667,-1.3945441246032715,-1.6066255569458008,-1.333706259727478,-0.5498379468917847,0.05179832503199577,0.2845490574836731,0.07077980041503906,-0.23918883502483368,0.07785592973232269,0.0019372012466192245,0.00458767032250762,9.521638858132064e-4,-4.7127698053373024e-5,9.164657967630774e-5,-5.202042520977557e-4,3.0147612051223405e-6,AM7228
0.048662129789590836,0.3193987309932709,-0.5089519023895264,-0.026064788922667503,0.4019172787666321,-0.5273934006690979,1.9657753705978394,1.1557259559631348,0.5550488829612732,0.3752877712249756,-0.25453880429267883,-0.1262790411710739,0.12955015897750854,-0.6398509740829468,0.40664640069007874,-0.01911679282784462,0.5413051843643188,0.05049850046634674,0.23147699236869812,0.5164544582366943,-0.17595753073692322,-0.176747128367424,0.13299410045146942,0.011012066155672073,-0.004393116105347872,0.001247197506017983,1.8190898117609322e-4,6.931179814273492e-5,-1.203732899739407e-4,-4.247299875714816e-5,3.895815552823478e-6,AM7229
0.014231033623218536,0.4942815899848938,-0.035041794180870056,0.9211262464523315,0.11939536780118942,-0.9500704407691956,1.4678298234939575,1.6104390621185303,-0.6824348568916321,0.6735023856163025,0.8257828950881958,-0.059951234608888626,-0.507761538028717,-0.1558830440044403,-0.8091276288032532,-0.47479093074798584,0.06937708705663681,-0.12481184303760529,-0.9991322755813599,-0.0359514057636261,0.1262519657611847,-0.3989560008049011,-0.15886357426643372,-0.09021000564098358,-0.0044588795863091946,-0.004967652261257172,-8.992431103251874e-4,9.942019823938608e-5,-1.4676939463242888e-4,5.951076745986938e-4,-6.281136393226916e-6,AM7230
0.08590847253799438,0.5588310956954956,0.16329877078533173,0.8371046185493469,0.30553343892097473,-1.3492368459701538,0.49062225222587585,-0.10158472508192062,-1.1643081903457642,-0.6163005232810974,0.6224120259284973,1.345174789428711,0.21572600305080414,0.8042740821838379,-0.7662562727928162,0.3418926000595093,-0.29175320267677307,0.6629683375358582,-0.11622213572263718,-0.812355101108551,0.17933326959609985,0.3272635340690613,-0.08243472874164581,-0.014672325924038887,0.006762600503861904,-0.0017940903780981898,-2.9664087924174964e-4,-1.109353470383212e-4,1.8078219727613032e-4,5.6351178500335664e-5,-4.950046331941849e-6,AM7236
0.16332295536994934,0.4286658763885498,-0.853379487991333,0.08648273348808289,0.41057831048965454,-1.8943253755569458,1.973311424255371,0.9166039228439331,0.24796895682811737,-0.25351738929748535,-1.5576832294464111,0.02093713916838169,-0.38397645950317383,0.883955180644989,-0.9248605370521545,-0.5767612457275391,0.9317980408668518,-1.0680763721466064,2.1956911087036133,0.3787662088871002,-1.3150063753128052,0.6895812153816223,1.4443275928497314,-0.17023344337940216,-0.004452488385140896,-0.010204792954027653,-0.0025375792756676674,6.649630813626572e-5,-2.60875909589231e-4,0.001175861107185483,-6.825558557466138e-6,AM7237
0.22189092636108398,0.08820559829473495,-0.5563421845436096,0.24025221168994904,0.29709112644195557,-0.21270571649074554,-1.139529824256897,-0.6908907890319824,0.15055501461029053,0.3120385706424713,0.7251827120780945,0.43211105465888977,0.3312707841396332,-0.5872243642807007,-0.08691228181123734,0.05613157898187637,-0.03865780308842659,-0.17269939184188843,-0.1338786482810974,-0.03669761121273041,-0.48082247376441956,0.11148057878017426,0.03071945533156395,0.009502731263637543,-0.004507600795477629,0.0011036788346245885,1.3379036681726575e-4,7.274124072864652e-5,-1.1662734323181212e-4,-4.6746572479605675e-5,-7.416870175802615e-7,AM7241
0.15804852545261383,0.018262114375829697,-0.6945372223854065,-0.18909357488155365,0.2910856604576111,-0.6128809452056885,-0.18873080611228943,-0.41047361493110657,-0.6597872972488403,0.5210083723068237,-0.0034081682097166777,-0.27109140157699585,0.08894442021846771,-0.8828249573707581,-0.6789143681526184,-0.7226865887641907,-0.34094834327697754,-0.16532555222511292,-0.2716338336467743,-0.06754079461097717,-0.47553086280822754,0.26786160469055176,-0.48708850145339966,0.009570562280714512,-0.006928473711013794,0.0013807372888550162,2.52888654358685e-4,1.2209844135213643e-4,-1.610501203685999e-4,-7.004680810496211e-5,-9.974165550374892e-6,AM7242
0.13032850623130798,-0.389148086309433,0.4587478041648865,-0.6291760802268982,-0.3255411386489868,-1.0815237760543823,-0.7690507769584656,1.1448594331741333,1.003643274307251,-0.8622249364852905,-0.811384916305542,-0.32503145933151245,0.06339851766824722,-1.2379828691482544,-0.06328476220369339,0.5760606527328491,-0.2975532114505768,0.269758015871048,-0.8327868580818176,-0.17038819193840027,-0.7229833602905273,-0.03241037204861641,0.037157200276851654,-0.013564588502049446,-0.005006789695471525,-2.4020206183195114e-4,-9.071797830983996e-5,9.647623664932325e-5,-1.3344241597224027e-4,1.0283737356076017e-4,1.5581804291286971e-7,AM7243
0.25462254881858826,-0.25540438294410706,-0.09420138597488403,0.07558368146419525,0.3706352710723877,-0.9545063376426697,-0.42331036925315857,0.7294021248817444,-0.9269039034843445,-0.16574768722057343,0.9025535583496094,-1.0714383125305176,0.050540048629045486,0.8137968182563782,0.8429961800575256,0.5268115401268005,0.36529406905174255,0.31386691331863403,0.08567572385072708,0.4586678445339203,0.153395876288414,-0.12187117338180542,-0.12906688451766968,0.0388822965323925,0.004844265524297953,0.001859607407823205,4.807309596799314e-4,-7.213162461994216e-5,1.5248911222442985e-4,-2.737251634243876e-4,5.6612188927829266e-6,AM7255
0.1222151517868042,-0.09297028183937073,-0.014451929368078709,-1.029730200767517,0.3275872468948364,-1.133696436882019,-1.03855299949646,1.3150428533554077,0.012422901578247547,0.3344471752643585,1.0238784551620483,-0.6171839237213135,-0.26366472244262695,0.12188252061605453,0.8272541165351868,-0.10248588770627975,0.04502829536795616,0.5933398604393005,0.23034481704235077,0.05435676500201225,0.15293122828006744,-0.07563372701406479,0.20696818828582764,2.445542486384511e-4,-3.9477902464568615e-4,7.495059253415093e-5,-3.555562216206454e-5,-4.386953605717281e-6,-2.164795296266675e-5,1.533100294182077e-5,2.6656016416382045e-6,AM7256
-0.13170261681079865,0.33653223514556885,-0.31266430020332336,-1.1400525569915771,0.03043660894036293,0.45392051339149475,0.40047168731689453,0.6809155941009521,1.4923232793807983,-0.9867934584617615,-0.12904340028762817,0.5597485899925232,0.4048193097114563,-0.20926420390605927,-0.3559587001800537,-0.5142176747322083,-0.004641897976398468,1.1077919006347656,-0.7595875859260559,-0.03415875509381294,0.18975795805454254,-0.24602238833904266,0.42361873388290405,-0.0016631395556032658,2.763124357443303e-4,-9.492271055933088e-5,-7.695238309679553e-5,-1.8066653865389526e-5,-1.1204054317204282e-5,4.016515958937816e-5,7.558148354291916e-6,AM7260
0.04876096174120903,0.39296776056289673,-0.33932605385780334,0.27073028683662415,-0.608939528465271,-0.28864479064941406,0.9274995923042297,0.4993041753768921,0.3060653805732727,-0.4125738739967346,1.10689115524292,0.13310272991657257,-0.5832794904708862,1.0410709381103516,0.7807958126068115,0.47966504096984863,0.3536951243877411,1.3781952857971191,0.8220168948173523,0.02117639221251011,0.2704069912433624,-0.3345639109611511,-0.04871222376823425,-0.02036002092063427,-0.002728925319388509,-8.605796028859913e-4,-1.2761427205987275e-4,4.85839627799578e-5,-7.838380406610668e-5,1.4690081297885627e-4,5.512696930054517e-7,AM7261
0.03388554975390434,0.16380645334720612,0.1775088757276535,0.5729453563690186,0.7992238998413086,-0.7692224383354187,1.09011709690094,-2.542717218399048,0.45541128516197205,-1.785178542137146,1.3752721548080444,-0.7979720234870911,-2.185103178024292,-0.11726996302604675,-0.5362107753753662,0.4092571437358856,-0.9084228277206421,1.7712292671203613,0.36768874526023865,0.8433210849761963,0.5545158386230469,-0.14933566749095917,0.24793067574501038,-0.02274879813194275,-0.0021303833927959204,-0.0011168596101924777,-3.148290852550417e-4,1.7503994968137704e-5,-9.067067730939016e-5,1.7977204697672278e-4,-1.8964507830787625e-7,AM7266
0.2087099403142929,0.07348176836967468,-0.49889934062957764,0.6161236763000488,0.5933069586753845,0.8168730735778809,-0.3925260901451111,-0.13339725136756897,0.9952476024627686,-0.09493983536958694,1.0333936214447021,1.6008485555648804,0.03613416850566864,1.3345533609390259,-0.7696115374565125,1.6771172285079956,0.49590474367141724,-0.18288207054138184,-0.21003276109695435,0.3654771149158478,-0.46981534361839294,0.07098449021577835,0.184535413980484,-0.03510453179478645,0.0024590143002569675,-0.0024938008282333612,-4.99299552757293e-4,-2.0772367861354724e-5,4.622109918273054e-5,2.206646022386849e-4,7.980575560395664e-7,AM7269
-0.01904851570725441,0.33994439244270325,0.36547598242759705,-0.15147335827350616,1.0851250886917114,-0.6785175800323486,0.4626130759716034,-2.0285274982452393,0.775725245475769,-2.407111167907715,0.274676650762558,-0.7210930585861206,-2.0141708850860596,-1.247664451599121,-0.8737664818763733,-0.2708687484264374,-0.20842225849628448,1.2249728441238403,0.5874238014221191,0.8837156295776367,-0.10959751904010773,-0.6572293639183044,0.5708248615264893,-0.01790825091302395,-0.0042297691106796265,-4.7458289191126823e-4,-1.6244118160102516e-4,7.200849358923733e-5,-1.433818688383326e-4,1.76680478034541e-4,1.3403394405031577e-5,AM7270
0.04183881729841232,0.5218849182128906,0.029225004836916924,0.738843560218811,0.654118537902832,1.0093693733215332,-1.018750548362732,0.817362368106842,1.3918755054473877,-0.06431946903467178,0.3130778670310974,-0.26569485664367676,-0.2139468938112259,-0.4175574779510498,0.7634915709495544,0.28779834508895874,0.582201361656189,0.8768871426582336,-0.016047494485974312,-0.8608146905899048,-1.1296913623809814,-0.2036888152360916,-0.25715941190719604,-0.10516086965799332,-0.0010386657668277621,-0.006363742519170046,-0.0010739235440269113,8.672638796269894e-5,-3.479736915323883e-5,6.527911755256355e-4,-5.059835530119017e-6,AM7272
-0.0726696252822876,0.4903911054134369,0.36978432536125183,0.7958912253379822,1.4378429651260376,0.04155668988823891,-0.5735944509506226,-1.96498703956604,0.6297137141227722,-0.18790149688720703,-2.434048652648926,-0.9907008409500122,1.7763882875442505,1.2541638612747192,-1.0577272176742554,-0.24033956229686737,0.47088780999183655,0.19833199679851532,-0.31877073645591736,-2.4498815536499023,-0.5750802755355835,-1.2225290536880493,0.5252310037612915,0.01880188286304474,-0.004352084826678038,0.0019022448686882854,5.11566991917789e-4,8.590493234805763e-5,-8.787125261733308e-5,-6.56628399156034e-5,2.6546897061052732e-5,AM7273
-0.023301145061850548,-0.2966110110282898,-0.42270493507385254,-0.41481679677963257,0.46262139081954956,-0.28358423709869385,0.5777612924575806,0.46639522910118103,-0.41304677724838257,0.9648138880729675,1.787672519683838,0.08224897086620331,0.27735307812690735,-0.5501744747161865,-0.2495339959859848,-0.7488957643508911,-0.6005322933197021,0.19923491775989532,0.1353708952665329,-0.15269866585731506,0.0318482480943203,-0.32658594846725464,0.2571834921836853,-0.015761850401759148,-0.0012102638138458133,-7.717450498603284e-4,-1.5864185115788132e-4,2.017468068515882e-5,-4.5274435251485556e-5,1.2616456660907716e-4,5.785826488136081e-6,AM7277
-0.20929837226867676,0.17525799572467804,-0.1368676722049713,0.49590736627578735,-0.35246333479881287,0.84586101770401,1.2737419605255127,1.361730933189392,1.3427847623825073,-0.2336718589067459,1.9781415462493896,-1.0082406997680664,1.2558581829071045,0.6147498488426208,0.45460718870162964,-0.3866331875324249,-0.5962929725646973,-0.3839646577835083,-0.1740989089012146,-0.3902777135372162,-0.23464681208133698,0.20758818089962006,0.9265111684799194,0.13294178247451782,0.004220707807689905,0.0076607693918049335,0.0012697690399363637,-1.2757589865941554e-4,1.2928085925523192e-4,-8.219163864850998e-4,2.1635500161210075e-5,AM7278
-0.28178614377975464,0.18838651478290558,0.7030410170555115,-0.3254506289958954,0.6043350696563721,-1.175796627998352,1.0106282234191895,0.38289743661880493,-0.16808398067951202,1.1781220436096191,0.9518954157829285,1.4636579751968384,2.2441213130950928,-0.38240233063697815,-0.40761083364486694,0.5013718008995056,-0.26364216208457947,1.4842394590377808,0.2731035649776459,-1.0615099668502808,1.168177604675293,0.3478308916091919,-0.7628048062324524,-0.11302333325147629,-0.0028741168789565563,-0.006707744672894478,-0.0012521110475063324,4.337756399763748e-5,-1.0439136531203985e-4,6.978748715482652e-4,-2.9965034627821296e-5,AM7280
-0.3833823502063751,-0.02509215846657753,0.7681567072868347,-0.7812981605529785,1.1470996141433716,-0.2133406102657318,0.7345510125160217,-1.1111602783203125,-0.33148977160453796,0.04491262882947922,-0.1736178994178772,1.0308583974838257,-0.17716872692108154,1.6043986082077026,2.620563507080078,-1.050957202911377,-0.17392303049564362,-1.787583351135254,-0.7293446063995361,0.13658082485198975,0.11302679032087326,-0.690155029296875,0.025258883833885193,-0.17939408123493195,-0.0186386127024889,-0.00873065646737814,-0.001820976845920086,3.271732130087912e-4,-5.780471256002784e-4,0.0012431100476533175,-1.4237613868317567e-5,AM7283
-0.45064157247543335,0.013621261343359947,0.6564656496047974,-0.09373684972524643,0.7716374397277832,-0.2173728197813034,0.6206862926483154,-0.3985995352268219,-0.8914132714271545,0.8637350797653198,-0.6853595972061157,1.2885620594024658,0.6767066717147827,0.8587937355041504,1.5756499767303467,0.10178165882825851,0.5716024041175842,-0.05861878767609596,0.10825163125991821,-0.27521881461143494,0.6594950556755066,-0.21946610510349274,0.672503650188446,0.016487600281834602,-9.129380923695862e-4,0.0011646694038063288,6.275502528296784e-5,-3.112687045359053e-5,-5.320346826920286e-5,-5.2102928748354316e-5,9.126452823693398e-6,AM7284
-0.35412895679473877,-0.16527748107910156,0.4776649475097656,-0.10424000769853592,0.8687693476676941,-0.5162261128425598,1.5126923322677612,-2.2691402435302734,0.22428856790065765,-0.35436955094337463,-0.3507169485092163,-0.9305607676506042,0.6708818674087524,-0.5030129551887512,0.7802306413650513,-0.4183461368083954,0.16074566543102264,-1.3165019750595093,0.46389642357826233,0.6994224190711975,-0.7775869965553284,0.8465955853462219,0.08048208057880402,0.18033428490161896,0.027599666267633438,0.007673420011997223,0.0016973292222246528,-4.412186681292951e-4,8.191881352104247e-4,-0.0012885782634839416,1.9999288269900717e-5,AM7285
0.07567444443702698,0.022657714784145355,-0.1757987141609192,-1.1364028453826904,0.8149743676185608,-0.5328230857849121,-0.6497489809989929,0.731268584728241,0.1638922542333603,0.6136477589607239,1.0104740858078003,-0.333638995885849,-0.49824249744415283,-0.6705583333969116,0.7283594608306885,-1.1054911613464355,-0.4555412530899048,0.4449227750301361,-0.1685657501220703,-0.4438203275203705,-0.012793797068297863,-0.10353969037532806,0.5709537863731384,-0.05516539141535759,-0.002997500356286764,-0.0030551161617040634,-7.560583180747926e-4,3.5202832805225626e-5,-1.2755785428453237e-4,4.01475204853341e-4,1.4767146012673038e-6,AM7294
-0.19184575974941254,-0.06270759552717209,0.4235627055168152,0.26025503873825073,0.970824658870697,-0.6628004312515259,0.9338053464889526,-2.190911293029785,0.7392106056213379,0.0341036282479763,1.446808934211731,-1.3704153299331665,-1.410454273223877,-0.16523335874080658,0.30995550751686096,0.20728649199008942,-0.5703690052032471,0.026165783405303955,-2.71146559715271,-0.0527062863111496,-0.3173973560333252,1.5646417140960693,-0.7529146075248718,-0.06344527006149292,-0.0028964197263121605,-0.003887999802827835,-9.471199009567499e-4,4.2282656067982316e-5,-9.5680050435476e-5,3.4988726838491857e-4,-3.8632329960819334e-5,AM7295
-0.39128759503364563,-0.2980876863002777,0.6883386373519897,-0.7925251722335815,0.5132233500480652,0.1413305252790451,-0.8020860552787781,0.22353464365005493,2.1885673999786377,-0.23034341633319855,1.727725625038147,-0.8487632274627686,-2.2823095321655273,-1.0171918869018555,-2.8890128135681152,0.896277129650116,1.5714154243469238,-2.6537463665008545,1.6906192302703857,-1.5354679822921753,1.60948646068573,-0.4252702295780182,-0.3508405387401581,0.043806590139865875,-0.0010837925365194678,0.0029465050902217627,7.06236285623163e-4,-2.3311435143114068e-5,3.177613734806073e-6,-2.776939363684505e-4,-1.1031025337615574e-7,AM7302
-0.24715843796730042,0.0819261446595192,0.20513474941253662,1.1548844575881958,-0.17771415412425995,-0.08025653660297394,0.5249636769294739,0.8297910094261169,-1.661540150642395,0.2708908021450043,1.4612627029418945,0.5224721431732178,0.0693354383111,-0.7897990942001343,-0.33299556374549866,0.27937230467796326,0.8801568150520325,-0.30327603220939636,-0.8346136808395386,0.42094844579696655,0.11818087846040726,-0.6296496391296387,0.4749740958213806,0.004756777081638575,-0.007441503927111626,0.0013134380569681525,1.533963077235967e-4,1.0656972153810784e-4,-2.1803664276376367e-4,4.014494697912596e-5,1.1401305528124794e-5,AM7303
-0.21767961978912354,-0.21308781206607819,-0.437905877828598,0.08649849891662598,-0.2714121639728546,0.3170929551124573,1.3794479370117188,0.6754664778709412,0.21674519777297974,1.4672117233276367,0.66900235414505,-0.17721204459667206,-0.1254420131444931,0.24070873856544495,-0.5521882176399231,1.5069084167480469,1.4917664527893066,-0.21259938180446625,-0.7188723683357239,0.44430211186408997,-0.14465293288230896,0.15078216791152954,0.15515929460525513,0.010731718502938747,-0.00461946427822113,0.0011894842609763145,8.50946016726084e-5,5.944403528701514e-5,-1.341128081548959e-4,-4.26080368924886e-5,-1.3265838560982957e-6,AM7304
-0.2710009217262268,0.5100372433662415,0.622126579284668,-0.4853575825691223,0.5082029104232788,-0.5934433937072754,-0.49202629923820496,1.1837490797042847,-1.0284335613250732,0.2435496598482132,-0.7234352231025696,1.3657928705215454,-0.4750906229019165,0.8335919976234436,-0.7070839405059814,0.58287513256073,0.1807224452495575,0.8005396723747253,1.1486599445343018,0.7555407881736755,0.2093498706817627,0.5071913003921509,-0.492694228887558,0.0545271635055542,0.0012236625188961625,0.003149142488837242,6.213019951246679e-4,-3.0579441954614595e-5,6.24203312327154e-5,-3.8767047226428986e-4,-8.507659913448151e-6,AM7312
-0.4041237533092499,-0.09628211706876755,0.889060378074646,-0.6244890689849854,1.0738255977630615,-0.18970830738544464,0.018841564655303955,-0.5128265619277954,0.7199954390525818,0.6427037119865417,0.9222918748855591,0.5851601958274841,0.8287241458892822,0.7523155808448792,1.092042088508606,0.9075221419334412,-0.2345985770225525,-1.5524157285690308,1.2521864175796509,1.1137539148330688,-1.4896655082702637,-0.5171089768409729,-0.9424315094947815,0.0693795382976532,-0.0015628891997039318,0.004611780866980553,0.0012839401606470346,1.1242993059568107e-4,5.365401739254594e-5,-5.021675024181604e-4,9.524123015580699e-6,AM7313
-0.3161405622959137,-0.06845075637102127,0.40153780579566956,0.6882779598236084,-0.31649249792099,-1.445933222770691,0.25294744968414307,-1.3336141109466553,0.172324076294899,1.9497668743133545,-0.42289435863494873,-0.7020229697227478,1.6282881498336792,-0.8288722634315491,0.08561156690120697,0.8447993993759155,-0.15940353274345398,1.0075043439865112,0.6925788521766663,0.11215852200984955,-0.3950038254261017,-0.17401699721813202,0.03914884850382805,0.005983381532132626,-9.266725392080843e-4,5.138847045600414e-4,1.305868790950626e-4,2.9247928978293203e-5,-1.6770931324572302e-5,-3.377722532604821e-5,4.884646841674112e-6,AM7318
-0.06857880204916,-0.2801191210746765,-0.5891125202178955,-0.25883525609970093,-0.365896999835968,-0.8554480075836182,-1.2143644094467163,-0.09422114491462708,0.3899213671684265,1.72579824924469,0.42603743076324463,-0.5353752970695496,-0.6221206188201904,1.381495714187622,-0.6583625674247742,0.2635885775089264,0.37780824303627014,-0.5507927536964417,0.5018798112869263,0.2745102047920227,-0.8160394430160522,0.4042794108390808,0.9788041710853577,-0.11436480283737183,-0.00720335403457284,-0.006334956735372543,-0.0016579028451815248,1.0473885777173564e-4,-2.9146106680855155e-4,8.099126862362027e-4,-5.917926500842441e-6,AM7319
-0.3144475817680359,0.5137004256248474,0.29608842730522156,-0.16727378964424133,-0.04247117042541504,-0.14753931760787964,-0.8994050025939941,1.199893832206726,-0.8376931548118591,0.40585386753082275,-1.660367488861084,-0.3599594533443451,-1.5217390060424805,0.07081042230129242,-0.9763762354850769,-0.5389761924743652,-0.7519640326499939,0.8348183631896973,0.6409556865692139,1.2893714904785156,-0.8640444874763489,-0.2977279722690582,-1.6553817987442017,0.055416133254766464,0.0032350379042327404,0.0031490351539105177,0.0011802586959674954,4.7868528781691566e-5,1.99828326003626e-4,-4.7150885802693665e-4,-3.2719026421546005e-6,AM7320
-0.3545611798763275,0.13887007534503937,0.6988911032676697,0.17598079144954681,-0.03882700577378273,-0.410297691822052,-1.4197494983673096,-0.13810884952545166,0.16360177099704742,1.2095378637313843,-0.22726581990718842,0.45983582735061646,1.1811732053756714,-0.02227138914167881,-0.4961243271827698,0.9064998030662537,-0.20055121183395386,1.3731396198272705,-0.2519785165786743,-0.2935469448566437,0.5129980444908142,0.9316915273666382,0.28221866488456726,-0.10687084496021271,-0.007469515781849623,-0.00591901782900095,-0.0015645036473870277,7.211090996861458e-5,-2.861629182007164e-4,7.273213705047965e-4,-2.6675001208786853e-5,AM7321
-0.24817678332328796,0.3567696511745453,-0.3427184224128723,-0.37281206250190735,-0.7506494522094727,0.44042059779167175,1.1788148880004883,0.13478204607963562,0.13823862373828888,-1.3251577615737915,-1.2847822904586792,-0.6737732887268066,-0.14664897322654724,0.4513850212097168,0.7967859506607056,0.17221277952194214,-0.5340270400047302,0.05996216461062431,0.21973706781864166,-1.292940616607666,0.40083345770835876,0.9257283806800842,-0.5287070274353027,-0.027386577799916267,0.002757386537268758,-0.0022119942586869,-4.584882117342204e-4,-6.20351274847053e-5,7.602332334499806e-5,1.2167442037025467e-4,-2.302563916600775e-5,AM7323
-0.11646566540002823,-0.024504678323864937,-0.5510289669036865,-0.5608131289482117,-0.8169559240341187,-0.4660252630710602,0.10141193866729736,-0.7942301034927368,0.5165797472000122,0.4528089463710785,-0.6874806880950928,0.6253384351730347,0.509195864200592,0.05616580694913864,-0.5403212308883667,0.8642411828041077,0.17254123091697693,-0.6190913915634155,-0.6953034996986389,-0.13867045938968658,0.0986761525273323,0.08089843392372131,-0.07905329018831253,0.037830326706171036,0.01587182655930519,4.1709691868163645e-4,3.1465510255657136e-4,-2.403346006758511e-4,4.5352871529757977e-4,-3.1551026040688157e-4,8.234609595092479e-6,AM7325
-0.3739195466041565,0.35110029578208923,0.5482432842254639,-0.2063409984111786,0.40462538599967957,0.10569746792316437,-1.0759445428848267,0.9455149173736572,-0.4975789785385132,0.456175833940506,-1.3607193231582642,0.615139365196228,-0.48664990067481995,0.4969053566455841,-0.2276684045791626,0.013787983916699886,0.04409252479672432,0.7243294715881348,0.1490233689546585,0.6876955628395081,0.7578467726707458,0.30099835991859436,0.5565686225891113,0.08126627653837204,5.1375231123529375e-5,0.0049689463339746,7.052017608657479e-4,-7.109811122063547e-5,-1.2180395970062818e-5,-4.828738165087998e-4,5.6564085753052495e-6,AM7327
0.03974270075559616,-0.41229528188705444,-0.679112434387207,0.17504464089870453,-0.4498622715473175,-0.41224807500839233,-0.4587358236312866,-0.9766252040863037,-1.7422910928726196,1.0240176916122437,0.4881736934185028,-0.24598726630210876,-1.1591533422470093,0.09419024735689163,0.8610733151435852,0.7615641355514526,-0.8258790373802185,0.0588817223906517,0.6392045617103577,-0.7874559760093689,0.22381755709648132,-0.3191617429256439,0.3444162607192993,0.04980126768350601,0.002034258795902133,0.00289456476457417,5.776751204393804e-4,-5.348232662072405e-5,6.917218706803396e-5,-3.026077465619892e-4,1.3248232789919712e-5,AM7328
0.01084807887673378,-0.18026356399059296,-0.8327092528343201,0.02675163745880127,-0.2669001519680023,0.17705278098583221,-0.21833640336990356,-1.3103363513946533,-1.04213285446167,0.3897657096385956,0.052356667816638947,1.395401120185852,-1.2553863525390625,0.4194462299346924,0.3671824336051941,1.2022258043289185,-0.8081818222999573,0.013454397208988667,-0.10174335539340973,-0.500113844871521,-0.27432864904403687,-0.08917917311191559,-0.02776196040213108,0.035370297729969025,2.989188360515982e-4,0.002168796956539154,4.7206663293763995e-4,-1.7785505406209268e-6,3.347552046761848e-5,-2.3281977337319404e-4,5.4559836826229e-6,AM7329
-0.30778688192367554,0.4198403060436249,-0.016626808792352676,0.4681839644908905,-0.5352619290351868,-0.31898143887519836,-0.11717750877141953,0.5782692432403564,-1.3688887357711792,0.8735666871070862,-1.8740240335464478,-1.067175269126892,-1.7498847246170044,0.352161169052124,-0.9695551991462708,-0.2047617882490158,0.08889427036046982,-0.2109566032886505,-1.1146917343139648,-0.3458698093891144,0.1358991265296936,-0.17485728859901428,0.5283018350601196,0.0936383455991745,0.005980148445814848,0.005104990676045418,9.780025575309992e-4,-1.275847025681287e-4,1.8197516328655183e-4,-5.918443785049021e-4,1.89849433809286e-5,AM7332
-0.36403435468673706,0.2483486384153366,0.3317367434501648,0.12009794265031815,-0.9177338480949402,0.07632122188806534,-1.882158637046814,0.7285159230232239,-0.005490544252097607,0.6016907691955566,0.37167564034461975,-0.10311401635408401,-1.6445739269256592,0.20071855187416077,0.012699129059910774,0.5513119101524353,-0.6651822328567505,-0.08710158616304398,-0.0184421818703413,-0.10827329754829407,-0.9393312335014343,0.4182467758655548,0.17803756892681122,-0.021280642598867416,0.008186662569642067,-0.0024068632628768682,-4.5008593588136137e-4,-1.0492844739928842e-4,2.1289288997650146e-4,9.64688224485144e-5,1.1095421541540418e-6,AM7333
-0.15845192968845367,-0.070479616522789,-0.6359591484069824,-0.45671263337135315,-0.45430243015289307,0.2795243263244629,0.24570615589618683,-0.8348755240440369,0.061240941286087036,0.779283881187439,-0.3108988106250763,0.7718424797058105,-1.1977225542068481,1.35286283493042,-0.05321405455470085,0.9271424412727356,-0.43740609288215637,0.645302414894104,-0.6619414687156677,-0.008850019425153732,0.11610940098762512,-0.6607200503349304,0.5519828200340271,0.041559986770153046,0.0046751899644732475,0.0021351140458136797,4.849783144891262e-4,-7.978513895068318e-5,1.3031561684329063e-4,-2.435499191051349e-4,2.1669291527359746e-5,AM7334
-0.20546773076057434,0.13451652228832245,-0.4083450436592102,-0.46473565697669983,-0.3027612864971161,0.6959865093231201,0.5346302390098572,0.07170341163873672,0.922685444355011,-0.027789970859885216,0.011484771966934204,0.016958197578787804,-0.03088156320154667,-0.24638226628303528,0.4117029011249542,0.5555462837219238,0.486885130405426,0.7800400853157043,-0.8970534205436707,0.2326759546995163,0.44559526443481445,-0.2535688877105713,0.33052223920822144,0.002750018611550331,4.3453817488625646e-4,1.6820312885101885e-4,-1.1978300790360663e-5,-2.4334412955795415e-5,-5.856321877217852e-6,8.987010915006977e-6,6.112079518061364e-6,AM7336
-0.2940705120563507,0.10475312173366547,-0.0865761861205101,-0.1358465701341629,-0.37156611680984497,1.384263515472412,0.1590908318758011,1.0109844207763672,1.279759407043457,-0.32246536016464233,0.4234694242477417,-1.0344802141189575,0.30835220217704773,0.054129280149936676,0.7052126526832581,-0.4375249147415161,-0.6194733381271362,0.3258470296859741,-0.06610321253538132,-0.17504385113716125,-0.18345877528190613,0.33859291672706604,0.061581969261169434,0.01229329127818346,-0.0015763196861371398,8.78014718182385e-4,6.247658893698826e-5,1.1279717909928877e-5,-4.376543438411318e-5,-7.536717021139339e-5,-3.5338809993845643e-6,AM7337
-0.22648324072360992,0.3342234492301941,0.00319852726534009,0.5735810995101929,-1.149770975112915,-0.577227771282196,0.14632104337215424,0.6320813894271851,0.195032000541687,0.38239532709121704,0.34735918045043945,-0.8927485942840576,-0.5596186518669128,-1.4759161472320557,1.2457537651062012,-0.15769991278648376,0.23986245691776276,-0.588512122631073,-0.6419186592102051,-0.6918719410896301,-0.3751174509525299,-0.4150499105453491,0.10963458567857742,-0.006422920152544975,0.00878558773547411,-0.0013843344058841467,-4.576291030389257e-5,-1.0689363261917606e-4,2.5120770442299545e-4,1.0409793503640685e-5,1.2616685125976801e-5,AM7343
-0.13291016221046448,9.821623098105192e-4,-0.49404653906822205,-0.8560270667076111,-0.47905510663986206,-0.2184891402721405,0.09646988660097122,-0.2998645603656769,0.6560580134391785,0.28329285979270935,-0.11173147708177567,0.8044402003288269,0.3243524432182312,-0.6037633419036865,-0.15841452777385712,0.07571329176425934,0.33744314312934875,0.057010773569345474,-0.9747970104217529,0.4026322364807129,5.361028015613556e-4,-0.32384583353996277,-0.3057040572166443,0.040502145886421204,0.006698404438793659,0.0017804831732064486,5.929349572397768e-4,-8.128632180159912e-5,2.1869115880690515e-4,-3.017514245584607e-4,8.415212505497038e-6,AM7344
0.1849818378686905,0.12562726438045502,-0.7375194430351257,-0.6543115377426147,-0.2739238142967224,-1.2250735759735107,0.7010743618011475,-0.4681742191314697,-1.2078815698623657,0.21967186033725739,-0.49057501554489136,0.9835584759712219,-1.4363059997558594,-0.7439947128295898,1.3651742935180664,0.4960657060146332,0.8249795436859131,-0.03812048211693764,0.4566257894039154,-1.01271390914917,0.06103622168302536,0.18626953661441803,-0.5800806879997253,0.07656818628311157,0.0037708294112235308,0.004261203110218048,0.0010059092892333865,-6.137028685770929e-5,1.667108153924346e-4,-5.462792469188571e-4,-8.534808557669749e-7,AM7345
-0.12999950349330902,0.19221754372119904,-0.4095187187194824,0.020646050572395325,-0.9652962684631348,-0.04302382469177246,1.2143455743789673,0.15525248646736145,0.057436343282461166,-0.37582507729530334,-0.13661812245845795,-0.6420361399650574,-0.25402623414993286,0.2125447392463684,1.1995148658752441,0.11593872308731079,0.13737116754055023,0.03296661376953125,0.29321619868278503,-0.8283528089523315,0.5573893785476685,0.47352364659309387,-0.2740190029144287,0.08155680447816849,0.002762055955827236,0.004632104188203812,8.920927066355944e-4,-8.41109940665774e-5,1.1280071339569986e-4,-5.53729070816189e-4,-4.03244621338672e-6,AM7346
-0.1648193746805191,-0.023190360516309738,-0.4854612648487091,-1.0310770273208618,-0.046012118458747864,0.3265126049518585,-0.31174445152282715,-0.09854843467473984,0.5299548506736755,-0.016489235684275627,-0.05095340311527252,1.2294420003890991,-0.13444899022579193,0.0655490979552269,-0.2749309241771698,-0.14583072066307068,-0.792633593082428,-0.21299055218696594,-0.6848202347755432,0.11129679530858994,0.06851296126842499,-0.22554084658622742,0.017503518611192703,0.008646286092698574,0.003010180778801441,2.2045098012313247e-4,1.2983797932974994e-4,-4.022390203317627e-5,8.786918624537066e-5,-6.333124474622309e-5,5.559877081395825e-6,AM7353
-0.22237637639045715,-0.1753917634487152,-0.4351358711719513,-0.7741291522979736,-0.5362493395805359,0.4059649109840393,-0.5805618762969971,-0.4614122807979584,0.652912974357605,-0.606928825378418,-0.020889341831207275,1.2566790580749512,0.4288535714149475,0.2538314759731293,-0.7680761814117432,-0.5714730620384216,-1.5373222827911377,-0.34104055166244507,-0.12812542915344238,0.7642462849617004,0.22888852655887604,-0.48725301027297974,0.5111656785011292,-0.027167435735464096,0.0052617755718529224,-0.002223498187959194,-3.9758405182510614e-4,-7.712046499364078e-5,1.0907153045991436e-4,1.9320941646583378e-4,1.231257374456618e-5,AM7354
0.13632062077522278,-0.18427743017673492,-0.5510606169700623,0.659112811088562,1.4640235900878906,1.6140010356903076,-0.045368582010269165,0.28528663516044617,-0.14995211362838745,-0.2649185061454773,0.6383832097053528,1.54029381275177,0.5197597742080688,0.4476369321346283,-0.8606823682785034,0.28961828351020813,-1.808396577835083,-0.5384528636932373,0.8654634356498718,0.22904500365257263,0.12128010392189026,0.2520456314086914,-0.11403670907020569,0.023312458768486977,8.669016533531249e-4,0.0012947381474077702,2.2730474302079529e-4,-2.4270075300591998e-5,3.110630132141523e-5,-1.6173080075532198e-4,-3.050153736694483e-6,AM7356
0.13003204762935638,-0.06762555986642838,-0.4198935925960541,0.8810957074165344,2.759908676147461,2.542973756790161,0.8999090790748596,1.263169765472412,0.02060338854789734,1.400898814201355,-2.092241048812866,-0.11180422455072403,-0.37795209884643555,-3.5340659618377686,0.7088508009910583,1.3372498750686646,-0.9577499032020569,-0.5172718167304993,0.41810983419418335,0.1386721283197403,0.40306419134140015,0.3175312876701355,0.36548691987991333,-0.07066096365451813,0.001438828301616013,-0.004622828681021929,-0.0010639087995514274,-4.157007788307965e-5,-2.0228599169058725e-5,4.698407428804785e-4,-8.19541219243547e-6,AM7359
-0.24753689765930176,-0.19603824615478516,-0.6206281185150146,-0.009631380438804626,-0.42185717821121216,0.46091559529304504,0.9316991567611694,-0.4450894892215729,0.45359599590301514,1.3382068872451782,-2.0650265216827393,-1.4276401996612549,0.4156968593597412,0.3136575222015381,-1.2123743295669556,0.4238554835319519,0.09567003697156906,0.4231099486351013,-0.11198274791240692,0.7123293280601501,0.03749433532357216,-0.7079399228096008,-0.24305948615074158,0.04013712704181671,-0.0016571292653679848,0.002844837959855795,7.426337688229978e-4,4.9749749450711533e-5,-9.178958862321451e-6,-2.538661356084049e-4,1.1092745808127802e-5,AM7361
-0.20897264778614044,-0.5293270945549011,-0.4469962418079376,-0.3131439983844757,0.28996512293815613,0.6082116365432739,-0.3761022090911865,-0.36081501841545105,-0.5927687883377075,0.9373027086257935,-0.3254123032093048,-0.891797661781311,0.3479546010494232,0.08200527727603912,-0.8907769322395325,-1.17972993850708,-2.459148645401001,0.2881752848625183,0.32574114203453064,-0.44918447732925415,0.060994695872068405,-0.20431438088417053,-0.4415483772754669,-0.021149462088942528,-1.8261736840941012e-4,-0.0012389450566843152,-7.383043703157455e-5,2.74010089924559e-5,1.374992098135408e-5,1.1252169497311115e-4,-3.838481461571064e-6,AM7362
0.042764581739902496,-0.6224368214607239,0.14230358600616455,-0.36832746863365173,-0.033369794487953186,-0.4372348189353943,1.030806303024292,1.2507275342941284,-0.7341981530189514,-1.920203447341919,-0.9623096585273743,0.29894569516181946,-0.13394296169281006,-0.11748222261667252,0.2333056479692459,0.8948049545288086,-1.3852553367614746,-0.26768824458122253,-0.2606513202190399,-0.441128134727478,0.46665701270103455,-0.00485675223171711,0.2681003510951996,0.0028189984150230885,-0.004087548702955246,6.63166050799191e-4,-1.3549400136980694e-5,3.1395742553286254e-5,-1.270280044991523e-4,1.957256972673349e-5,-5.980735977573204e-7,AM7365
0.06704127788543701,-0.18163776397705078,-0.6831682324409485,-0.043343834578990936,-0.18652018904685974,-0.22091001272201538,-0.56379234790802,-0.6919715404510498,-0.43210849165916443,-0.1240914911031723,0.3362448513507843,0.24432221055030823,0.6604415774345398,-0.23078890144824982,-1.3478899002075195,-0.597014307975769,-0.4476504325866699,-0.19993649423122406,-0.10064902156591415,-0.4902978241443634,-0.4876256287097931,0.41762104630470276,-0.7280806303024292,-0.04335923120379448,-0.004847482778131962,-0.0021792040206491947,-3.7025625351816416e-4,1.0686885070754215e-4,-1.1413202446419746e-4,2.4341883545275778e-4,-1.865906779130455e-5,AM7372
-0.05355963483452797,-0.8630300760269165,0.29955804347991943,0.5937625169754028,-0.6326252222061157,0.15944677591323853,0.2398495227098465,-0.16846179962158203,0.6440950036048889,0.08740850538015366,-0.8737045526504517,0.06830558180809021,0.1285320520401001,0.057600170373916626,-0.6634578108787537,-1.3132715225219727,0.9885204434394836,0.49006378650665283,0.13487127423286438,0.2692390978336334,-0.13156162202358246,0.21167246997356415,-0.14901648461818695,-0.01896788366138935,5.784885725006461e-4,-0.001284341444261372,-2.4899226264096797e-4,-3.323289377021865e-8,1.0904196642513853e-5,1.066895347321406e-4,-5.798427537229145e-6,AM7373
0.12007390707731247,-0.7690876722335815,0.40440040826797485,1.1165310144424438,-0.6575246453285217,-0.06064394861459732,-0.5671773552894592,-0.22851793467998505,1.5758103132247925,0.8818930387496948,-0.055341217666864395,0.2537025809288025,0.08829449117183685,-0.21054984629154205,-0.043408069759607315,-0.7930856347084045,0.8900815844535828,0.47100314497947693,0.19396722316741943,0.2165640890598297,-0.17439721524715424,-0.09527990967035294,0.17579981684684753,0.026539871469140053,0.0016983076930046082,0.0014553522923961282,2.86439317278564e-4,-2.7569605663302355e-5,5.1999355491716415e-5,-1.6719727136660367e-4,7.296968760783784e-6,AM7380
0.04901757836341858,-0.30810439586639404,-0.286228746175766,0.050240408629179,0.50048828125,-0.31033089756965637,-0.46537432074546814,0.08428342640399933,-0.4003210961818695,1.6305937767028809,-0.20991384983062744,-1.732656478881836,0.28320080041885376,-1.0460195541381836,0.20088741183280945,-0.7179559469223022,0.2955845296382904,0.4275411367416382,0.08167818933725357,0.20982478559017181,0.06723945587873459,-0.2603757679462433,-0.1214120164513588,0.03646319359540939,-0.0038426360115408897,0.0027823145501315594,5.692577105946839e-4,5.934468936175108e-5,-8.181865268852562e-5,-2.2035118308849633e-4,3.952338374801911e-6,AM7382
0.10520815849304199,-0.7394591569900513,0.1309785097837448,0.6867444515228271,-0.017645422369241714,-0.06975535303354263,0.29555511474609375,0.41713908314704895,-0.29068228602409363,-0.4398057162761688,-0.391932874917984,-0.8151171207427979,0.20520949363708496,0.20017768442630768,0.10576800256967545,1.0438193082809448,0.7488254308700562,-0.3735179007053375,-0.5860109329223633,0.19106672704219818,-0.018294965848326683,-0.056388191878795624,-0.2205577939748764,-0.042405031621456146,-0.0032676327973604202,-0.0022162040695548058,-4.0887491195462644e-4,6.822055001975968e-5,-9.715941996546462e-5,2.73807265330106e-4,-6.8155477492837235e-6,AM7383
0.05125012248754501,-0.7834035754203796,0.2655400335788727,0.6698194146156311,-0.34693264961242676,0.6472905874252319,0.13062480092048645,-0.33199477195739746,0.21981798112392426,-0.24849209189414978,-0.06678105890750885,1.2003237009048462,-0.5922141671180725,0.044489648193120956,0.2877543270587921,-1.3385592699050903,1.4487437009811401,0.6258993148803711,0.19872231781482697,0.033671118319034576,0.12832283973693848,0.33093011379241943,-0.28722330927848816,0.004567502066493034,8.854091865941882e-4,1.1758320761146024e-4,2.943435902125202e-5,-1.7477213987149298e-5,3.179666236974299e-5,-5.325013626134023e-5,-7.966707016748842e-6,AM7384
0.015351695008575916,-0.6839067935943604,0.3315395712852478,-0.33045920729637146,-0.3985091745853424,-0.3919542133808136,0.14704549312591553,0.6979638934135437,-0.23076362907886505,-1.800784945487976,-0.7601259350776672,-0.39947858452796936,0.8151853084564209,-0.8352583050727844,-0.15148328244686127,0.4083714485168457,-0.06406255066394806,-0.2643696069717407,-0.8213205337524414,-0.30774837732315063,0.0894811749458313,-0.020586922764778137,-0.07866925746202469,-0.018466955050826073,-0.0022933282889425755,-8.633770630694926e-4,-1.7463977565057576e-4,3.656238550320268e-5,-6.570328696398064e-5,1.2414870434440672e-4,-3.7206320939731086e-6,AM7385
-0.049821119755506516,-0.40341871976852417,-0.3437619209289551,-0.2702973783016205,0.45636966824531555,0.029422089457511902,0.11420352011919022,0.09392492473125458,-0.9596508145332336,0.7634831070899963,0.35051968693733215,-0.9846199154853821,0.3224407732486725,-0.6891312599182129,-0.15799731016159058,-1.2841600179672241,0.0537392795085907,0.20888447761535645,-0.26726824045181274,-0.026203202083706856,0.23573832213878632,0.014261828735470772,0.01578911952674389,-0.004002101719379425,-0.00598240876570344,4.721549921669066e-4,-1.3363989637582563e-5,7.836691656848416e-5,-1.7005455447360873e-4,5.440627137431875e-5,-4.1883336052706e-6,AM7386
0.1520412564277649,-0.7899242043495178,0.07886455208063126,0.9025619029998779,-0.24760839343070984,-0.4468240737915039,-0.07950250059366226,0.22480212152004242,-0.35601794719696045,-0.9460462927818298,0.4640299081802368,0.09035959094762802,0.9179245829582214,-0.18434078991413116,0.0076292878948152065,1.2922656536102295,0.23419953882694244,-0.2274254858493805,0.18755322694778442,-0.007167870178818703,-0.25718340277671814,0.0066914791241288185,-0.6553799510002136,0.007188788149505854,0.004770985804498196,-1.17084666271694e-4,2.3018747742753476e-4,-3.706405550474301e-5,1.6898196190595627e-4,-1.0866717639146373e-4,-3.2985551570163807e-6,AM7387
-0.08890238404273987,-1.1305099725723267,0.20546530187129974,0.9883213043212891,-0.46777579188346863,1.2319296598434448,0.4308490455150604,-0.4861569404602051,-0.17697837948799133,0.09176726639270782,-0.40012696385383606,1.1399812698364258,-1.3387118577957153,0.5346938371658325,0.2218136191368103,-1.3761759996414185,0.9066444039344788,0.8316798210144043,0.18023478984832764,-0.1841292381286621,0.17504744231700897,0.09699534624814987,0.12000240385532379,-0.018643008545041084,-2.0623797900043428e-4,-0.0011532728094607592,-2.8502222266979516e-4,-7.004415238043293e-6,-2.2077903850004077e-5,1.280068390769884e-4,-2.687979531401652e-6,AM7388
-0.05637610703706741,-0.8246772885322571,0.33696115016937256,0.2144852727651596,-0.4536755681037903,0.05667950585484505,1.347823143005371,0.4522255063056946,0.339810848236084,-0.018410760909318924,-0.1670210212469101,1.3653733730316162,-0.41078588366508484,-0.2883202135562897,0.12426763772964478,-1.231187105178833,0.4925152361392975,0.42880067229270935,0.393174946308136,-0.06201520934700966,0.20491988956928253,0.3767605721950531,-0.24889254570007324,-0.006874529179185629,0.005931675899773836,-0.0012104538036510348,-1.7602049047127366e-4,-9.33472765609622e-5,1.6254083311650902e-4,1.043649717757944e-6,-7.217168786155526e-6,AM7409
0.02423262409865856,-0.4707812964916229,0.23641885817050934,-0.44208580255508423,0.3043156862258911,-0.5530619621276855,-0.20150555670261383,1.133444905281067,-0.1290978342294693,-0.6700908541679382,-0.46514442563056946,-0.81568843126297,0.4720058739185333,0.02525300718843937,0.7790001630783081,0.6966312527656555,-0.4825280010700226,-0.11305888742208481,0.0735001191496849,0.16157175600528717,-0.22712869942188263,-0.3205232620239258,0.13205693662166595,0.04756810888648033,0.007871301844716072,0.0020608629565685987,5.615287227556109e-4,-1.1054288916056976e-4,2.3782890639267862e-4,-3.287981089670211e-4,1.531459747639019e-5,AM7416
0.22163335978984833,-0.6291866898536682,0.12942302227020264,1.510061264038086,-0.7151458859443665,-0.04703005775809288,-0.19233138859272003,-0.79982990026474,1.2290021181106567,0.09114521741867065,-0.3955305814743042,0.28230956196784973,0.07620453089475632,0.6293008923530579,-0.05610799789428711,-0.3463991582393646,-1.6755834817886353,-0.21265345811843872,0.5268007516860962,0.4495144784450531,0.2608889937400818,-0.28245866298675537,0.21370777487754822,0.016372162848711014,-0.0016513654263690114,0.0012723758118227124,2.1365411521401256e-4,1.5116631402634084e-5,-5.008719745092094e-5,-7.770659431116655e-5,6.4617502175678965e-6,AM7419
0.09919998049736023,-0.25747573375701904,-0.38034749031066895,-0.2395898997783661,0.3011655807495117,-0.09726979583501816,-0.6092895865440369,-0.7759122252464294,-1.6711353063583374,-0.6726742386817932,-0.26660916209220886,-1.1273199319839478,0.477634459733963,0.7115893363952637,0.48271164298057556,-1.05081045627594,0.13347700238227844,-0.26799526810646057,0.38544848561286926,-0.11656748503446579,0.6080366969108582,-0.00856652669608593,-0.07423917204141617,0.04296638444066048,-8.640452288091183e-4,0.0027766104321926832,5.244265776127577e-4,-1.3479182598530315e-5,-9.287662578572053e-6,-2.7013165527023375e-4,3.644442188033281e-7,AM7420
-0.01661466807126999,-0.7391973733901978,0.4044080972671509,-0.31167200207710266,-0.5878446102142334,-0.04125145822763443,-0.463066428899765,0.5746682286262512,0.3695164620876312,-1.255982518196106,-0.574158251285553,0.5246711373329163,-0.07579701393842697,0.09159144759178162,0.2630738317966461,0.616226077079773,-0.8680550456047058,-0.44422733783721924,-0.0632680132985115,0.14812134206295013,-0.08790501207113266,-0.050900887697935104,0.3289922773838043,-0.03258378431200981,-0.006089032627642155,-0.0012834970839321613,-4.1258565033786e-4,8.726076339371502e-5,-1.95663160411641e-4,2.548512420617044e-4,-1.033684839057969e-6,AM7426
0.05882367864251137,-0.708249568939209,0.12790502607822418,0.09420189261436462,-0.5214290022850037,-0.21096517145633698,0.2878195643424988,0.3202621042728424,-0.6995558142662048,-1.6759055852890015,-1.1024020910263062,-0.07029605656862259,0.17332211136817932,0.6001864075660706,-0.6446638703346252,1.2885186672210693,-0.4714909493923187,-0.7072898149490356,-0.0026558374520391226,0.3251112699508667,0.13159842789173126,0.07956232875585556,0.17623808979988098,-0.07437139004468918,-0.010631578974425793,-0.003345438977703452,-8.807838312350214e-4,1.5747180441394448e-4,-3.373886283952743e-4,5.342757795006037e-4,-1.1461433132353704e-5,AM7427
-0.03258645161986351,-0.5457442998886108,0.14890682697296143,-0.37638598680496216,-0.07027900964021683,0.08382368087768555,-1.9689960479736328,0.5677995085716248,-0.06335964798927307,0.28781431913375854,0.7921360731124878,-0.8628491163253784,-0.1404665857553482,0.05396625027060509,0.5590646862983704,0.7653849124908447,0.36823800206184387,0.41842377185821533,0.24620568752288818,0.04951172694563866,-0.1378813534975052,0.21186184883117676,0.07769415527582169,-0.04848866164684296,3.436976403463632e-4,-0.003093657549470663,-6.594500155188143e-4,4.104113884295657e-7,-1.713377787382342e-5,3.1027785735204816e-4,-6.071454208722571e-6,AM7492
-0.335133820772171,0.07330167293548584,0.2762707769870758,-0.4909757971763611,-0.7215809226036072,2.917187452316284,0.06035050377249718,-0.13547106087207794,-0.8464164137840271,-0.33190959692001343,0.782730221748352,-0.8982122540473938,-0.5171907544136047,1.1162079572677612,-0.0667586699128151,0.24197372794151306,0.17279674112796783,0.20207373797893524,0.19255828857421875,-0.485791951417923,-0.7669821977615356,0.6082069873809814,-0.12199956923723221,-0.10499513149261475,-0.0043946001678705215,-0.006111824885010719,-0.0013191727921366692,9.31328468141146e-5,-1.565187849337235e-4,6.67993794195354e-4,-1.920769500429742e-5,AM7493
-0.10895509272813797,0.4498572051525116,0.058199211955070496,-0.42908546328544617,-0.8793756365776062,1.8781633377075195,0.0764930322766304,-0.2930397391319275,-0.11685886234045029,-0.8415727019309998,0.25919219851493835,-0.798559308052063,0.3224855065345764,0.45056161284446716,0.7171673774719238,0.12768566608428955,0.756506085395813,0.7059460878372192,1.110162615776062,-0.08078861981630325,-0.2626440227031708,0.020741475746035576,0.32283222675323486,-0.0028395282570272684,-0.0029269305523484945,1.6091037832666188e-4,-8.968141628429294e-5,3.763780478038825e-5,-9.307431901106611e-5,4.684706073021516e-5,2.709682576096384e-6,AM7495
-0.07647134363651276,0.6480541825294495,0.643122673034668,0.08205071091651917,-0.858655571937561,-0.0787290558218956,-1.7187998294830322,-1.115699052810669,-1.3630740642547607,-0.9011678695678711,0.04706841707229614,0.5669558048248291,1.4929430484771729,-2.1411550045013428,-0.6179341077804565,-0.21308718621730804,-0.3321572244167328,-0.7047572135925293,0.11517788469791412,0.2513773441314697,-0.010352689772844315,0.7760969996452332,1.7491652965545654,0.04646908864378929,0.0069212531670928,0.001844804617576301,-1.868220861069858e-4,-2.0202499581500888e-4,1.0904202645178884e-4,-2.3277150467038155e-4,1.440467622160213e-5,AM7589
0.03140289708971977,0.5306739211082458,0.11413588374853134,0.7897265553474426,-1.1571455001831055,0.5172220468521118,0.34348374605178833,-0.9234762787818909,-1.9056732654571533,-0.8907851576805115,0.5729078650474548,-0.13257253170013428,0.7128597497940063,-0.94698333740234375,-0.27681300044059753,0.18054337799549103,-0.019726958125829697,-0.45770564675331116,0.6340317726135254,0.081200011074543,-0.23980294167995453,-0.7164073586463928,-0.5260647535324097,-0.06392821669578552,-0.003341043135151267,-0.003402199363335967,-3.9474276127293706e-4,1.1448725854279473e-4,-7.690629718126729e-5,4.001891065854579e-4,-7.946757136778615e-7,AM7591
0.13415364921092987,-0.08834803104400635,-0.6087146997451782,-0.07028572261333466,0.19307619333267212,0.028871286660432816,-0.507637083530426,-0.7293037176132202,-1.1775851249694824,-0.28894683718681335,0.6643205881118774,1.1211574077606201,-0.24489611387252808,-0.43082568049430847,0.30914708971977234,-0.02045111544430256,0.6155515909194946,-0.38454315066337585,0.4518681764602661,-0.46934840083122253,-0.3573077321052551,0.1495787352323532,-0.0773012712597847,0.03768619894981384,-0.0015020199352875352,0.0024811832699924707,4.6698367805220187e-4,2.0441180822672322e-5,-1.61936623044312e-5,-2.469858736731112e-4,9.60459146881476e-7,AM7628
-0.08547274768352509,0.5273740887641907,0.46912264823913574,0.24238744378089905,-0.7215332388877869,0.8981444239616394,-0.3797151744365692,-0.13730745017528534,-1.8948348760604858,-1.0923930406570435,0.4826142191886902,0.48942869901657104,-0.1457776129245758,-1.4764375686645508,-0.3055356740951538,-0.5330400466918945,0.3738747537136078,-0.6897314190864563,-0.7588027119636536,0.4824400246143341,-0.4105111062526703,-0.41267484426498413,0.3533855676651001,-0.061130791902542114,-0.0057370164431631565,-0.003022762481123209,-6.596832536160946e-4,1.1107519821962342e-4,-1.9048074318561703e-4,4.400565230753273e-4,3.7384629649750423e-6,AM7629
0.0879283994436264,0.6086561679840088,-0.1091884970664978,-0.19703485071659088,-0.8523073196411133,0.7594485282897949,0.6792882084846497,-0.32932156324386597,0.06698234379291534,-0.9736515879631042,0.6274402141571045,-0.6277033686637878,1.3751225471496582,-0.7850218415260315,0.5008413195610046,0.942144513130188,-0.14757640659809113,0.5845561027526855,1.2375195026397705,0.2507464587688446,0.03736492618918419,0.06584570556879044,-0.7087574601173401,0.0480303131043911,-0.0026882903184741735,0.003308073850348592,7.691100472584367e-4,5.337728725862689e-5,-2.2908658138476312e-5,-3.39289108524099e-4,-5.714082817576127e-6,AM7633
0.14343105256557465,0.2940673530101776,-0.26728516817092896,-0.07943747937679291,-0.6925424337387085,0.5820252895355225,-0.20035257935523987,-1.0967501401901245,0.5016577243804932,0.4835759699344635,1.0745935440063477,0.2237427830696106,1.3453365564346313,-0.3916439712047577,0.16904351115226746,1.0353014469146729,0.2719113826751709,0.17712940275669098,-0.14826823770999908,0.9315977096557617,0.33578526973724365,-0.7451213598251343,0.2652951776981354,0.030790016055107117,-0.004544682800769806,0.0026129940524697304,5.13517064973712e-4,6.656410550931469e-5,-1.2180100748082623e-4,-1.4689317322336137e-4,1.3825399946654215e-5,AM7634
