V1
5.875121568749672
2.704444471668903
2.3619700268637724
1.4610598639299384
1.1378793300508863
0.793880634672353
0.5314098215763103
0.4149465703501108
0.35654535482447236
0.290155644007181
0.2279278921893349
0.17728383485580396
0.16125793293847868
0.13367118608676232
0.12399152590874413
0.09945928800847899
0.10108674108013935
0.08679581599163841
0.07728389036226603
0.06842423842197018
0.06401770020641694
0.0611571981266782
0.06116715149617367
0.05455469272143828
0.052569902876310304
0.05053729517010291
0.049233700248456046
0.048476599773653574
0.04717849410502787
0.046609977750627266
0.046081185780513005
0.04521502725598009
