PEER1,PEER2,PEER3,PEER4,PEER5,PEER6,PEER7,PEER8,PEER9,PEER10,PEER11,PEER12,PEER13,PEER14,PEER15,PEER16,PEER17,PEER18,PEER19,PEER20,PEER21,PEER22,PEER23,PEER24,PEER25,PEER26,PEER27,Donor
-0.03230396285653114,-0.3429819643497467,-0.2671664357185364,-0.20031316578388214,0.4296484589576721,0.5878808498382568,-0.546968400478363,-0.1327120065689087,-0.5464801788330078,-0.25826162099838257,0.8603194355964661,0.09604907780885696,0.9714191555976868,0.05343268811702728,-0.6377161741256714,-1.2968467473983765,0.7530090808868408,0.2869216203689575,0.17464691400527954,0.10842893272638321,0.04241744801402092,0.05765907093882561,-0.2097930610179901,-0.007757252082228661,-4.0905317291617393e-4,-4.174811765551567e-4,-4.973505565430969e-5,AM7180
0.21690453588962555,-0.3419833481311798,0.2219059318304062,-0.12648117542266846,0.2661699950695038,-0.7502607703208923,-0.15939585864543915,1.036125898361206,-0.09879286587238312,-1.7312891483306885,-0.8039715886116028,-0.22788389027118683,0.45022422075271606,-0.04076331481337547,-0.05915987864136696,0.7732058167457581,0.42072927951812744,0.24725595116615295,-0.38374003767967224,-0.0013823526678606868,-0.3488680422306061,-0.39331427216529846,-0.09345132857561111,0.02829691395163536,-0.0026968619786202908,0.002070108661428094,4.861802444793284e-4,AM7181
0.08119699358940125,0.056442249566316605,-0.5852077603340149,-0.5178401470184326,0.13810324668884277,-0.45827656984329224,0.17787155508995056,0.07361669838428497,-0.23526452481746674,-0.668723464012146,0.4725412130355835,1.2641185522079468,0.9930368661880493,-0.9234806895256042,-0.7982242107391357,-0.43508845567703247,0.6595885753631592,-0.2732101082801819,0.12253792583942413,-0.22068439424037933,-0.31693074107170105,0.28447437286376953,-0.568885087966919,0.003735237754881382,5.947011522948742e-4,1.0563704563537613e-4,1.2535853602457792e-4,AM7182
0.1020263284444809,0.32510536909103394,-0.4745781719684601,-0.22564074397087097,0.4952343702316284,0.1454533487558365,-0.14661338925361633,-0.1782417595386505,0.8558675050735474,-0.5860406160354614,-0.2508580982685089,1.2672532796859741,0.40669384598731995,-0.05185167118906975,0.3666057884693146,-0.39873096346855164,2.1672658920288086,0.07474350184202194,-0.5655523538589478,0.5825663805007935,-0.10030192881822586,-0.3269805312156677,-0.021741030737757683,0.05096251145005226,0.004691945854574442,0.002543781418353319,6.316929357126355e-4,AM7188
0.09082460403442383,-0.27732035517692566,-0.13421522080898285,-0.2372932732105255,0.7529085874557495,0.1014966145157814,-0.946479856967926,0.14278192818164825,-0.9295532703399658,-0.47997817397117615,0.4253065288066864,-0.8304322361946106,0.2730455696582794,0.42862918972969055,0.9486358761787415,-1.0430452823638916,1.0354671478271484,0.21058575809001923,0.24140752851963043,-0.08146685361862183,0.35997459292411804,-0.047402575612068176,0.3914811313152313,0.07415489852428436,0.010799222625792027,0.0031413405667990446,6.609693518839777e-4,AM7189
0.08517275005578995,0.6101539731025696,-0.36722782254219055,-0.07958152890205383,-0.12662850320339203,-0.07072285562753677,-0.5653846263885498,-0.15260447561740875,1.6061722040176392,-0.7920424342155457,-1.2797549962997437,-0.8752117156982422,0.7080841660499573,0.13048388063907623,-0.6203233003616333,-0.3775196075439453,0.9861994385719299,0.36319559812545776,-0.42946192622184753,0.20608213543891907,0.4340289533138275,0.47057026624679565,-0.5005007982254028,-0.02904714271426201,-0.0058604395017027855,-0.0011124202283099294,-2.9690959490835667e-4,AM7196
0.07352057844400406,0.14400269091129303,-0.4730684757232666,-0.6970105767250061,0.34384390711784363,0.28475138545036316,-1.4660124778747559,-0.8365087509155273,0.5371886491775513,-0.9091405272483826,-0.40874600410461426,0.9324361085891724,0.0559053011238575,-0.3218918740749359,0.15322914719581604,-0.901695191860199,0.3590136468410492,-0.13803860545158386,-0.6354459524154663,-0.13933613896369934,-0.06139213591814041,0.30426982045173645,-0.34557488560676575,-0.025527959689497948,-0.002932306844741106,-0.0012247179402038455,-2.546575851738453e-4,AM7197
0.4445459842681885,0.009765595197677612,0.1285386085510254,0.2951311469078064,0.953944206237793,-0.6651837825775146,-0.8340041637420654,1.123518705368042,0.9120704531669617,-0.27584654092788696,0.5798704028129578,-0.6756755113601685,0.1777297407388687,1.0336800813674927,0.15655910968780518,0.3734686076641083,-0.7670416235923767,0.5396042466163635,-0.41872093081474304,-0.021063897758722305,-0.16081194579601288,-0.02213911898434162,0.20354488492012024,0.07862602919340134,0.011936214752495289,0.003268737578764558,7.628570310771465e-4,AM7203
0.08710932731628418,0.6014164090156555,0.15104399621486664,1.0926560163497925,0.7548604607582092,0.35248708724975586,-0.9332908987998962,0.5964443683624268,0.01341016311198473,-0.6436535120010376,-0.2368655949831009,1.0336309671401978,-0.15394406020641327,1.412771463394165,-0.520811915397644,-0.4145163297653198,0.15851107239723206,-0.5727087259292603,-0.7584925293922424,-0.31359943747520447,0.3614504635334015,0.2982643246650696,-0.4126321077346802,0.1389382928609848,0.009655965492129326,0.0070703160017728806,0.0015346093568950891,AM7204
0.2376425564289093,-0.20063990354537964,-0.00861535407602787,0.21107463538646698,1.0564051866531372,-0.037830956280231476,-0.9773370027542114,0.5304760336875916,-0.1587391048669815,-0.9507984519004822,0.3457675576210022,-0.8606719374656677,0.4380107820034027,0.6723584532737732,0.30885034799575806,0.005114433821290731,0.531323254108429,0.5120740532875061,-0.21788382530212402,-0.054006390273571014,0.0724802240729332,0.035281702876091,-0.017369600012898445,0.036703988909721375,0.010586530901491642,9.347217855975032e-4,3.263723920099437e-4,AM7205
0.49624982476234436,0.18076415359973907,0.44933003187179565,-0.6462149620056152,-0.36082202196121216,0.6086808443069458,0.026196202263236046,-0.5192579627037048,-1.4527933597564697,0.7318308353424072,0.47069329023361206,-2.019691228866577,0.7296871542930603,1.1899720430374146,-1.1827170848846436,0.22591762244701385,0.4078308045864105,-0.4031465947628021,-0.13569040596485138,0.6253191232681274,0.5653613805770874,0.07293754070997238,-0.05306875333189964,-0.09597081691026688,0.002754741348326206,-0.006020341534167528,-0.0011603711172938347,AM7208
0.5608274340629578,0.3178875744342804,0.3795653283596039,-0.6442491412162781,0.6275532841682434,1.3792026042938232,0.49277132749557495,-0.30924269556999207,-1.7055187225341797,0.8293725848197937,-0.23865853250026703,-1.258019208908081,0.08059573173522949,0.8286935091018677,-0.08513271808624268,0.18534933030605316,0.9101897478103638,-0.6489270925521851,-0.13069412112236023,0.6221128702163696,0.7835102081298828,0.221075639128685,-0.17202739417552948,-0.043272994458675385,0.005748696159571409,-0.003266596235334873,-5.959335248917341e-4,AM7209
0.568122148513794,0.18713992834091187,0.7999426126480103,-0.3836064636707306,0.24525322020053864,1.361018180847168,0.6874046921730042,0.09522529691457748,0.10431627184152603,1.2315301895141602,-0.6056484580039978,0.4276348054409027,-0.5806647539138794,0.19756923615932465,-0.3955281376838684,0.09413895010948181,-0.41938886046409607,0.22125115990638733,-0.31102874875068665,-0.07005107402801514,-0.43719735741615295,0.03819430619478226,-0.10906322300434113,0.07090352475643158,0.001487588044255972,0.0040245214477181435,8.372291340492666e-4,AM7211
0.7003881931304932,0.2539864480495453,0.829728364944458,-0.43224358558654785,-0.22762615978717804,0.8213004469871521,0.3101045787334442,-0.26498109102249146,0.4878326952457428,0.8215410113334656,-0.19547338783740997,0.8622468113899231,-0.9809657335281372,-0.1703660488128662,0.23755919933319092,0.21662649512290955,-0.37013816833496094,0.22417373955249786,-0.1424274444580078,-0.6711404323577881,-0.43351688981056213,-0.04245023429393768,0.08677097409963608,0.060159750282764435,8.820773218758404e-4,0.003464170265942812,6.977237062528729e-4,AM7213
0.40830403566360474,-0.08005723357200623,0.9362366795539856,-0.7656250596046448,-1.4448243379592896,-0.40101292729377747,0.9748675227165222,0.005027477163821459,0.8268742561340332,1.712408185005188,0.13879604637622833,0.2659081518650055,0.571495532989502,-1.1198725700378418,-0.37064048647880554,-0.6598435044288635,-0.5184884071350098,-0.26218006014823914,0.4575452208518982,0.021611349657177925,-0.018479475751519203,-0.048250094056129456,-0.043993327766656876,0.00183094700332731,0.0049421400763094425,-4.587390285450965e-4,3.986930096289143e-6,AM7214
0.709755539894104,0.33436670899391174,0.8632726073265076,-0.6646751761436462,-0.3642197549343109,-0.028236331418156624,0.6699466109275818,0.12715737521648407,0.8862640857696533,1.0336412191390991,0.14965464174747467,0.831258237361908,-0.6059619188308716,0.1992214322090149,0.2236682027578354,-0.7532429099082947,-0.44813743233680725,0.0354255810379982,0.005343159660696983,-0.38290703296661377,-0.18819177150726318,-0.16815416514873505,0.4724583625793457,0.05470952391624451,-4.181674448773265e-4,0.0033124450128525496,5.663441843353212e-4,AM7215
0.650838315486908,0.24437645077705383,0.6878047585487366,-0.631145715713501,-0.9730468392372131,-0.24291951954364777,0.7758973240852356,-0.7385339736938477,-0.12549658119678497,0.4698025584220886,-0.8717955946922302,-0.03814230486750603,-0.517476499080658,0.5724477767944336,-0.28115615248680115,0.11976609379053116,-0.3970455229282379,-0.5415884852409363,-0.2360423058271408,-0.24235227704048157,0.04508645460009575,0.11513324081897736,-0.17744512856006622,-0.037185896188020706,-0.005797144025564194,-0.0015487136552110314,-3.61229496775195e-4,AM7216
-0.22609113156795502,0.41522133350372314,0.2236306071281433,0.2133789211511612,-0.12038960307836533,0.17146249115467072,0.11366819590330124,1.4555861949920654,-0.4145810306072235,-0.7919945120811462,-0.11057119816541672,0.32084178924560547,-0.6282702684402466,0.05249270051717758,0.41074633598327637,-1.3594623804092407,-0.0032456654589623213,-0.3398640751838684,0.06805960088968277,0.49736058712005615,-0.2903173863887787,-0.4875762164592743,-0.3909013867378235,-0.04159708693623543,-0.0012698591453954577,-0.00221506180241704,-2.367974811932072e-4,AM7221
0.0926399677991867,0.5795393586158752,-0.23715732991695404,1.0552526712417603,-0.861140251159668,-0.4438666105270386,-1.3104503154754639,-0.040366049855947495,1.5045030117034912,-0.37383922934532166,-0.18626481294631958,-0.4765591621398926,-0.08283953368663788,0.008389046415686607,1.8160258531570435,-0.6338498592376709,-1.275011420249939,-0.9596988558769226,1.0934783220291138,0.16527865827083588,0.8244799971580505,-0.19949734210968018,-0.19797544181346893,-0.08229589462280273,-0.0030230688862502575,-0.004477896727621555,-8.501277188770473e-4,AM7223
0.17865215241909027,0.3866836428642273,-0.6568799018859863,0.3018959164619446,-0.44743743538856506,-0.502801775932312,-1.0427930355072021,-0.7306318879127502,1.7505086660385132,0.5152960419654846,-1.314881443977356,-0.30303752422332764,0.32278165221214294,0.3449854254722595,0.9082899689674377,0.065872423350811,-2.0113385107833892e-4,-1.2369364500045776,0.09677312523126602,0.8061211705207825,1.3413420915603638,0.4181753098964691,-0.656226634979248,-0.09541011601686478,-0.00971074216067791,-0.00457355473190546,-0.0010153307812288404,AM7224
0.10021728277206421,0.48822447657585144,0.054831892251968384,1.236572027206421,-0.19208385050296783,-0.4679907560348511,-1.61538565158844,0.13544510304927826,0.34477224946022034,0.7700968980789185,-0.35360968112945557,0.6298274993896484,-1.075095772743225,-0.8122514486312866,1.734039545059204,0.10942784696817398,0.5743080973625183,-0.6512818932533264,-0.1911320686340332,0.1336631327867508,0.5493228435516357,0.1477668136358261,-0.34413596987724304,0.011895901523530483,-0.004250701051205397,0.001188937807455659,2.000048552872613e-4,AM7226
-0.054348044097423553,0.47412633895874023,-0.08517146855592728,0.978129506111145,-0.0925096794962883,-0.5913506150245667,1.0599513053894043,1.5443755388259888,0.2506781220436096,0.18501920998096466,1.4497929811477661,-0.2653864324092865,0.561019241809845,1.3512107133865356,-1.3589004278182983,-1.3952727317810059,-1.6078625917434692,-1.3355112075805664,-0.5500806570053101,0.051879703998565674,0.28548920154571533,0.07142111659049988,-0.24012458324432373,0.08869918435811996,0.0019032651325687766,0.005036846734583378,0.0010345299961045384,AM7228
0.04886223003268242,0.32071179151535034,-0.5109457969665527,-0.026102077215909958,0.40296345949172974,-0.5281200408935547,1.9676918983459473,1.1564797163009644,0.5549814105033875,0.37579086422920227,-0.25441157817840576,-0.1263207644224167,0.12950021028518677,-0.6399726271629333,0.4066251516342163,-0.0191951934248209,0.5417580008506775,0.050712209194898605,0.23108069598674774,0.5175860524177551,-0.17676514387130737,-0.17818748950958252,0.13322709500789642,0.012437904253602028,-0.005592860281467438,0.0014255172573029995,2.009750169236213e-4,AM7229
0.014289794489741325,0.49630582332611084,-0.035166338086128235,0.9240888357162476,0.11978238075971603,-0.9514077305793762,1.4690085649490356,1.6112958192825317,-0.6828765869140625,0.6742551922798157,0.8262841105461121,-0.05953533947467804,-0.5080194473266602,-0.1560290902853012,-0.8094233870506287,-0.47467270493507385,0.06922443956136703,-0.12561237812042236,-1.0004903078079224,-0.037203557789325714,0.1265464574098587,-0.4015533924102783,-0.1599597930908203,-0.10343717783689499,-0.0046318103559315205,-0.005514089949429035,-0.00100896623916924,AM7230
0.0862678810954094,0.5611109137535095,0.16393983364105225,0.8398027420043945,0.3063788414001465,-1.3513215780258179,0.49112772941589355,-0.10158082842826843,-1.1649595499038696,-0.6163394451141357,0.6225555539131165,1.345687985420227,0.2158040553331375,0.8048319816589355,-0.7661795616149902,0.3421099781990051,-0.2923443019390106,0.6634237170219421,-0.11572279781103134,-0.8140191435813904,0.18026910722255707,0.3298361003398895,-0.08234137296676636,-0.01645991951227188,0.008507074788212776,-0.0020378215704113245,-3.1976564787328243e-4,AM7236
0.16400709748268127,0.4304019510746002,-0.8567197322845459,0.08689616620540619,0.41164854168891907,-1.8972558975219727,1.9754514694213867,0.9173551201820374,0.24766287207603455,-0.25336021184921265,-1.557881236076355,0.02085462585091591,-0.38423678278923035,0.8843715786933899,-0.9253904223442078,-0.5776484608650208,0.9319950938224792,-1.0675352811813354,2.1985647678375244,0.38100993633270264,-1.3190120458602905,0.6937242150306702,1.4514259099960327,-0.19246748089790344,-0.005315766204148531,-0.010982364416122437,-0.00267398520372808,AM7237
0.2228301763534546,0.08857844024896622,-0.5585207343101501,0.2410239428281784,0.29783013463020325,-0.2131662666797638,-1.1405457258224487,-0.6914865374565125,0.15092988312244415,0.3118274509906769,0.7251138687133789,0.4323497712612152,0.3313595950603485,-0.5874631404876709,-0.08685940504074097,0.05630335956811905,-0.03862299770116806,-0.17291434109210968,-0.13397054374217987,-0.03720792382955551,-0.48244422674179077,0.11236715316772461,0.031126506626605988,0.011021258309483528,-0.005991535726934671,0.0013267726171761751,1.580474927322939e-4,AM7241
0.15871593356132507,0.01833823136985302,-0.6972652673721313,-0.18964187800884247,0.2918248474597931,-0.6140098571777344,-0.18896380066871643,-0.4107886850833893,-0.6599843502044678,0.5210469961166382,-0.003491140203550458,-0.270840048789978,0.08862191438674927,-0.883415162563324,-0.6791608929634094,-0.722903847694397,-0.34118908643722534,-0.16564124822616577,-0.2720490097999573,-0.06830481439828873,-0.47747761011123657,0.2696409523487091,-0.4889333248138428,0.011019207537174225,-0.009109387174248695,0.0016729130875319242,2.772145962808281e-4,AM7242
0.13088108599185944,-0.39076006412506104,0.46052995324134827,-0.6310489177703857,-0.3263988196849823,-1.0834095478057861,-0.7694229483604431,1.1457362174987793,1.0041661262512207,-0.8626139163970947,-0.8117407560348511,-0.32482245564460754,0.06298931688070297,-1.238439917564392,-0.06320898979902267,0.5767572522163391,-0.29757511615753174,0.2694624364376068,-0.8338637351989746,-0.1721784919500351,-0.7254320979118347,-0.032227177172899246,0.03749525919556618,-0.015431025065481663,-0.00639638165012002,-1.7111639317590743e-4,-9.598088217899203e-5,AM7243
0.2556992471218109,-0.2564694285392761,-0.09457927942276001,0.07588068395853043,0.37158554792404175,-0.9560703635215759,-0.42375296354293823,0.729887843132019,-0.9272193312644958,-0.16575954854488373,0.9030226469039917,-1.071978211402893,0.05103335902094841,0.8137984275817871,0.8427207469940186,0.5269303917884827,0.3654713034629822,0.31417354941368103,0.08524633198976517,0.45978790521621704,0.15348532795906067,-0.12289107590913773,-0.12990179657936096,0.04413497447967529,0.006005585193634033,0.0019493440631777048,5.098127294331789e-4,AM7255
0.1227373406291008,-0.09337034076452255,-0.014510692097246647,-1.032865285873413,0.32840049266815186,-1.1357777118682861,-1.0394891500473022,1.3158528804779053,0.01282970979809761,0.3345656394958496,1.0242364406585693,-0.6174178123474121,-0.26338809728622437,0.12180721759796143,0.8272828459739685,-0.10263369977474213,0.045135971158742905,0.5939569473266602,0.2302304357290268,0.05488024652004242,0.15351417660713196,-0.07618500292301178,0.20780229568481445,2.6269914815202355e-4,-4.478385380934924e-4,7.968474528752267e-5,-3.329590617795475e-5,AM7256
-0.13226087391376495,0.3379247784614563,-0.31389492750167847,-1.1436337232589722,0.03046555444598198,0.45453158020973206,0.40106135606765747,0.6815269589424133,1.4928803443908691,-0.9870551228523254,-0.12923850119113922,0.5601698160171509,0.40476560592651367,-0.20931994915008545,-0.3559862971305847,-0.5142582654953003,-0.004939123056828976,1.1082565784454346,-0.7613241076469421,-0.034582097083330154,0.1907448172569275,-0.2473054826259613,0.4251641631126404,-0.0020233497489243746,5.163157475180924e-4,-1.406756491633132e-4,-7.967914280015975e-5,AM7260
0.048966310918331146,0.39457863569259644,-0.3406493365764618,0.2716141939163208,-0.6104440093040466,-0.2890445590019226,0.9283640384674072,0.4996529817581177,0.3060397803783417,-0.4124643802642822,1.1074235439300537,0.1327897012233734,-0.5829317569732666,1.0416496992111206,0.780937910079956,0.47958582639694214,0.35385075211524963,1.380026936531067,0.822289228439331,0.021845325827598572,0.27110937237739563,-0.33713385462760925,-0.04924945533275604,-0.023688016459345818,-0.0030095127876847982,-9.843787411227822e-4,-1.5711983724031597e-4,AM7261
0.034028612077236176,0.16446571052074432,0.17821086943149567,0.5747140049934387,0.8012204766273499,-0.7703046798706055,1.0914604663848877,-2.5440657138824463,0.45524683594703674,-1.7862941026687622,1.3759392499923706,-0.7979525923728943,-2.1854825019836426,-0.11715546995401382,-0.5361838340759277,0.40947672724723816,-0.909138560295105,1.7728890180587769,0.36658889055252075,0.8463613986968994,0.5561052560806274,-0.15112608671188354,0.2484266757965088,-0.026003921404480934,-0.002328548114746809,-0.0012357841478660703,-3.361859708093107e-4,AM7266
0.20959369838237762,0.07379262894392014,-0.5008465051651001,0.6179938912391663,0.5947902798652649,0.8182679414749146,-0.3928322196006775,-0.13368774950504303,0.9958592057228088,-0.09498365223407745,1.033471941947937,1.60121488571167,0.036502134054899216,1.335418701171875,-0.7696020603179932,1.6780128479003906,0.49584847688674927,-0.18313878774642944,-0.21018129587173462,0.36569979786872864,-0.47151535749435425,0.07145082950592041,0.18536131083965302,-0.039773065596818924,0.0032361706253141165,-0.0027591742109507322,-5.376270855776966e-4,AM7269
-0.019128961488604546,0.341320276260376,0.366916686296463,-0.15197093784809113,1.0877888202667236,-0.6795825362205505,0.46351826190948486,-2.0294349193573,0.7757740020751953,-2.408477544784546,0.27492743730545044,-0.720732569694519,-2.0150697231292725,-1.247979760169983,-0.8739472031593323,-0.270954430103302,-0.20868629217147827,1.2264097929000854,0.5863973498344421,0.8857830166816711,-0.11010491847991943,-0.6619817018508911,0.5725545883178711,-0.02089286781847477,-0.004853530786931515,-5.520361592061818e-4,-1.8323557742405683e-4,AM7270
0.042018741369247437,0.5240523219108582,0.029348529875278473,0.7411103844642639,0.6557843685150146,1.0110251903533936,-1.0195938348770142,0.8176537156105042,1.3927868604660034,-0.0644351914525032,0.3130234181880951,-0.2658484876155853,-0.2138896882534027,-0.4174812138080597,0.7635264992713928,0.2879846394062042,0.5826930999755859,0.8777639865875244,-0.015876945108175278,-0.8647629618644714,-1.1337275505065918,-0.2045593112707138,-0.25786060094833374,-0.1201857328414917,-5.645891651511192e-4,-0.007038557436317205,-0.0012024579336866736,AM7272
-0.07297646254301071,0.4924026429653168,0.37124836444854736,0.7982968688011169,1.4414345026016235,0.04166620969772339,-0.5738179087638855,-1.9661550521850586,0.6298948526382446,-0.18872374296188354,-2.434927463531494,-0.9912219047546387,1.7767553329467773,1.253951072692871,-1.058827519416809,-0.24057818949222565,0.4705355167388916,0.19830746948719025,-0.3175094425678253,-2.457767963409424,-0.575432538986206,-1.2286962270736694,0.527769148349762,0.02020789310336113,-0.005049682222306728,0.001992307836189866,5.120618152432144e-4,AM7273
-0.02339605614542961,-0.2978341281414032,-0.4243534207344055,-0.41609352827072144,0.4637736678123474,-0.28406184911727905,0.5780831575393677,0.4665822982788086,-0.413055956363678,0.9653960466384888,1.7881982326507568,0.08272665739059448,0.2775522470474243,-0.5507025122642517,-0.24947981536388397,-0.7492576241493225,-0.6008701324462891,0.19941537082195282,0.13534846901893616,-0.1531846672296524,0.032288942486047745,-0.3286738693714142,0.25812286138534546,-0.018227195367217064,-0.0012129375245422125,-8.82993801496923e-4,-1.7954925715457648e-4,AM7277
-0.2101840078830719,0.17599359154701233,-0.13738813996315002,0.4974413216114044,-0.3533180058002472,0.8474351167678833,1.2748643159866333,1.3625614643096924,1.3432337045669556,-0.23332862555980682,1.9788336753845215,-1.008494257926941,1.2568068504333496,0.614084780216217,0.45429283380508423,-0.38700857758522034,-0.5965975522994995,-0.3845602571964264,-0.17383211851119995,-0.39078474044799805,-0.23427285254001617,0.20980742573738098,0.9309421181678772,0.1523304581642151,0.003992290236055851,0.008505295030772686,0.0014369882410392165,AM7278
-0.28297626972198486,0.18913042545318604,0.7058095932006836,-0.326429545879364,0.6058660745620728,-1.1776984930038452,1.0114915370941162,0.38301923871040344,-0.16813530027866364,1.178773045539856,0.9517515897750854,1.4644298553466797,2.2446296215057373,-0.38273289799690247,-0.40757638216018677,0.5015264749526978,-0.264079213142395,1.4858729839324951,0.27400311827659607,-1.0624852180480957,1.1725174188613892,0.3499222695827484,-0.7658999562263489,-0.12894825637340546,-0.002699433360248804,-0.007383166346698999,-0.001381003763526678,AM7280
-0.3850017786026001,-0.025219976902008057,0.7711763381958008,-0.7838044762611389,1.1499509811401367,-0.213740274310112,0.7352398037910461,-1.1118415594100952,-0.3317282497882843,0.044861529022455215,-0.1735205054283142,1.0299251079559326,-0.17666013538837433,1.6052420139312744,2.6216206550598145,-1.0516666173934937,-0.17325396835803986,-1.789607286453247,-0.7299407124519348,0.13569745421409607,0.1134144738316536,-0.6949246525764465,0.024578895419836044,-0.20543745160102844,-0.021792838349938393,-0.009507827460765839,-0.0020104392897337675,AM7283
-0.45254674553871155,0.013659564778208733,0.6590569615364075,-0.0940646305680275,0.7735846042633057,-0.21766912937164307,0.6211042404174805,-0.39897653460502625,-0.8918600082397461,0.8641911745071411,-0.6855983734130859,1.288090467453003,0.6770856976509094,0.8596595525741577,1.576383113861084,0.10143610090017319,0.5722759962081909,-0.05857943743467331,0.10852926224470139,-0.27496537566185,0.662663996219635,-0.22064892947673798,0.6751739382743835,0.018843187019228935,-0.0011002040700986981,0.00127820682246238,8.85299887158908e-5,AM7284
-0.3556267023086548,-0.16597965359687805,0.4795466661453247,-0.10461312532424927,0.8709277510643005,-0.5169118046760559,1.5143197774887085,-2.270399332046509,0.22402198612689972,-0.3549087941646576,-0.3508472740650177,-0.9309353828430176,0.6710965633392334,-0.5035253167152405,0.7801914811134338,-0.41872087121009827,0.16119064390659332,-1.3172436952590942,0.4647217392921448,0.7013276815414429,-0.7807773947715759,0.8522140383720398,0.08166711032390594,0.20687872171401978,0.03294258564710617,0.008256236091256142,0.0018787215230986476,AM7285
0.07599905133247375,0.022743286564946175,-0.17649562656879425,-1.1399303674697876,0.8170062899589539,-0.5339109301567078,-0.6503512859344482,0.7316700220108032,0.164351686835289,0.6138194799423218,1.0107927322387695,-0.33364173769950867,-0.4982783794403076,-0.6708760261535645,0.7286310195922852,-1.1060690879821777,-0.4556359350681305,0.44514527916908264,-0.16894862055778503,-0.44494566321372986,-0.012142599560320377,-0.10386905074119568,0.5736032128334045,-0.0627824142575264,-0.003406469477340579,-0.003324829274788499,-8.065595175139606e-4,AM7294
-0.19265468418598175,-0.0629839152097702,0.4252316951751709,0.2610386908054352,0.9732515811920166,-0.6637693047523499,0.9348412156105042,-2.1923139095306396,0.7394096255302429,0.033614300191402435,1.4473942518234253,-1.3709288835525513,-1.4104214906692505,-0.16544708609580994,0.3098720610141754,0.20812231302261353,-0.5705366730690002,0.024215567857027054,-2.714358329772949,-0.0537685863673687,-0.3186382055282593,1.5753053426742554,-0.7551813125610352,-0.0708547979593277,-0.0042761266231536865,-0.003997021354734898,-9.79934586212039e-4,AM7295
-0.39294105768203735,-0.29932650923728943,0.6910409331321716,-0.795023500919342,0.5144503712654114,0.1414468139410019,-0.8025922775268555,0.22355344891548157,2.189870834350586,-0.23072393238544464,1.728219985961914,-0.8479968309402466,-2.283076763153076,-1.0173776149749756,-2.8902950286865234,0.8966895341873169,1.5721052885055542,-2.6545000076293945,1.6959959268569946,-1.5368850231170654,1.6158971786499023,-0.4279026985168457,-0.3525623381137848,0.04910332337021828,-0.0010652714408934116,0.0031349279452115297,7.360496092587709e-4,AM7302
-0.2482065111398697,0.0822637751698494,0.20594823360443115,1.1585168838500977,-0.1780765801668167,-0.08018814772367477,0.52508145570755,0.8301491737365723,-1.662333607673645,0.27147188782691956,1.4617412090301514,0.523147702217102,0.06928400695323944,-0.7899683117866516,-0.3331451416015625,0.2798345386981964,0.8807101249694824,-0.30392271280288696,-0.8360178470611572,0.4210940897464752,0.11879632622003555,-0.6336904764175415,0.47635942697525024,0.0048867519944906235,-0.0090830372646451,0.0014682711334899068,1.6307909390889108e-4,AM7303
-0.21860124170780182,-0.21396076679229736,-0.43961334228515625,0.08676750957965851,-0.2720741927623749,0.3177347183227539,1.3804980516433716,0.6756842732429504,0.21669933199882507,1.4680655002593994,0.6693778038024902,-0.17727462947368622,-0.1252693384885788,0.2409667670726776,-0.5528014898300171,1.5079553127288818,1.4924275875091553,-0.21307037770748138,-0.7197214961051941,0.4450097680091858,-0.14510445296764374,0.1517900824546814,0.1558018922805786,0.012495472095906734,-0.006111085414886475,0.0014246172504499555,1.1432389146648347e-4,AM7304
-0.2721497416496277,0.5121214389801025,0.6245750784873962,-0.48685652017593384,0.5095199942588806,-0.5945702791213989,-0.4925978481769562,1.184462547302246,-1.0286941528320312,0.24390332400798798,-0.723610520362854,1.36605966091156,-0.4753507971763611,0.8344892859458923,-0.7068291902542114,0.5828829407691956,0.18051469326019287,0.8019369840621948,1.1492551565170288,0.7588436603546143,0.20914793014526367,0.5096215605735779,-0.4947839379310608,0.06253506988286972,8.949321927502751e-4,0.003526970511302352,6.88230968080461e-4,AM7312
-0.40582796931266785,-0.09670048952102661,0.8925504684448242,-0.6264909505844116,1.0764721632003784,-0.19006945192813873,0.0188751220703125,-0.5132808089256287,0.7204918265342712,0.6427479982376099,0.9223106503486633,0.5848615169525146,0.8294585347175598,0.7525529861450195,1.09249746799469,0.9076799154281616,-0.23425748944282532,-1.5530049800872803,1.2534242868423462,1.114704966545105,-1.4967807531356812,-0.5212221145629883,-0.9469168782234192,0.07814102619886398,-0.0023003655951470137,0.00502388458698988,0.0013353748945519328,AM7313
-0.3174801766872406,-0.06875842809677124,0.4031265377998352,0.6904979348182678,-0.31726351380348206,-1.4482519626617432,0.2532820701599121,-1.3347123861312866,0.17242218554019928,1.950042724609375,-0.423310250043869,-0.702216386795044,1.628576636314392,-0.8295958042144775,0.08531863987445831,0.8453086018562317,-0.15961959958076477,1.0088179111480713,0.6929892301559448,0.1123444139957428,-0.3965263068675995,-0.17520344257354736,0.03948283940553665,0.006624862551689148,-0.0011890180176123977,5.621007294394076e-4,1.3465402298606932e-4,AM7318
-0.0688689723610878,-0.28128349781036377,-0.5914238095283508,-0.2595781683921814,-0.3668022155761719,-0.8570212125778198,-1.2154797315597534,-0.0945400670170784,0.3904983401298523,1.7260431051254272,0.426089882850647,-0.5358412265777588,-0.6218650341033936,1.3818713426589966,-0.6588666439056396,0.2635047733783722,0.37770962715148926,-0.5509303212165833,0.5027123689651489,0.27550655603408813,-0.818343460559845,0.40686434507369995,0.9834674596786499,-0.1293838918209076,-0.008869890123605728,-0.006751197390258312,-0.0017430277075618505,AM7319
-0.31577950716018677,0.5158093571662903,0.2972557544708252,-0.1677863597869873,-0.04252947121858597,-0.14790888130664825,-0.9003329277038574,1.2006629705429077,-0.8378788828849792,0.4061611592769623,-1.6605159044265747,-0.35998618602752686,-1.5225692987442017,0.07104528695344925,-0.9763779044151306,-0.5393614172935486,-0.7526174187660217,0.8357588052749634,0.6399022936820984,1.2910329103469849,-0.8694121837615967,-0.30074992775917053,-1.6630781888961792,0.06217723339796066,0.003991667181253433,0.003323090961202979,0.0012003722367808223,AM7320
-0.3560626804828644,0.13943830132484436,0.7016354203224182,0.17655187845230103,-0.038892582058906555,-0.41111427545547485,-1.4210655689239502,-0.13847927749156952,0.16404223442077637,1.2096803188323975,-0.22774571180343628,0.4599778950214386,1.181339144706726,-0.022344382479786873,-0.49622032046318054,0.907030463218689,-0.2009545862674713,1.3741286993026733,-0.25211864709854126,-0.292651504278183,0.5154756903648376,0.9375962615013123,0.28389373421669006,-0.12065014243125916,-0.009281791746616364,-0.00626182509586215,-0.0016387166688218713,AM7321
-0.24923351407051086,0.3582518994808197,-0.3440741002559662,-0.3740016520023346,-0.7525367736816406,0.44120675325393677,1.1800163984298706,0.1351865828037262,0.1378186047077179,-1.325487494468689,-1.2848821878433228,-0.674260675907135,-0.14667555689811707,0.4514966607093811,0.7970640659332275,0.17219537496566772,-0.534212589263916,0.06013479828834534,0.22162862122058868,-1.2949159145355225,0.4026811420917511,0.932131826877594,-0.529950737953186,-0.030468378216028214,0.003185378620401025,-0.002355084754526615,-4.78450208902359e-4,AM7323
-0.11696014553308487,-0.024607738479971886,-0.553195595741272,-0.5625209212303162,-0.8190029859542847,-0.46689116954803467,0.10168572515249252,-0.7947183847427368,0.5167028307914734,0.4527250826358795,-0.6879053115844727,0.6255195736885071,0.509163498878479,0.05633051320910454,-0.5402989387512207,0.8650611042976379,0.17254319787025452,-0.6200560927391052,-0.6953389048576355,-0.1396784633398056,0.0989777147769928,0.08181890100240707,-0.07919631153345108,0.043218303471803665,0.019870126619935036,2.2814869589637965e-4,3.273906768299639e-4,AM7325
-0.37550318241119385,0.3525489568710327,0.5503975749015808,-0.2069959193468094,0.4056757986545563,0.10575320571660995,-1.0769747495651245,0.9460176825523376,-0.49757474660873413,0.4564381539821625,-1.3610866069793701,0.6150645017623901,-0.4869106113910675,0.4975181818008423,-0.22736164927482605,0.013624519109725952,0.0439215749502182,0.7249851226806641,0.1483161896467209,0.6910271644592285,0.7607595324516296,0.3025096654891968,0.5587393641471863,0.09327960014343262,-6.931619718670845e-4,0.005557388532906771,8.176899864338338e-4,AM7327
0.03990837186574936,-0.4139952063560486,-0.6817732453346252,0.17560598254203796,-0.4509325921535492,-0.4129541218280792,-0.4594342112541199,-0.9773257970809937,-1.7428888082504272,1.0242915153503418,0.4885389804840088,-0.24639932811260223,-1.1592473983764648,0.09453116357326508,0.8617242574691772,0.7617791891098022,-0.8260341286659241,0.05935203656554222,0.6408370733261108,-0.7887944579124451,0.22530604898929596,-0.32077741622924805,0.3459244668483734,0.05653775483369827,0.0024085042532533407,0.0031242764089256525,6.262052920646966e-4,AM7328
0.010889364406466484,-0.18099746108055115,-0.8359782099723816,0.026798922568559647,-0.26754018664360046,0.17734046280384064,-0.21870455145835876,-1.3112530708312988,-1.0425159931182861,0.3898344039916992,0.052415881305933,1.395363688468933,-1.2556270360946655,0.4203509986400604,0.36822161078453064,1.2029143571853638,-0.8084589242935181,0.013276780024170876,-0.10114039480686188,-0.5018041729927063,-0.27500495314598083,-0.08930350840091705,-0.027710575610399246,0.04024473950266838,1.0668316826922819e-4,0.002387577435001731,5.087577737867832e-4,AM7329
-0.30909594893455505,0.42157110571861267,-0.01668597385287285,0.46967220306396484,-0.5365403890609741,-0.31950387358665466,-0.11746662855148315,0.5785714387893677,-1.3695359230041504,0.8739927411079407,-1.8740543127059937,-1.0676794052124023,-1.7506744861602783,0.3524576425552368,-0.969919741153717,-0.20457729697227478,0.0886884555220604,-0.21191664040088654,-1.1157320737838745,-0.3472665846347809,0.13715437054634094,-0.1750870794057846,0.5306704640388489,0.10680649429559708,0.006951314862817526,0.005546503234654665,0.0010769679211080074,AM7332
-0.3655751049518585,0.24937069416046143,0.33304592967033386,0.12047725170850754,-0.9200056195259094,0.0762687548995018,-1.8839819431304932,0.7287861704826355,-0.005000986158847809,0.6017976999282837,0.37189164757728577,-0.10315608233213425,-1.6448707580566406,0.201078861951828,0.013090934604406357,0.551633358001709,-0.6655097007751465,-0.0872766450047493,-0.018186483532190323,-0.10922703146934509,-0.9425817131996155,0.42137932777404785,0.17951922118663788,-0.023575229570269585,0.010055528953671455,-0.002671387977898121,-4.734768299385905e-4,AM7333
-0.15912480652332306,-0.07076738774776459,-0.6384560465812683,-0.45816266536712646,-0.4554436504840851,0.27990782260894775,0.24586933851242065,-0.8354789018630981,0.06124825403094292,0.7795151472091675,-0.31088632345199585,0.7714405655860901,-1.1978604793548584,1.3539289236068726,-0.05278060957789421,0.9277355670928955,-0.4377930760383606,0.6453602910041809,-0.66307830810546875,-0.009631278924643993,0.11687324196100235,-0.6646161675453186,0.5539059042930603,0.04686683043837547,0.006042127963155508,0.0021925128530710936,5.129738128744066e-4,AM7334
-0.2063376009464264,0.13507996499538422,-0.4099511206150055,-0.46621832251548767,-0.3035385012626648,0.6970969438552856,0.5351700782775879,0.0717756599187851,0.9229776263237,-0.02776196226477623,0.01147297490388155,0.01689569093286991,-0.030842849984765053,-0.2462647557258606,0.41175347566604614,0.5560935139656067,0.48707738518714905,0.7801315784454346,-0.8987163305282593,0.23302511870861053,0.44733601808547974,-0.2551592290401459,0.33153867721557617,0.00293647195212543,7.617039955221117e-4,1.3336099800653756e-4,-1.1986106073891278e-5,AM7336
-0.29531916975975037,0.10520679503679276,-0.08691156655550003,-0.13632552325725555,-0.3725120425224304,1.3865407705307007,0.15921235084533691,1.0116013288497925,1.2803623676300049,-0.3224009871482849,0.4236828088760376,-1.0348542928695679,0.3086426854133606,0.05364786833524704,0.70518559217453,-0.4377424418926239,-0.6195893287658691,0.3260338604450226,-0.06626120209693909,-0.17519864439964294,-0.183864563703537,0.34099334478378296,0.06215788424015045,0.014451496303081512,-0.002397266449406743,0.0010668482864275575,9.111732651945204e-5,AM7337
-0.22744813561439514,0.335601806640625,0.003213305026292801,0.5754490494728088,-1.1525869369506836,-0.5781399011611938,0.14651714265346527,0.6323620080947876,0.1950574815273285,0.3825696110725403,0.347578763961792,-0.8929394483566284,-0.5598548054695129,-1.4764350652694702,1.2460311651229858,-0.15746983885765076,0.24059394001960754,-0.5893411636352539,-0.6420185565948486,-0.6950706243515015,-0.3760950565338135,-0.4170214831829071,0.11016194522380829,-0.007698133122175932,0.011421743780374527,-0.0017223228933289647,-8.102686842903495e-5,AM7343
-0.1334746927022934,9.81624354608357e-4,-0.4959881007671356,-0.858678936958313,-0.4802826941013336,-0.21897746622562408,0.09666900336742401,-0.30004042387008667,0.6563426852226257,0.28336209058761597,-0.11201464384794235,0.8047631978988647,0.3242150545120239,-0.6037812232971191,-0.15829670429229736,0.07611443102359772,0.33768174052238464,0.056476891040802,-0.9765891432762146,0.4023618698120117,-2.6720868845586665e-5,-0.3259168863296509,-0.30738499760627747,0.0456731803715229,0.008492986671626568,0.0017919314559549093,6.108639645390213e-4,AM7344
0.18575957417488098,0.12611471116542816,-0.7404174208641052,-0.6562691926956177,-0.2745992839336395,-1.227159857749939,0.7017115950584412,-0.4683137834072113,-1.2085589170455933,0.21989811956882477,-0.49049219489097595,0.9834638237953186,-1.4368135929107666,-0.7432379126548767,1.3661423921585083,0.49633583426475525,0.8260855078697205,-0.03759957104921341,0.45841094851493835,-1.0148380994796753,0.0613323375582695,0.1879016011953354,-0.582027792930603,0.0872272402048111,0.0041418420150876045,0.004663063678890467,0.0010801678290590644,AM7345
-0.13055455684661865,0.19300976395606995,-0.41113248467445374,0.020749324932694435,-0.96771639585495,-0.043017495423555374,1.2154979705810547,0.15550793707370758,0.0571150965988636,-0.37577930092811584,-0.1363312304019928,-0.6426196098327637,-0.2538612484931946,0.21267037093639374,1.199703574180603,0.11584782600402832,0.13774526119232178,0.033313751220703125,0.29449036717414856,-0.8290781378746033,0.5597485899925232,0.4769549071788788,-0.2746463119983673,0.09333257377147675,0.002673533046618104,0.005139733664691448,9.877008851617575e-4,AM7346
-0.16551324725151062,-0.023277271538972855,-0.4873735308647156,-1.0343055725097656,-0.04615400359034538,0.3269059360027313,-0.31198418140411377,-0.09855824708938599,0.5303077101707458,-0.01648271270096302,-0.05116577073931694,1.2298043966293335,-0.1346304565668106,0.06579989194869995,-0.27436232566833496,-0.14566272497177124,-0.7930530905723572,-0.21375882625579834,-0.6857795119285583,0.11085174977779388,0.06870970875024796,-0.22686052322387695,0.017389200627803802,0.009599062614142895,0.003938494250178337,1.5468639321625233e-4,1.271573273697868e-4,AM7353
-0.223318412899971,-0.17610988020896912,-0.4368445575237274,-0.7765637636184692,-0.5376313328742981,0.4065076410770416,-0.5809828042984009,-0.4615864157676697,0.6532845497131348,-0.607216477394104,-0.021188143640756607,1.2572731971740723,0.4287799298763275,0.25383737683296204,-0.767629861831665,-0.5716222524642944,-1.5383297204971313,-0.34169724583625793,-0.1290394514799118,0.7658356428146362,0.22954171895980835,-0.4906986951828003,0.512768030166626,-0.03131246939301491,0.007242865394800901,-0.0026138382963836193,-4.443017824087292e-4,AM7354
0.13689951598644257,-0.18501649796962738,-0.5532048344612122,0.6610537171363831,1.467696189880371,1.6168142557144165,-0.04561746492981911,0.2853440046310425,-0.1499001532793045,-0.26474452018737793,0.6383658051490784,1.540989637374878,0.5198432803153992,0.4477326273918152,-0.8600761294364929,0.289561003446579,-1.8095117807388306,-0.5385860204696655,0.8667558431625366,0.23062202334403992,0.12161284685134888,0.25330665707588196,-0.11450701206922531,0.026849839836359024,7.836082950234413e-4,0.0014580321731045842,2.58336280239746e-4,AM7356
0.1305893063545227,-0.06788559257984161,-0.4215165078639984,0.8836866021156311,2.766817569732666,2.547401189804077,0.9003379940986633,1.263623595237732,0.02064160630106926,1.40180504322052,-2.0928139686584473,-0.11137847602367401,-0.3791973292827606,-3.534888982772827,0.7098273634910583,1.338396430015564,-0.9575672745704651,-0.5174333453178406,0.4193190932273865,0.14013893902301788,0.4046905040740967,0.3193780481815338,0.367210328578949,-0.08008501678705215,0.002179468981921673,-0.005073856562376022,-0.0011318788165226579,AM7359
-0.24858883023262024,-0.1968427151441574,-0.6230661273002625,-0.00967162474989891,-0.42291149497032166,0.46172091364860535,0.9325318336486816,-0.4454517662525177,0.45353463292121887,1.3385945558547974,-2.065521240234375,-1.4281561374664307,0.41555362939834595,0.31334084272384644,-1.213348150253296,0.4240924119949341,0.0952342227101326,0.4234052896499634,-0.11307145655155182,0.7132523655891418,0.03694724664092064,-0.7130274176597595,-0.24496886134147644,0.04481987655162811,-0.0018486928893253207,0.0030266777612268925,7.66321609262377e-4,AM7361
-0.20985659956932068,-0.5315021276473999,-0.44874924421310425,-0.31415924429893494,0.29069098830223083,0.6091830730438232,-0.3766701817512512,-0.36112356185913086,-0.5928981304168701,0.9375230669975281,-0.32550233602523804,-0.8917980194091797,0.3478327691555023,0.08126189559698105,-0.8908689618110657,-1.1804860830307007,-2.460705518722534,0.28831440210342407,0.32604092359542847,-0.45048677921295166,0.060912467539310455,-0.20574131608009338,-0.4436807632446289,-0.024562764912843704,1.5052384696900845e-4,-0.0014273547567427158,-1.1208682553842664e-4,AM7362
0.042947910726070404,-0.6250094771385193,0.14285355806350708,-0.36944258213043213,-0.03347918391227722,-0.4377784729003906,1.0318315029144287,1.2519434690475464,-0.734901487827301,-1.9203572273254395,-0.9622917175292969,0.29919707775115967,-0.1342775970697403,-0.11730112880468369,0.23399171233177185,0.8953426480293274,-1.3858132362365723,-0.26826444268226624,-0.26009437441825867,-0.44162842631340027,0.46903789043426514,-0.004638559650629759,0.26923513412475586,0.003288958454504609,-0.005171706434339285,7.955866167321801e-4,1.7059364836313762e-6,AM7365
0.0673217847943306,-0.18238003551959991,-0.6858504414558411,-0.043456412851810455,-0.18698528409004211,-0.22132904827594757,-0.56430983543396,-0.6924045085906982,-0.43224915862083435,-0.12433972954750061,0.3361688256263733,0.24495746195316315,0.6604363918304443,-0.2312225103378296,-1.348296046257019,-0.5972439646720886,-0.448268324136734,-0.20027171075344086,-0.10021981596946716,-0.492088258266449,-0.4895722270011902,0.4204527735710144,-0.7307713031768799,-0.04927251860499382,-0.006131406873464584,-0.0022803156170994043,-4.107043205294758e-4,AM7372
-0.05378538742661476,-0.8665888905525208,0.3007335364818573,0.5956091284751892,-0.634243905544281,0.15989620983600616,0.24016201496124268,-0.16858287155628204,0.6442350745201111,0.08735817670822144,-0.8740233778953552,0.068356454372406,0.1283923238515854,0.057580217719078064,-0.6640022993087769,-1.3140531778335571,0.9887107014656067,0.4906712770462036,0.1342056542634964,0.26997503638267517,-0.13242000341415405,0.21282540261745453,-0.14955498278141022,-0.02144184708595276,7.306782063096762e-4,-0.0013951186556369066,-2.6781504857353866e-4,AM7373
0.1205885037779808,-0.7722482681274414,0.4059884250164032,1.1200554370880127,-0.6591841578483582,-0.06058763340115547,-0.5675039887428284,-0.22891844809055328,1.5766310691833496,0.8819084167480469,-0.05562403053045273,0.25365906953811646,0.08837365359067917,-0.21050401031970978,-0.0436270572245121,-0.7935444712638855,0.8904586434364319,0.471636027097702,0.19357091188430786,0.2170354127883911,-0.1751534342765808,-0.09596791118383408,0.176587775349617,0.030258940532803535,0.0019668934401124716,0.0015801792033016682,3.141228808090091e-4,AM7380
0.049226004630327225,-0.3093813359737396,-0.2873506546020508,0.050421152263879776,0.501758337020874,-0.3108903765678406,-0.4659891128540039,0.08410899341106415,-0.4002622067928314,1.6310184001922607,-0.20999833941459656,-1.7331514358520508,0.28315624594688416,-1.0469332933425903,0.20032383501529694,-0.7184131741523743,0.29579585790634155,0.4280509054660797,0.0810486301779747,0.21030986309051514,0.06723557412624359,-0.2623041570186615,-0.12224706262350082,0.041195716708898544,-0.004948638379573822,0.0030797370709478855,6.084363558329642e-4,AM7382
0.10565835237503052,-0.7425047755241394,0.1314888894557953,0.688907265663147,-0.01770723983645439,-0.06965240091085434,0.2958261966705322,0.4174865782260895,-0.2909608483314514,-0.43985050916671753,-0.3919143080711365,-0.8154282569885254,0.20532682538032532,0.20012420415878296,0.10540219396352768,1.0444419384002686,0.7493680715560913,-0.37405073642730713,-0.5865647196769714,0.19089604914188385,-0.018518630415201187,-0.05683625116944313,-0.22167901694774628,-0.048513006418943405,-0.0037518125027418137,-0.002422846620902419,-4.5637969742529094e-4,AM7383
0.05147195979952812,-0.7866271138191223,0.2665803134441376,0.6718702912330627,-0.34784072637557983,0.6485434174537659,0.13070346415042877,-0.33224815130233765,0.2198125123977661,-0.24851961433887482,-0.06680275499820709,1.20047128200531,-0.5923839211463928,0.045050401240587234,0.28791308403015137,-1.33935546875,1.4495463371276855,0.6267521381378174,0.1983504295349121,0.034278590232133865,0.12847281992435455,0.3329533040523529,-0.2882322669029236,0.0054444787092506886,9.19838494155556e-4,1.5924924809951335e-4,3.7573339795926586e-5,AM7384
0.015416399575769901,-0.6867238879203796,0.332832932472229,-0.3314563035964966,-0.3995542824268341,-0.39251774549484253,0.14735178649425507,0.6987703442573547,-0.23110751807689667,-1.801281452178955,-0.7603550553321838,-0.3991870880126953,0.815037727355957,-0.8357741832733154,-0.15169073641300201,0.4088313579559326,-0.06404579430818558,-0.2650749981403351,-0.8219079375267029,-0.30911320447921753,0.09012172371149063,-0.02039916440844536,-0.07898009568452835,-0.021130166947841644,-0.0027327006682753563,-9.299778612330556e-4,-1.9363893079571426e-4,AM7385
-0.05003177002072334,-0.4050918221473694,-0.34510815143585205,-0.2711544632911682,0.4575127363204956,0.02945067174732685,0.1140664592385292,0.09395721554756165,-0.9599809646606445,0.7638360261917114,0.3506777584552765,-0.9846817255020142,0.322376012802124,-0.689890444278717,-0.15848588943481445,-1.284812092781067,0.053749341517686844,0.20894023776054382,-0.26803773641586304,-0.026065481826663017,0.236750528216362,0.014285092242062092,0.015762457624077797,-0.004573729354888201,-0.0075425561517477036,6.093857809901237e-4,-5.723349204345141e-6,AM7386
0.15268699824810028,-0.793186604976654,0.07917136698961258,0.9054338335990906,-0.24822627007961273,-0.4473206102848053,-0.07945611327886581,0.22501759231090546,-0.35629791021347046,-0.9463209509849548,0.4640324115753174,0.09063234180212021,0.9182332158088684,-0.18444114923477173,0.007512941490858793,1.292935848236084,0.23435138165950775,-0.2274041324853897,0.18824173510074615,-0.007735178340226412,-0.2587372958660126,0.00658595934510231,-0.6582804918289185,0.007930251769721508,0.006052916869521141,-2.250287216156721e-4,2.1765315614175051e-4,AM7387
-0.08927319943904877,-1.1351581811904907,0.20627142488956451,0.9913381338119507,-0.4689682424068451,1.2342541217803955,0.43105384707450867,-0.48657071590423584,-0.17721441388130188,0.09196673333644867,-0.40006014704704285,1.1398940086364746,-1.3390586376190186,0.5355645418167114,0.2221270352602005,-1.3770196437835693,0.9070075154304504,0.8326318264007568,0.17985139787197113,-0.18407028913497925,0.17575737833976746,0.09762125462293625,0.12066439539194107,-0.021113352850079536,-1.745848567225039e-4,-0.001254149479791522,-3.012050874531269e-4,AM7388
-0.05661069601774216,-0.8280805945396423,0.3382863402366638,0.21515560150146484,-0.45484691858291626,0.056995417922735214,1.3490885496139526,0.4525502324104309,0.3397001326084137,-0.018086709082126617,-0.16704373061656952,1.3657503128051758,-0.41106319427490234,-0.28797805309295654,0.12467533349990845,-1.2318830490112305,0.492747038602829,0.42946749925613403,0.39332711696624756,-0.061502158641815186,0.20537613332271576,0.37910476326942444,-0.24967265129089355,-0.007533310912549496,0.007403203286230564,-0.00137880421243608,-1.8903020827565342e-4,AM7409
0.02433539740741253,-0.47273120284080505,0.23734647035598755,-0.44343385100364685,0.3050670921802521,-0.5539642572402954,-0.20158028602600098,1.1343376636505127,-0.12919695675373077,-0.6702196598052979,-0.4651497006416321,-0.8159766793251038,0.4721618890762329,0.025051863864064217,0.7791152000427246,0.6969284415245056,-0.4826434254646301,-0.11324024200439453,0.07357049733400345,0.16137388348579407,-0.22805987298488617,-0.3225637972354889,0.13249319791793823,0.053976867347955704,0.009811782278120518,0.002114982809871435,5.935818189755082e-4,AM7416
0.22256998717784882,-0.6317567229270935,0.12992040812969208,1.5148049592971802,-0.716925323009491,-0.04687648266553879,-0.19227510690689087,-0.8004839420318604,1.2294864654541016,0.09090086817741394,-0.39580145478248596,0.2821059823036194,0.07629213482141495,0.6293620467185974,-0.05566651001572609,-0.3468402624130249,-1.6766088008880615,-0.21280254423618317,0.5269720554351807,0.45111969113349915,0.26164156198501587,-0.2847069799900055,0.21422073245048523,0.01841909810900688,-0.001994312973693013,0.0013824226334691048,2.3104620049707592e-4,AM7419
0.09961648285388947,-0.2585327625274658,-0.3818477392196655,-0.2403637021780014,0.30192089080810547,-0.09747979044914246,-0.6099787354469299,-0.77618408203125,-1.6718988418579102,-0.6730945706367493,-0.2665257453918457,-1.127867341041565,0.4780590832233429,0.711354672908783,0.4822206199169159,-1.0517070293426514,0.13350938260555267,-0.26807618141174316,0.3860117495059967,-0.11581119894981384,0.6102911233901978,-0.008740661665797234,-0.07475126534700394,0.04888409003615379,-0.0012948747025802732,0.0030612898990511894,5.72859775274992e-4,AM7420
-0.01668349653482437,-0.7422417402267456,0.4059877097606659,-0.3126254677772522,-0.5893727540969849,-0.04126724973320961,-0.4633429944515228,0.5752636790275574,0.36964502930641174,-1.256382703781128,-0.5743148922920227,0.5248345136642456,-0.07592061907052994,0.09183091670274734,0.26364389061927795,0.6166167855262756,-0.8683441281318665,-0.44481316208839417,-0.06313510239124298,0.1484849750995636,-0.08792459219694138,-0.05129268020391464,0.3303473889827728,-0.03705890104174614,-0.007519353646785021,-0.001318198861554265,-4.3319122050888836e-4,AM7426
0.05907348543405533,-0.7111690640449524,0.12840142846107483,0.09452427923679352,-0.5227677226066589,-0.21114607155323029,0.28816112875938416,0.3208426833152771,-0.7001892924308777,-1.6762971878051758,-1.1025466918945312,-0.070194311439991,0.17321240901947021,0.6004122495651245,-0.6447694301605225,1.2892712354660034,-0.47186440229415894,-0.7080234289169312,-0.0021956164855509996,0.3263009190559387,0.13226307928562164,0.07971997559070587,0.17686308920383453,-0.08466517180204391,-0.012996506877243519,-0.0035215835087001324,-9.392659412696958e-4,AM7427
-0.03271893411874771,-0.5479905605316162,0.14948447048664093,-0.3775574862957001,-0.0704871118068695,0.0838121697306633,-1.9708820581436157,0.568111777305603,-0.06291011720895767,0.287697970867157,0.79232257604599,-0.8631346225738525,-0.14022867381572723,0.05384507030248642,0.5588961243629456,0.7657486200332642,0.36840200424194336,0.4189426600933075,0.24655398726463318,0.04988522455096245,-0.13842913508415222,0.21316201984882355,0.07825081795454025,-0.055020153522491455,6.194793968461454e-4,-0.003382281633093953,-7.078460184857249e-4,AM7492
-0.336548775434494,0.07364614307880402,0.27734753489494324,-0.49268627166748047,-0.7234364748001099,2.9219248294830322,0.059902243316173553,-0.1354644000530243,-0.8468418121337891,-0.3317018747329712,0.7832819819450378,-0.8986461758613586,-0.516920268535614,1.1163541078567505,-0.06715400516986847,0.24193550646305084,0.17266973853111267,0.20237469673156738,0.19332456588745117,-0.4871048629283905,-0.7695057392120361,0.6123286485671997,-0.12171806395053864,-0.11902321875095367,-0.005365319550037384,-0.006564340088516474,-0.0014139158884063363,AM7493
-0.10941615700721741,0.45174843072891235,0.05843442305922508,-0.4305351674556732,-0.8815969228744507,1.8811368942260742,0.07635048031806946,-0.29307490587234497,-0.11706145852804184,-0.8417761921882629,0.2593660354614258,-0.798991858959198,0.32290080189704895,0.45049959421157837,0.7168254852294922,0.1273656040430069,0.7568618655204773,0.707455039024353,1.1112685203552246,-0.08027112483978271,-0.263386994600296,0.02068617381155491,0.3245169520378113,-0.003051409963518381,-0.0038202370051294565,2.5021261535584927e-4,-8.047884330153465e-5,AM7495
-0.07679581642150879,0.6507332921028137,0.645635724067688,0.08228956907987595,-0.8607739210128784,-0.07906115055084229,-1.720411777496338,-1.1162837743759155,-1.3635127544403076,-0.9017559885978699,0.046625323593616486,0.5679769515991211,1.4926238059997559,-2.1421868801116943,-0.6179137825965881,-0.21286310255527496,-0.33238255977630615,-0.7052518725395203,0.11557760089635849,0.2536424696445465,-0.008989300578832626,0.7816427946090698,1.7574145793914795,0.05474791303277016,0.007625818718224764,0.0021647317335009575,-9.167133248411119e-5,AM7589
0.03153200075030327,0.5328816175460815,0.11457894742488861,0.7921748161315918,-1.1600017547607422,0.5181275606155396,0.3435696065425873,-0.9238652586936951,-1.906819462776184,-0.8909416794776917,0.5730698704719543,-0.13208094239234924,0.7128208875656128,-0.9475415349006653,-0.27694883942604065,0.18061304092407227,-0.019700810313224792,-0.4576943516731262,0.6347848176956177,0.08049067854881287,-0.241487056016922,-0.7215019464492798,-0.5289473533630371,-0.07398995757102966,-0.0032077478244900703,-0.0038648045156151056,-4.924723180010915e-4,AM7591
0.13472090661525726,-0.08871646970510483,-0.6110938787460327,-0.07050548493862152,0.19356009364128113,0.028874000534415245,-0.5082679390907288,-0.7297227382659912,-1.1780061721801758,-0.28905782103538513,0.6644274592399597,1.1215323209762573,-0.24498890340328217,-0.43049028515815735,0.3095259368419647,-0.020544076338410378,0.6162149310112,-0.3844158947467804,0.45312583446502686,-0.47031325101852417,-0.3583250343799591,0.15085315704345703,-0.07723986357450485,0.043130144476890564,-0.002383907325565815,0.002803677460178733,5.16181462444365e-4,AM7628
-0.08583483099937439,0.5295665860176086,0.47096017003059387,0.24306021630764008,-0.7233237028121948,0.899577260017395,-0.380377858877182,-0.13722728192806244,-1.8957507610321045,-1.0925469398498535,0.48279693722724915,0.490217387676239,-0.14619708061218262,-1.4767930507659912,-0.3055511713027954,-0.5329320430755615,0.3742309510707855,-0.6907652616500854,-0.7601598501205444,0.48230960965156555,-0.41197293996810913,-0.41531816124916077,0.35454055666923523,-0.0699835866689682,-0.006649550050497055,-0.0033041764982044697,-7.235794328153133e-4,AM7629
0.088298000395298,0.6111893653869629,-0.1096123605966568,-0.19769272208213806,-0.854456901550293,0.7606498003005981,0.6798902153968811,-0.3293026387691498,0.0667271539568901,-0.9739057421684265,0.6275257468223572,-0.6275999546051025,1.3755862712860107,-0.7856561541557312,0.500697135925293,0.9422932863235474,-0.1475163698196411,0.5858315825462341,1.23875093460083,0.2521114647388458,0.03666074201464653,0.065579853951931,-0.7119378447532654,0.05451278015971184,-0.003724365960806608,0.0036770831793546677,8.188231731764972e-4,AM7633
0.14403943717479706,0.2952952980995178,-0.2683340013027191,-0.07971270382404327,-0.6942879557609558,0.5828663110733032,-0.2005811333656311,-1.0975228548049927,0.5019100308418274,0.48349303007125854,1.0745948553085327,0.2239237278699875,1.345821499824524,-0.39191654324531555,0.16895218193531036,1.035909652709961,0.2720661759376526,0.1770772635936737,-0.14933529496192932,0.9335868954658508,0.3366212248802185,-0.750461757183075,0.26551854610443115,0.034353114664554596,-0.005432413890957832,0.002824021503329277,5.403913673944771e-4,AM7634
