V1
1.0540121334540475
0.22867074725863054
0.16950926381408452
0.07579656159381423
0.04924572384605226
0.030127833894203888
0.019363195908248483
0.015431331329068619
0.013529112126211983
0.011518869935865471
0.009513112028448758
0.007758316875203396
0.007229736527643681
0.006221371897181425
0.005772837573054548
0.004618364439664968
0.004881366395275228
0.004052440068426974
0.0035666424884994064
0.0030144219964492597
0.002759665461306194
0.0025159950500131564
0.0026704933306124206
0.0020968473700140842
0.002083676580175987
0.0020812770179202728
0.0020809854400876495
0.0020808871203832065
0.0020807457360206244
0.0020806730692912137
0.0020806145432340564
0.002080527618959697
0.002080454967464003
0.0020804455891861528
