V1
1.0480189779132392
0.22737293679707335
0.16858094393663037
0.07546925374414805
0.049079001120708086
0.03006473326643973
0.019343452764701268
0.015422884401320697
0.013525172462149546
0.011518596620981997
0.009515063654202006
0.0077613829511066984
0.00723300562087621
0.006225116773182756
0.005776683445398195
0.004622413769511564
0.004885540979957399
0.004056638688346888
0.003571072049604423
0.0030189819596295924
0.0027644202377698364
0.0025208515690162353
0.0026752003991900595
0.0020986091398757446
0.0020837692006855173
0.002081194400311722
0.002080905884985751
0.002080795284428167
0.002080659065013992
0.002080582837490086
0.002080525637487963
