PEER1,PEER2,PEER3,PEER4,PEER5,PEER6,PEER7,PEER8,PEER9,PEER10,PEER11,PEER12,PEER13,PEER14,PEER15,PEER16,PEER17,PEER18,PEER19,PEER20,PEER21,PEER22,PEER23,PEER24,PEER25,PEER26,PEER27,PEER28,PEER29,PEER30,Donor
-0.032201655209064484,-0.34194517135620117,-0.2663545310497284,-0.19981740415096283,0.42885085940361023,0.5871778726577759,-0.5464521050453186,-0.1326512098312378,-0.5464072227478027,-0.2581978738307953,0.8602526187896729,0.09576717019081116,0.9711456298828125,0.05367475748062134,-0.6372265219688416,-1.296226143836975,0.7528799772262573,0.286590576171875,0.17486603558063507,0.10811673104763031,0.04246911033987999,0.05751066282391548,-0.20912042260169983,-0.0070213135331869125,-3.7631200393661857e-4,-3.9062779978848994e-4,-4.306774280848913e-5,1.2244335266586859e-5,-5.675340617017355e-6,3.374820153112523e-5,AM7180
0.2162170261144638,-0.34093785285949707,0.22122982144355774,-0.12623602151870728,0.2656824588775635,-0.749390184879303,-0.1594308465719223,1.0353893041610718,-0.09863998740911484,-1.7309426069259644,-0.8038539886474609,-0.22798208892345428,0.4502115249633789,-0.04081789031624794,-0.05900769308209419,0.772773802280426,0.4205568730831146,0.24718497693538666,-0.3833240568637848,-6.206330726854503e-4,-0.3478524684906006,-0.3915499746799469,-0.09300734847784042,0.02597847953438759,-0.002266307594254613,0.0019423180492594838,4.7127396101132035e-4,5.374495958676562e-5,-3.4477950975997373e-5,-1.596556685399264e-4,AM7181
0.08094378560781479,0.05627744272351265,-0.5834246873855591,-0.5166522264480591,0.13783439993858337,-0.457674503326416,0.1776888370513916,0.07348193973302841,-0.2351694256067276,-0.668635904788971,0.47266966104507446,1.2634307146072388,0.9930394887924194,-0.9232914447784424,-0.7981182336807251,-0.4350215196609497,0.6593483090400696,-0.2731752395629883,0.12215538322925568,-0.22008706629276276,-0.3158535361289978,0.28305262327194214,-0.5673431158065796,0.0033309811260551214,6.271809688769281e-4,8.124865416903049e-5,1.2476794654503465e-4,1.1580169484659564e-5,4.59683797089383e-5,-6.507098441943526e-5,AM7182
0.10170232504606247,0.3241300880908966,-0.47313496470451355,-0.22510087490081787,0.494297593832016,0.14531874656677246,-0.14667105674743652,-0.1781947910785675,0.8555846810340881,-0.5858444571495056,-0.2506195306777954,1.267104148864746,0.4065720736980438,-0.052238237112760544,0.36666858196258545,-0.3986399173736572,2.1663010120391846,0.07482142001390457,-0.5644610524177551,0.5821364521980286,-0.0997028574347496,-0.3253130316734314,-0.02139597199857235,0.04644622281193733,0.003995906561613083,0.0024398372042924166,6.06014218647033e-4,-5.047747981734574e-5,1.3267301255837083e-4,-3.090232494287193e-4,AM7188
0.09053464978933334,-0.27648091316223145,-0.13380269706249237,-0.23673349618911743,0.751486599445343,0.10141883790493011,-0.945743203163147,0.1426626592874527,-0.9293819665908813,-0.47979798913002014,0.4251439869403839,-0.8301058411598206,0.2726680338382721,0.42871204018592834,0.9489180445671082,-1.0424658060073853,1.0349832773208618,0.2102697789669037,0.24138444662094116,-0.08187361061573029,0.35877424478530884,-0.04731973260641098,0.39022088050842285,0.06718499958515167,0.009302590973675251,0.003009409410879016,6.149807013571262e-4,-1.728186762193218e-4,2.601349842734635e-4,-4.389426903799176e-4,AM7189
0.0849035307765007,0.608313798904419,-0.36610621213912964,-0.07940858602523804,-0.12638959288597107,-0.0705491229891777,-0.5652567744255066,-0.15264464914798737,1.6056855916976929,-0.7915558815002441,-1.279335856437683,-0.875067412853241,0.7080152630805969,0.13067668676376343,-0.6196781396865845,-0.37742117047309875,0.9860238432884216,0.363074392080307,-0.42877230048179626,0.20527958869934082,0.4332199990749359,0.46849915385246277,-0.49891749024391174,-0.026513895019888878,-0.004913750104606152,-0.0011138352565467358,-2.854445483535528e-4,6.730865425197408e-5,-1.3768719509243965e-4,1.5857696416787803e-4,AM7196
0.0732879787683487,0.14356552064418793,-0.4716208875179291,-0.6953646540641785,0.34321513772010803,0.2845527231693268,-1.4651397466659546,-0.8361861109733582,0.5368605852127075,-0.9086488485336304,-0.408420592546463,0.9322543144226074,0.05601131170988083,-0.3219867944717407,0.15300673246383667,-0.9014284610748291,0.35875818133354187,-0.13770709931850433,-0.6348490118980408,-0.1388368457555771,-0.06114957109093666,0.3027038276195526,-0.3446824252605438,-0.023273136466741562,-0.0024466970935463905,-0.0011884368723258376,-2.4091178784146905e-4,4.4617212552111596e-5,-6.415447569452226e-5,1.3286079047247767e-4,AM7197
0.44313544034957886,0.009739989414811134,0.128146231174469,0.2943962812423706,0.952135443687439,-0.6643533706665039,-0.833568274974823,1.1230665445327759,0.9115943908691406,-0.27570340037345886,0.5797886848449707,-0.6754238605499268,0.17743536829948425,1.0336995124816895,0.1566106379032135,0.3732794523239136,-0.766498327255249,0.5396085977554321,-0.4181748032569885,-0.02067294344305992,-0.16040337085723877,-0.022334927693009377,0.20277775824069977,0.07125120609998703,0.01032967958599329,0.0031306908931583166,7.165760616771877e-4,-1.6580618103034794e-4,3.04726097965613e-4,-4.8605998745188117e-4,AM7203
0.0868334025144577,0.5996005535125732,0.15058353543281555,1.0901166200637817,0.7533953189849854,0.3520295321941376,-0.9326619505882263,0.5962426066398621,0.01330601330846548,-0.6435317397117615,-0.23674526810646057,1.0335241556167603,-0.15402375161647797,1.4122271537780762,-0.5208737850189209,-0.4144647419452667,0.15858282148838043,-0.5719872713088989,-0.7583063244819641,-0.3130316436290741,0.36045509576797485,0.2965097725391388,-0.41152578592300415,0.12594518065452576,0.008705496788024902,0.00663321977481246,0.0014428325230255723,-1.591543696122244e-4,3.0155471176840365e-4,-8.626006892882288e-4,AM7204
0.2368863821029663,-0.2000286877155304,-0.008589991368353367,0.210574671626091,1.054416298866272,-0.0377945601940155,-0.9767076969146729,0.5301671028137207,-0.15879613161087036,-0.9504713416099548,0.3456849455833435,-0.860481858253479,0.4376908242702484,0.6724216341972351,0.30919602513313293,0.0051612150855362415,0.5312598347663879,0.5118598937988281,-0.21751229465007782,-0.05380408838391304,0.07234703749418259,0.03496241196990013,-0.017378924414515495,0.03327065706253052,0.009000936523079872,9.56693256739527e-4,3.114089195150882e-4,-1.3912617578171194e-4,2.590578515082598e-4,-2.503861323930323e-4,AM7205
0.49467146396636963,0.1802031397819519,0.44797125458717346,-0.6446772813796997,-0.3601270020008087,0.6080660820007324,0.026439020410180092,-0.5190279483795166,-1.452324390411377,0.731650710105896,0.4704303443431854,-2.0193939208984375,0.7293165326118469,1.1903268098831177,-1.1816984415054321,0.22589834034442902,0.4081651568412781,-0.4027825891971588,-0.1354258805513382,0.6238382458686829,0.5641777515411377,0.07298839837312698,-0.05260796844959259,-0.08705728501081467,0.0018389306496828794,-0.00556159159168601,-0.0010868273675441742,-2.209598824265413e-5,2.578930661911727e-6,5.488652386702597e-4,AM7208
0.5590405464172363,0.31691309809684753,0.37841346859931946,-0.6426791548728943,0.6263898015022278,1.3776044845581055,0.4928015470504761,-0.30910488963127136,-1.7049332857131958,0.8290239572525024,-0.2387659102678299,-1.2576271295547485,0.08041534572839737,0.8287183046340942,-0.08462750911712646,0.18531452119350433,0.9098756313323975,-0.6485319137573242,-0.1306076943874359,0.6203967928886414,0.7818060517311096,0.2204606980085373,-0.17125825583934784,-0.039342667907476425,0.00458864588290453,-0.0029893319588154554,-5.595062393695116e-4,-7.909091073088348e-5,9.756007057148963e-5,2.272547280881554e-4,AM7209
0.5663163065910339,0.1865554302930832,0.7975155115127563,-0.3826555609703064,0.2448228895664215,1.3594177961349487,0.687136709690094,0.09533923119306564,0.10430597513914108,1.2310526371002197,-0.605563759803772,0.427726686000824,-0.5804594159126282,0.19731885194778442,-0.39567211270332336,0.09401874989271164,-0.4191770851612091,0.22130510210990906,-0.31068021059036255,-0.06944741308689117,-0.43605026602745056,0.037745166569948196,-0.1087859719991684,0.06428160518407822,0.0016063665971159935,0.0037398121785372496,7.868068059906363e-4,-2.119081182172522e-5,8.158376294886693e-5,-4.272056685294956e-4,AM7211
0.6981642842292786,0.2532040476799011,0.827210545539856,-0.431213915348053,-0.2271638959646225,0.8203922510147095,0.30996647477149963,-0.26470947265625,0.48765799403190613,0.8213001489639282,-0.195400670170784,0.8622463941574097,-0.9807199239730835,-0.17072685062885284,0.23709599673748016,0.21644529700279236,-0.3701184093952179,0.22413942217826843,-0.14264898002147675,-0.6694768071174622,-0.4326755702495575,-0.04270334169268608,0.0862274095416069,0.0545518584549427,0.001043796888552606,0.003217275021597743,6.541297188960016e-4,-1.849633190431632e-5,5.8737969084177166e-5,-3.515263379085809e-4,AM7213
0.4070079028606415,-0.07982831448316574,0.9333961606025696,-0.7638706564903259,-1.4420500993728638,-0.40041929483413696,0.9741862416267395,0.00515438849106431,0.8266263604164124,1.7119214534759521,0.1388985961675644,0.2656758725643158,0.5715741515159607,-1.1193715333938599,-0.37069183588027954,-0.6595848202705383,-0.5183072090148926,-0.2622241973876953,0.45717868208885193,0.021469397470355034,-0.018374579027295113,-0.047974660992622375,-0.04383039474487305,0.001706630690023303,0.004111825488507748,-3.768373280763626e-4,1.0067917173728347e-5,-5.519882688531652e-5,1.1602676386246458e-4,-3.0333965696627274e-5,AM7214
0.7074993848800659,0.3333536684513092,0.8606581091880798,-0.6631446480751038,-0.36349916458129883,-0.028092317283153534,0.6694661378860474,0.12721067667007446,0.885951042175293,1.0332943201065063,0.14965787529945374,0.8312790989875793,-0.6058753728866577,0.198928564786911,0.2232588529586792,-0.752875566482544,-0.44802239537239075,0.035465314984321594,0.005281190853565931,-0.3821442723274231,-0.1881750524044037,-0.1676681935787201,0.47079089283943176,0.0495888888835907,-1.1891221947735175e-4,0.003072442952543497,5.227072979323566e-4,-1.7696140275802463e-5,3.6740484574693255e-6,-2.873738994821906e-4,AM7215
0.6487727165222168,0.24362479150295258,0.6857209801673889,-0.6296896934509277,-0.9711711406707764,-0.2425307035446167,0.7753501534461975,-0.7382180690765381,-0.1252797544002533,0.46970778703689575,-0.8717368245124817,-0.03791919723153114,-0.5173718929290771,0.5722029209136963,-0.2811805307865143,0.11972105503082275,-0.39686456322669983,-0.5410679578781128,-0.23627114295959473,-0.24187199771404266,0.04484589025378227,0.11454026401042938,-0.17690664529800415,-0.033751774579286575,-0.0049669682048261166,-0.001495376811362803,-3.405071620363742e-4,7.90828707977198e-5,-1.42336095450446e-4,2.2350784274749458e-4,AM7216
-0.22537092864513397,0.41396060585975647,0.2229478359222412,0.2128833830356598,-0.12019239366054535,0.17121534049510956,0.11364439129829407,1.45481538772583,-0.4144034683704376,-0.7921252250671387,-0.11069012433290482,0.32074108719825745,-0.6281135678291321,0.05240622162818909,0.4105379581451416,-1.3587754964828491,-0.0034217648208141327,-0.3396798074245453,0.06852245330810547,0.49719563126564026,-0.28897523880004883,-0.48492830991744995,-0.3892728388309479,-0.03726482391357422,-0.0014527452876791358,-0.0020027311984449625,-1.9277899991720915e-4,7.099431240931153e-5,-2.73464265774237e-5,2.242486661998555e-4,AM7221
0.09235034137964249,0.5777885913848877,-0.2364368736743927,1.052747130393982,-0.8595491647720337,-0.4432981014251709,-1.3098105192184448,-0.04027656465768814,1.503869891166687,-0.3734138309955597,-0.18616998195648193,-0.47615525126457214,-0.08299105614423752,0.008498563431203365,1.815360426902771,-0.6332488656044006,-1.2750746011734009,-0.9595433473587036,1.0922490358352661,0.1639622300863266,0.8224239945411682,-0.19795198738574982,-0.19688743352890015,-0.07438749819993973,-0.0030816090293228626,-0.004138447809964418,-7.858184981159866e-4,5.00625537824817e-5,-1.1428385187173262e-4,4.8601720482110977e-4,AM7223
0.1780899465084076,0.38551807403564453,-0.6548712849617004,0.3011569678783417,-0.44660088419914246,-0.5020991563796997,-1.0423372983932495,-0.7301679849624634,1.7498042583465576,0.5155770778656006,-1.3144479990005493,-0.3025335371494293,0.3226888179779053,0.3449282944202423,0.9080957770347595,0.06598224490880966,-5.217980942688882e-4,-1.2362060546875,0.09651914238929749,0.8033100962638855,1.3382675647735596,0.4170443117618561,-0.6536228656768799,-0.08658239990472794,-0.008567601442337036,-0.004332113079726696,-0.00095626909751445055,1.1518676910782233e-4,-2.7072816737927496e-4,5.582961603067815e-4,AM7224
0.09990300238132477,0.48674970865249634,0.05466221645474434,1.2336621284484863,-0.1917542964220047,-0.46737414598464966,-1.6143128871917725,0.13567551970481873,0.3443816602230072,0.7700746059417725,-0.3534489572048187,0.6300215125083923,-1.0748363733291626,-0.8125959634780884,1.7332937717437744,0.10935638099908829,0.573413610458374,-0.6509143710136414,-0.19122523069381714,0.13302157819271088,0.5479744076728821,0.14728866517543793,-0.34288838505744934,0.010823854245245457,-0.0035334352869540453,0.0010721507715061307,1.877850736491382e-4,3.9985727198654786e-5,-8.67287308210507e-5,-7.003289647400379e-5,AM7226
-0.054173991084098816,0.47270262241363525,-0.08491425216197968,0.9757982492446899,-0.09237265586853027,-0.5907579660415649,1.0592445135116577,1.54371976852417,0.25067007541656494,0.1846218705177307,1.4494130611419678,-0.26558005809783936,0.5607336759567261,1.3515260219573975,-1.358575701713562,-1.3947176933288574,-1.6069145202636719,-1.3341124057769775,-0.5499359369277954,0.05181565135717392,0.28480109572410583,0.07093727588653564,-0.2394118756055832,0.08050260692834854,0.0019413705449551344,0.004699330311268568,9.730732417665422e-4,-4.753297253046185e-5,9.242503438144922e-5,-5.319986375980079e-4,AM7228
0.048710744827985764,0.3197484314441681,-0.5093841552734375,-0.02607501484453678,0.4021753966808319,-0.5275787711143494,1.966238021850586,1.155907154083252,0.555046796798706,0.3754057288169861,-0.254509836435318,-0.1262792944908142,0.12953396141529083,-0.6398801207542419,0.40664711594581604,-0.01913338713347912,0.5414124727249146,0.05053756386041641,0.231374129652977,0.5167385339736938,-0.1761445701122284,-0.1771129071712494,0.13306671380996704,0.011358353309333324,-0.0046654087491333485,0.0012895343825221062,1.865558879217133e-4,7.265486055985093e-5,-1.2679757492151111e-4,-4.3057763832621276e-5,AM7229
0.014246155507862568,0.49481549859046936,-0.03506205603480339,0.9218726754188538,0.11950025707483292,-0.9504060745239258,1.4681137800216675,1.6106575727462769,-0.6825256943702698,0.6736699342727661,0.8259053826332092,-0.0598442442715168,-0.5078170895576477,-0.15592840313911438,-0.8091930747032166,-0.4747503697872162,0.06933711469173431,-0.12498670816421509,-0.9994763135910034,-0.036271288990974426,0.12634839117527008,-0.39960676431655884,-0.1591174453496933,-0.09343638271093369,-0.0045122443698346615,-0.005103759467601776,-9.270919836126268e-4,1.0027050302596763e-4,-1.4884889242239296e-4,6.101051694713533e-4,AM7230
0.0859980434179306,0.5594339370727539,0.1634455919265747,0.8377841114997864,0.3057436943054199,-1.3497658967971802,0.4907398521900177,-0.10157391428947449,-1.1644688844680786,-0.6163150668144226,0.6224411725997925,1.3453073501586914,0.21574486792087555,0.804415762424469,-0.7662314772605896,0.3419535458087921,-0.29188841581344604,0.6630851030349731,-0.1160791665315628,-0.8127704858779907,0.1795298457145691,0.3279130160808563,-0.08243229240179062,-0.015106100589036942,0.00715876929461956,-0.0018517441349104047,-3.022356249857694e-4,-1.157321676146239e-4,1.9014008285012096e-4,5.679835157934576e-5,AM7236
0.16349169611930847,0.4291307330131531,-0.8541067242622375,0.0865878164768219,0.4108453392982483,-1.8950735330581665,1.9738237857818604,0.91679447889328,0.24791240692138672,-0.25349509716033936,-1.5577150583267212,0.02091146633028984,-0.3840562403202057,0.8840481042861938,-0.9250087738037109,-0.5769774317741394,0.9318498969078064,-1.0679925680160522,2.1963634490966797,0.37935179471969604,-1.3160687685012817,0.6906285881996155,1.4460643529891968,-0.17566199600696564,-0.0046753957867622375,-0.010399401187896729,-0.0025723979342728853,7.075984467519447e-5,-2.677119045984e-4,0.0011998829431831837,AM7237
0.22212205827236176,0.08830922842025757,-0.5568183660507202,0.24044430255889893,0.2972715497016907,-0.2128206044435501,-1.1397768259048462,-0.691023051738739,0.15064145624637604,0.31199708580970764,0.725161075592041,0.4321776330471039,0.33129948377609253,-0.5872872471809387,-0.08688580244779587,0.05617276206612587,-0.038657933473587036,-0.17275424301624298,-0.13390904664993286,-0.036812566220760345,-0.4812253415584564,0.11169134080410004,0.0308047067373991,0.009873063303530216,-0.004844479728490114,0.0011567386100068688,1.3973588647786528e-4,7.697578985244036e-5,-1.2486768537200987e-4,-4.71690837002825e-5,AM7241
0.15821285545825958,0.018288394436240196,-0.6951317191123962,-0.18922901153564453,0.29126662015914917,-0.6131711006164551,-0.18879342079162598,-0.4105328619480133,-0.6598470211029053,0.5210283398628235,-0.003431562567129731,-0.2710249423980713,0.08886522799730301,-0.8829814195632935,-0.6789693236351013,-0.7227331399917603,-0.3410137891769409,-0.16539381444454193,-0.2717525362968445,-0.06770443916320801,-0.4760066270828247,0.268288791179657,-0.4875657558441162,0.009925654157996178,-0.00742378830909729,0.0014498671516776085,2.587959461379796e-4,1.2824538862332702e-4,-1.7340165504720062e-4,-6.944769120309502e-5,AM7242
0.13046535849571228,-0.38957837224006653,0.4591350853443146,-0.6296464204788208,-0.32574334740638733,-1.081996202468872,-0.7691351175308228,1.145066261291504,1.0037792921066284,-0.8623412251472473,-0.8114630579948425,-0.32499179244041443,0.0632886290550232,-1.2381091117858887,-0.06325113028287888,0.5762417912483215,-0.29756075143814087,0.26968759298324585,-0.8330524563789368,-0.17082351446151733,-0.7235872745513916,-0.03238122537732124,0.037223931401968,-0.014020105823874474,-0.005325609818100929,-2.2531094145961106e-4,-9.224557288689539e-5,1.0045785165857524e-4,-1.414946891600266e-4,1.0613426275085658e-4,AM7243
0.25488802790641785,-0.25568267703056335,-0.09428592771291733,0.07565661519765854,0.37087753415107727,-0.9548971056938171,-0.42341771721839905,0.729528546333313,-0.926982045173645,-0.1657620221376419,0.9026790857315063,-1.0715855360031128,0.050669312477111816,0.8138015866279602,0.842919111251831,0.526837170124054,0.3653396964073181,0.3139336407184601,0.085572250187397,0.4589473009109497,0.15343604981899261,-0.12212846428155899,-0.12925636768341064,0.040164437144994736,0.005114878062158823,0.0018837960669770837,4.882820649072528e-4,-7.58763198973611e-5,1.5947835345286876e-4,-2.8040987672284245e-4,AM7255
0.12234292179346085,-0.0930737555027008,-0.014465264976024628,-1.0305167436599731,0.32778358459472656,-1.1342192888259888,-1.0387755632400513,1.3152586221694946,0.012527510523796082,0.33446431159973145,1.0239779949188232,-0.6172559261322021,-0.26357924938201904,0.12186268717050552,0.8272523880004883,-0.10252298414707184,0.04505796357989311,0.5934820771217346,0.23033444583415985,0.054470933973789215,0.15306764841079712,-0.07576172053813934,0.2071845382452011,2.482282870914787e-4,-4.070738214068115e-4,7.604152779094875e-5,-3.501190076349303e-5,-4.151477696723305e-6,-2.1796950022689998e-5,1.5217542568279896e-5,AM7256
-0.1318419873714447,0.3369005620479584,-0.31293290853500366,-1.1409517526626587,0.03042708709836006,0.45407184958457947,0.4006178379058838,0.681049108505249,1.4924670457839966,-0.9868648052215576,-0.1290900558233261,0.5598614811897278,0.40480485558509827,-0.20929519832134247,-0.35596391558647156,-0.5142152905464172,-0.004707519430667162,1.10793137550354,-0.7599889636039734,-0.03429694101214409,0.1900017410516739,-0.2463378757238388,0.4240194857120514,-0.0017526495503261685,3.303043486084789e-4,-1.0593203478492796e-4,-7.76495726313442e-5,-1.8665306924958713e-5,-9.6250796559616e-6,4.011324926977977e-5,AM7260
0.04881175607442856,0.39339348673820496,-0.33961281180381775,0.2709558606147766,-0.6093054413795471,-0.2887481451034546,0.9277095794677734,0.49939048290252686,0.30606764554977417,-0.412552148103714,1.10702645778656,0.13302646577358246,-0.5831809639930725,1.041214108467102,0.7808266878128052,0.47964784502983093,0.3537440299987793,1.378632664680481,0.8221181631088257,0.021329032257199287,0.27057161927223206,-0.33520016074180603,-0.04883834347128868,-0.021172286942601204,-0.002796366112306714,-8.91831994522363e-4,-1.351384271401912e-4,4.941345832776278e-5,-8.00921261543408e-5,1.5095813432708383e-4,AM7261
0.03392105922102928,0.16398319602012634,0.17766180634498596,0.5733831524848938,0.7997117042541504,-0.7695059776306152,1.0904313325881958,-2.5430784225463867,0.4553717374801636,-1.785408616065979,1.3754708766937256,-0.79793548583984375,-2.1851603984832764,-0.11725922673940659,-0.5361884832382202,0.4093191921710968,-0.9085951447486877,1.7716585397720337,0.3674520254135132,0.8440552353858948,0.5549204349517822,-0.14977243542671204,0.24809475243091583,-0.02354557439684868,-0.00217984220944345,-0.0011467665899544954,-3.2032723538577557e-4,1.836595038184896e-5,-9.172726277029142e-5,1.833240094128996e-4,AM7266
0.20892798900604248,0.07356812059879303,-0.4993242621421814,0.6165856122970581,0.5936702489852905,0.8172354102134705,-0.39260128140449524,-0.13347584009170532,0.9953990578651428,-0.09495100378990173,1.0334181785583496,1.6009498834609985,0.03623739629983902,1.334764838218689,-0.7696100473403931,1.6773298978805542,0.49589407444000244,-0.18294976651668549,-0.21007764339447021,0.3655472993850708,-0.4702220857143402,0.07108854502439499,0.18474072217941284,-0.03624352067708969,0.002630796981975436,-0.002558478619903326,-5.089174374006689e-4,-2.2831460228189826e-5,5.005222556064837e-5,2.2499426268041134e-4,AM7269
-0.019068988040089607,0.3403104841709137,0.36579257249832153,-0.15160606801509857,1.085769534111023,-0.6787906885147095,0.46282994747161865,-2.0287959575653076,0.7757425308227539,-2.407407522201538,0.2747761309146881,-0.7209801077842712,-2.014360189437866,-1.2477710247039795,-0.8737843036651611,-0.2708825170993805,-0.20849165320396423,1.2253252267837524,0.587190568447113,0.8842218518257141,-0.10971073061227798,-0.6584193706512451,0.5712894201278687,-0.018640190362930298,-0.004375871270895004,-4.9498031148687e-4,-1.6786671767476946e-4,7.378730515483767e-5,-1.4666460629086941e-4,1.802853075787425e-4,AM7270
0.04188275709748268,0.5224601030349731,0.029256556183099747,0.7394049763679504,0.6545225977897644,1.0098057985305786,-1.0189415216445923,0.8174180388450623,1.3921220302581787,-0.06436356902122498,0.3130667507648468,-0.265728235244751,-0.21392151713371277,-0.4175369441509247,0.7635142803192139,0.2878468930721283,0.5823177099227905,0.8770830631256104,-0.015994954854249954,-0.8617674112319946,-1.1307178735733032,-0.2039298266172409,-0.25738710165023804,-0.10882434993982315,-9.459336288273335e-4,-0.006530755199491978,-0.0011064113350585103,8.556914690416306e-5,-3.3941210858756676e-5,6.693312316201627e-4,AM7272
-0.07274515181779861,0.49092596769332886,0.3701089024543762,0.7964819073677063,1.438712477684021,0.04158763214945793,-0.5736508965492249,-1.9652899503707886,0.6297682523727417,-0.18809576332569122,-2.4342684745788574,-0.9908215999603271,1.7764463424682617,1.254112720489502,-1.058012843132019,-0.2403966337442398,0.4708179235458374,0.198320209980011,-0.31844601035118103,-2.45184588432312,-0.5752283930778503,-1.2240839004516602,0.5257944464683533,0.019142501056194305,-0.004508467856794596,0.0019232043996453285,5.115814856253564e-4,8.733428694540635e-5,-9.136926382780075e-5,-6.646441761404276e-5,AM7273
-0.023325320333242416,-0.2969299554824829,-0.4230668842792511,-0.4151347279548645,0.46290239691734314,-0.283707857131958,0.5778312087059021,0.46645137667655945,-0.4130561351776123,0.9649695754051208,1.7877981662750244,0.08237705379724503,0.2774244248867035,-0.5503080487251282,-0.24951721727848053,-0.7489803433418274,-0.6006176471710205,0.1992887258529663,0.13537174463272095,-0.15283603966236115,0.03195061534643173,-0.327102929353714,0.25741973519325256,-0.016364725306630135,-0.0012136014411225915,-7.994408369995654e-4,-1.6397183935623616e-4,2.0230696463841014e-5,-4.5322063670028e-5,1.2879892892669886e-4,AM7277
-0.2095176726579666,0.17544949054718018,-0.13697904348373413,0.4962928295135498,-0.35267287492752075,0.8462640047073364,1.2740241289138794,1.361911416053772,1.3429136276245117,-0.2335984855890274,1.9782997369766235,-1.0082874298095703,1.2561123371124268,0.6145812273025513,0.45452040433883667,-0.3867248594760895,-0.5963614583015442,-0.3841051161289215,-0.17404481768608093,-0.39043545722961426,-0.23458856344223022,0.2081470936536789,0.9275972843170166,0.13766919076442719,0.004188593477010727,0.007870307192206383,0.001312071573920548,-1.27335442812182e-4,1.2998981401324272e-4,-8.438824443146586e-4,AM7278
-0.2820788621902466,0.1885806918144226,0.7036478519439697,-0.32569292187690735,0.6046989560127258,-1.176277756690979,1.0108284950256348,0.3829403519630432,-0.16809721291065216,1.1782962083816528,0.9518301486968994,1.4638571739196777,2.244239091873169,-0.3824733793735504,-0.4075903296470642,0.5014159083366394,-0.26373448967933655,1.4846497774124146,0.27337872982025146,-1.0617629289627075,1.1692179441452026,0.34837785363197327,-0.7635810971260071,-0.11690638214349747,-0.002850657794624567,-0.0068751852959394455,-0.0012847521575167775,4.378849553177133e-5,-1.0506080434424803e-4,7.15702073648572e-4,AM7280
-0.3837827444076538,-0.025126518681645393,0.7688159942626953,-0.7819339036941528,1.147781252861023,-0.21344785392284393,0.7347031235694885,-1.111332654953003,-0.33155491948127747,0.04492396488785744,-0.17358940839767456,1.0306305885314941,-0.1770440638065338,1.604662299156189,2.620776891708374,-1.051156759262085,-0.17376036942005157,-1.7880792617797852,-0.7295234203338623,0.13635894656181335,0.11316938698291779,-0.6913506984710693,0.025111868977546692,-0.1857489049434662,-0.019385725259780884,-0.008928932249546051,-0.001869486179202795,3.372400242369622e-4,-5.976688698865473e-4,0.0012747864238917828,AM7283
-0.45111382007598877,0.01363002322614193,0.657035231590271,-0.09381991624832153,0.7721056342124939,-0.2174513339996338,0.6207754015922546,-0.398688405752182,-0.8915287256240845,0.8638575673103333,-0.6854332685470581,1.2884434461593628,0.676781952381134,0.8590529561042786,1.5758064985275269,0.1016826182603836,0.5717717409133911,-0.05862020328640938,0.10833766311407089,-0.2751879394054413,0.6602622866630554,-0.21973897516727448,0.6731849312782288,0.017058083787560463,-9.537229780107737e-4,0.001192496856674552,6.918045983184129e-5,-3.036344969586935e-5,-5.355503162718378e-5,-5.503379361471161e-5,AM7284
-0.3544984757900238,-0.1654626727104187,0.4780767261981964,-0.1043366938829422,0.8692891597747803,-0.5164098739624023,1.5130677223205566,-2.269476890563965,0.22421753406524658,-0.354458749294281,-0.35074764490127563,-0.93062424659729,0.6709336638450623,-0.5031253695487976,0.7802164554595947,-0.4184509217739105,0.16084688901901245,-1.3167054653167725,0.46405407786369324,0.69993656873703,-0.7783781290054321,0.8479859232902527,0.08076003938913345,0.18681184947490692,0.02884649485349655,0.00782703422009945,0.0017441173549741507,-4.577692016027868e-4,8.508790051564574e-4,-0.001322836265899241,AM7285
0.07575308531522751,0.022684894502162933,-0.17595180869102478,-1.1372902393341064,0.8154616951942444,-0.5330984592437744,-0.6498934030532837,0.7313778400421143,0.16400521993637085,0.6136936545372009,1.010563850402832,-0.33364349603652954,-0.4982275664806366,-0.6706352829933167,0.7284236550331116,-1.1056309938430786,-0.4555671811103821,0.4449816942214966,-0.16864535212516785,-0.4441278278827667,-0.012657356448471546,-0.10360880196094513,0.5716070532798767,-0.05702538415789604,-0.0030993579421192408,-0.0031228438019752502,-7.689765188843012e-4,3.694840052048676e-5,-1.303211465710774e-4,4.098552744835615e-4,AM7294
-0.19204530119895935,-0.0627792552113533,0.42392706871032715,0.2604474425315857,0.9714118242263794,-0.6630496382713318,0.9340416789054871,-2.1912729740142822,0.7392621636390686,0.034028030931949615,1.4469765424728394,-1.370506763458252,-1.4104068279266357,-0.16528557240962982,0.30993881821632385,0.20749302208423615,-0.5704149603843689,0.025727683678269386,-2.7122104167938232,-0.052950914949178696,-0.3176823854446411,1.567282795906067,-0.7534945607185364,-0.06524766236543655,-0.0032190873753279448,-0.003916983027011156,-9.555696742609143e-4,4.716346666100435e-5,-1.0486301471246406e-4,3.5931842285208404e-4,AM7295
-0.39169466495513916,-0.2984175980091095,0.6889269948005676,-0.7931567430496216,0.5135130286216736,0.14136618375778198,-0.8022075891494751,0.22350919246673584,2.1889007091522217,-0.23043018579483032,1.7278923988342285,-0.848560094833374,-2.2824277877807617,-1.0173001289367676,-2.889329671859741,0.896368145942688,1.571562647819519,-2.6539556980133057,1.6919327974319458,-1.535847544670105,1.6110358238220215,-0.4258808195590973,-0.3512774407863617,0.04509842023253441,-0.0010727935004979372,0.002993157133460045,7.138042128644884e-4,-2.3581445930176415e-5,4.072293904755497e-6,-2.8320797719061375e-4,AM7302
-0.24741610884666443,0.08201339095830917,0.2053174078464508,1.15580415725708,-0.1777935028076172,-0.08023486286401749,0.5249927639961243,0.8298869729042053,-1.661728024482727,0.271027535200119,1.4613655805587769,0.5226472616195679,0.0693323016166687,-0.7898454070091248,-0.333004891872406,0.27948811650276184,0.8802748322486877,-0.3034229874610901,-0.834973931312561,0.4209602475166321,0.11835987120866776,-0.6306578516960144,0.47535452246665955,0.004785568453371525,-0.007816186174750328,0.0013491747668012977,1.5556637663394213e-4,1.1121983698103577e-4,-2.2669197642244399e-4,4.125517443753779e-5,AM7303
-0.21790704131126404,-0.21331854164600372,-0.4382796287536621,0.08657116442918777,-0.2715719938278198,0.31725287437438965,1.3796913623809814,0.6755279898643494,0.21673639118671417,1.4674230813980103,0.6690899133682251,-0.17721767723560333,-0.12539120018482208,0.2407636046409607,-0.5523365139961243,1.507162094116211,1.4919183254241943,-0.21271580457687378,-0.7190997004508972,0.4444769024848938,-0.144744873046875,0.15102478861808777,0.15533258020877838,0.011161540634930134,-0.004958237521350384,0.0012455468531697989,9.228043927578256e-5,6.383057188941166e-5,-1.4221570745576173e-4,-4.343594628153369e-5,AM7304
-0.2712850570678711,0.5105870366096497,0.6226693987846375,-0.4857315719127655,0.5085127353668213,-0.5937250852584839,-0.4921630620956421,1.1839369535446167,-1.0284899473190308,0.24361549317836761,-0.7234760522842407,1.3658392429351807,-0.4751635193824768,0.8338243961334229,-0.7070285081863403,0.5828772783279419,0.18068386614322662,0.8008682131767273,1.1488254070281982,0.7563866972923279,0.20929782092571259,0.5078012943267822,-0.493198424577713,0.05648224428296089,0.0011572655057534575,0.003242582082748413,6.382694700732827e-4,-2.9875891414121725e-5,6.110221875132993e-5,-3.960536269005388e-4,AM7312
-0.4045451581478119,-0.09639439731836319,0.889825165271759,-0.6249955892562866,1.0744547843933105,-0.18979822099208832,0.018842803314328194,-0.5129491090774536,0.7201202511787415,0.6427308917045593,0.922295868396759,0.5850955247879028,0.8289170861244202,0.75240558385849,1.0921335220336914,0.9075337648391724,-0.23451246321201324,-1.5526039600372314,1.2524421215057373,1.1140793561935425,-1.4913748502731323,-0.518197238445282,-0.9435628056526184,0.07152143865823746,-0.0017202574526891112,0.004713069181889296,0.001297016511671245,1.1309332330711186e-4,4.9880141887115315e-5,-5.102119757793844e-4,AM7313
-0.31647002696990967,-0.0685347244143486,0.4018888771533966,0.6888404488563538,-0.3166799545288086,-1.446530818939209,0.2530211806297302,-1.3338617086410522,0.17235088348388672,1.9498552083969116,-0.4230235517024994,-0.7020584344863892,1.6283482313156128,-0.82904052734375,0.08555874973535538,0.8449268341064453,-0.15944944322109222,1.0078049898147583,0.6926959156990051,0.11222095042467117,-0.3953966498374939,-0.17432427406311035,0.03922288492321968,0.006140202283859253,-9.856689721345901e-4,5.254688439890742e-4,1.3159190712030977e-4,2.9806011298205703e-5,-1.8200265913037583e-5,-3.418220512685366e-5,AM7318
-0.0686502605676651,-0.2804240584373474,-0.5896178483963013,-0.2590143084526062,-0.3661198318004608,-0.8558502793312073,-1.2146390676498413,-0.09426739066839218,0.39006537199020386,1.7258594036102295,0.4260598123073578,-0.5355038642883301,-0.6220409870147705,1.3815745115280151,-0.6585090160369873,0.2635634243488312,0.3777894377708435,-0.5508404970169067,0.5020638704299927,0.27476152777671814,-0.8166408538818359,0.4049288034439087,0.9799478650093079,-0.1180310994386673,-0.007601072546094656,-0.006441086996346712,-0.0016798062715679407,1.1076764349127188e-4,-3.0204132781364024e-4,8.270848775282502e-4,AM7319
-0.31477582454681396,0.5142554640769958,0.2963496446609497,-0.16739735007286072,-0.04249362275004387,-0.14763091504573822,-0.8996227979660034,1.2000999450683594,-0.8377224802970886,0.4059008061885834,-1.6603875160217285,-0.35999026894569397,-1.5219461917877197,0.07086356729269028,-0.9763810038566589,-0.539061427116394,-0.7521175146102905,0.835050106048584,0.6406809687614441,1.28986394405365,-0.865311861038208,-0.2985316514968872,-1.6572893857955933,0.057070523500442505,0.0034167133271694183,0.003193513723090291,0.0011856333585456014,4.4215172238182276e-5,2.0400052017066628e-4,-4.782396135851741e-4,AM7320
-0.3549300730228424,0.13901633024215698,0.6994954347610474,0.17612795531749725,-0.038851138204336166,-0.410500705242157,-1.4200634956359863,-0.13818359375,0.16371557116508484,1.2095714807510376,-0.2274027168750763,0.45986688137054443,1.1812044382095337,-0.02228410169482231,-0.4961356818675995,0.906637966632843,-0.20063798129558563,1.3733973503112793,-0.25197696685791016,-0.29334554076194763,0.5135689377784729,0.9331938028335571,0.28263333439826965,-0.11023354530334473,-0.007898814976215363,-0.0060070110484957695,-0.0015836330130696297,7.884578371886164e-5,-2.975587558466941e-4,7.435143925249577e-4,AM7321
-0.24843701720237732,0.3571593165397644,-0.3430141508579254,-0.3731048107147217,-0.7511179447174072,0.4406099021434784,1.1791115999221802,0.1348642110824585,0.13813890516757965,-1.3252440690994263,-1.2847988605499268,-0.6738926768302917,-0.14666855335235596,0.45142143964767456,0.7968400120735168,0.17221005260944366,-0.5340642929077148,0.05999835953116417,0.22021372616291046,-1.293431043624878,0.4012391269207001,0.9273463487625122,-0.5290620923042297,-0.028134897351264954,0.0028521509375423193,-0.0022467125672847033,-4.634388315025717e-4,-6.27024273853749e-5,7.763440225971863e-5,1.2480664008762687e-4,AM7323
-0.11658751219511032,-0.024531370028853416,-0.5515046715736389,-0.5612330436706543,-0.8174635171890259,-0.46625733375549316,0.1014721542596817,-0.79433441162109375,0.5166015625,0.4527988135814667,-0.6875921487808228,0.6253854632377625,0.5091752409934998,0.05620233342051506,-0.5403167605400085,0.8644415736198425,0.17254357039928436,-0.6193219423294067,-0.6953246593475342,-0.13892298936843872,0.09876539558172226,0.08112727850675583,-0.07908723503351212,0.039146751165390015,0.016789639368653297,3.7664591218344867e-4,3.184748347848654e-4,-2.522445865906775e-4,4.7616081428714097e-4,-3.2488154829479754e-4,AM7325
-0.3743111193180084,0.35148072242736816,0.5487208366394043,-0.2065037488937378,0.40487024188041687,0.10571617633104324,-1.0761855840682983,0.9456411004066467,-0.49756574630737305,0.45621857047080994,-1.3608075380325317,0.6151014566421509,-0.48672494292259216,0.49706563353538513,-0.22759754955768585,0.013749300502240658,0.04405580833554268,0.7244954705238342,0.14887113869190216,0.6884943246841431,0.7585639357566833,0.30140259861946106,0.5571486949920654,0.08419278264045715,-1.0677152022253722e-4,0.005113981664180756,7.335430709645152e-4,-6.890366057632491e-5,-1.4839934010524303e-5,-4.961058730259538e-4,AM7327
0.03978368267416954,-0.412740021944046,-0.6796959042549133,0.1751917004585266,-0.45011553168296814,-0.4124383330345154,-0.45891255140304565,-0.9767673015594482,-1.7424553632736206,1.024106740951538,0.48826420307159424,-0.2460986077785492,-1.15916109085083,0.094293974339962,0.861230731010437,0.7616168856620789,-0.82592010498046875,0.05898100137710571,0.6396266222000122,-0.7878139615058899,0.22415323555469513,-0.3195528984069824,0.3447737693786621,0.05144328996539116,0.0021269861608743668,0.00295217614620924,5.900107207708061e-4,-5.484892608365044e-5,7.209357136161998e-5,-3.1051115365698934e-4,AM7328
0.010858064517378807,-0.18045258522033691,-0.8334240317344666,0.026767658069729805,-0.26705673336982727,0.17711447179317474,-0.21843577921390533,-1.3105400800704956,-1.0422452688217163,0.38980525732040405,0.05237172171473503,1.3953899145126343,-1.2554364204406738,0.4196908473968506,0.3674357533454895,1.2023944854736328,-0.8082507252693176,0.013405839912593365,-0.10158703476190567,-0.5005319714546204,-0.27450400590896606,-0.0892193466424942,-0.027772054076194763,0.03655964881181717,2.606587950140238e-4,0.0022228143643587828,4.8135442193597555e-4,-1.5574398730677785e-6,3.2768581149866804e-5,-2.3795418383087963e-4,AM7329
-0.3081088066101074,0.420297235250473,-0.016633989289402962,0.46856689453125,-0.5355746150016785,-0.3191182017326355,-0.11724372953176498,0.5783634185791016,-1.3690311908721924,0.873649001121521,-1.8740103244781494,-1.0673171281814575,-1.7500838041305542,0.35222968459129333,-0.9696484804153442,-0.2047063559293747,0.08884406089782715,-0.21117296814918518,-1.114961862564087,-0.34624260663986206,0.13620568811893463,-0.17490752041339874,0.5288993120193481,0.09684902429580688,0.006215429864823818,0.005216201301664114,0.0010032092686742544,-1.308750215684995e-4,1.888371625682339e-4,-6.075542187318206e-4,AM7332
-0.36441466212272644,0.2486138641834259,0.33202776312828064,0.12020252645015717,-0.9182978272438049,0.07631199061870575,-1.8825827836990356,0.7285992503166199,-0.005358629394322634,0.6017001867294312,0.37173980474472046,-0.10314171016216278,-1.6446239948272705,0.20080700516700745,0.0127959493547678,0.5513869524002075,-0.6652588844299316,-0.08715057373046875,-0.018391083925962448,-0.10849490016698837,-0.9401606917381287,0.419021338224411,0.17837461829185486,-0.021838875487446785,0.00861020851880312,-0.0024695261381566525,-4.5573737588711083e-4,-1.1019146768376231e-4,2.2272902424447238e-4,9.717127977637574e-5,AM7333
-0.1586185097694397,-0.07055331021547318,-0.6365054249763489,-0.4570706784725189,-0.4545879662036896,0.2796083092689514,0.24573567509651184,-0.8350099921226501,0.06123499199748039,0.7793565988540649,-0.31089112162590027,0.7717403769493103,-1.1977471113204956,1.3531383275985718,-0.05312338471412659,0.9272894859313965,-0.43748918175697327,0.6453287601470947,-0.6622047424316406,-0.009074708446860313,0.1163100078701973,-0.6616959571838379,0.5524837970733643,0.04285275191068649,0.004992455709725618,0.0021514666732400656,4.922321531921625e-4,-8.414837793679908e-5,1.3882594066672027e-4,-2.50785902608186e-4,AM7334
-0.20568311214447021,0.1346658170223236,-0.40869587659835815,-0.46510395407676697,-0.3029599189758301,0.6962637901306152,0.5347614288330078,0.07171352207660675,0.9227606654167175,-0.027778062969446182,0.011480514891445637,0.01695370301604271,-0.0308701042085886,-0.2463577687740326,0.4117230176925659,0.5556858777999878,0.48693206906318665,0.7800740599632263,-0.8974477648735046,0.23272645473480225,0.44604161381721497,-0.2539588510990143,0.3308037221431732,0.0027942743618041277,5.089398473501205e-4,1.6006252553779632e-4,-1.1971456842729822e-5,-2.5206189093296416e-5,-3.689277264129487e-6,8.304775292344857e-6,AM7336
-0.29437923431396484,0.10486993193626404,-0.08664914220571518,-0.1359652876853943,-0.37180468440055847,1.3848435878753662,0.1591331660747528,1.0111150741577148,1.2799148559570312,-0.3224615156650543,0.42352136969566345,-1.0345702171325684,0.30843037366867065,0.054008785635232925,0.7052013874053955,-0.43757736682891846,-0.6194952130317688,0.32589825987815857,-0.06614087522029877,-0.17509059607982635,-0.18357613682746887,0.3391919732093811,0.06170821934938431,0.012820044532418251,-0.0017613667296245694,9.236860787495971e-4,6.962432235013694e-5,1.3765969924861565e-5,-4.8261939809890464e-5,-7.71854174672626e-5,AM7337
-0.22672052681446075,0.3345821797847748,0.003206783439964056,0.574057936668396,-1.1504557132720947,-0.5774595737457275,0.14637908339500427,0.6321622729301453,0.19505111873149872,0.3824295699596405,0.34740957617759705,-0.8927878141403198,-0.5596653819084167,-1.4760504961013794,1.2458384037017822,-0.15764111280441284,0.2400277853012085,-0.5887235403060913,-0.6419570446014404,-0.6926788687705994,-0.3753642737865448,-0.41554608941078186,0.10974644124507904,-0.006733430549502373,0.009385925717651844,-0.0014641511952504516,-5.4325391829479486e-5,-1.1481172259664163e-4,2.657358709257096e-4,9.63170805334812e-6,AM7343
-0.13305005431175232,9.831697680056095e-4,-0.4944709837436676,-0.8566874861717224,-0.4793660044670105,-0.21862339973449707,0.09651372581720352,-0.29989656805992126,0.6561206579208374,0.2833212614059448,-0.11180780082941055,0.8045309782028198,0.3243132531642914,-0.6037771105766296,-0.15837818384170532,0.07581574469804764,0.33749911189079285,0.05689584091305733,-0.9752415418624878,0.40256306529045105,4.391753755044192e-4,-0.3243791162967682,-0.30609995126724243,0.04176493361592293,0.007113745901733637,0.0017862155800685287,5.977663095109165e-4,-8.710978727322072e-5,2.2914113651495427e-4,-3.0867496388964355e-4,AM7344
0.1851731240749359,0.12576116621494293,-0.7381505966186523,-0.6547969579696655,-0.2740868628025055,-1.2256133556365967,0.7012171745300293,-0.46818119287490845,-1.2080644369125366,0.21974186599254608,-0.49054840207099915,0.9835264682769775,-1.4364280700683594,-0.7437899708747864,1.365415334701538,0.4961296021938324,0.8252400755882263,-0.038022056221961975,0.4570779502391815,-1.013232707977295,0.06108561158180237,0.18667621910572052,-0.5806023478507996,0.07917115837335587,0.003867985447868705,0.00436165789142251,0.001024847268126905,-6.304842099780217e-5,1.694161182967946e-4,-5.579613498412073e-4,AM7345
-0.13013604283332825,0.19242499768733978,-0.40987157821655273,0.02067897841334343,-0.965888500213623,-0.04303031042218208,1.2146284580230713,0.15531355142593384,0.057360000908374786,-0.3758145868778229,-0.13654734194278717,-0.6421769261360168,-0.25398746132850647,0.21258370578289032,1.1995549201965332,0.11591535806655884,0.13746581971645355,0.03304103761911392,0.29354092478752136,-0.8285491466522217,0.5579429268836975,0.47439494729042053,-0.27419865131378174,0.08443153649568558,0.002754860557615757,0.004758194088935852,9.163505164906383e-4,-8.40863140183501e-5,1.1322693899273872e-4,-5.666079232469201e-4,AM7346
-0.16499154269695282,-0.0232110433280468,-0.48588013648986816,-1.0318846702575684,-0.046060703694820404,0.3266048729419708,-0.31180572509765625,-0.09854667633771896,0.5300299525260925,-0.016480622813105583,-0.05100620910525322,1.2295334339141846,-0.13448983430862427,0.06561229377985,-0.2747977077960968,-0.1457887589931488,-0.7927338480949402,-0.21315915882587433,-0.6850585341453552,0.11117544025182724,0.06858349591493607,-0.22587423026561737,0.01748846471309662,0.00887890812009573,0.003223037114366889,2.055949589703232e-4,1.2929053627885878e-4,-4.3096493755001575e-5,9.320968092652038e-5,-6.512706022476777e-5,AM7353
-0.22260937094688416,-0.17558147013187408,-0.43551191687583923,-0.7747361063957214,-0.5365999341011047,0.4060926139354706,-0.5806643962860107,-0.461454838514328,0.6529937386512756,-0.6069925427436829,-0.020966719835996628,1.2568330764770508,0.42883312702178955,0.2538279891014099,-0.7679715752601624,-0.5715063810348511,-1.5375601053237915,-0.34117668867111206,-0.12835365533828735,0.764617383480072,0.22907768189907074,-0.48810499906539917,0.5116045475006104,-0.028180237859487534,0.005708596203476191,-0.002317339414730668,-4.0919450111687183e-4,-8.275453001260757e-5,1.2013368541374803e-4,1.9581610104069114e-4,AM7354
0.13646218180656433,-0.18446564674377441,-0.5515307784080505,0.6595881581306458,1.4649226665496826,1.6147232055664062,-0.045433010905981064,0.2852820158004761,-0.1499425619840622,-0.26487573981285095,0.6383721828460693,1.5404709577560425,0.5197853446006775,0.4476768374443054,-0.8605350255966187,0.28959858417510986,-1.8086743354797363,-0.5384833216667175,0.8657814264297485,0.22944822907447815,0.12135966122150421,0.2523638904094696,-0.1141577661037445,0.024175472557544708,8.516035159118474e-4,0.0013352270470932126,2.3516795772593468e-4,-2.406986641290132e-5,3.089655001531355e-5,-1.6558893548790365e-4,AM7356
0.13016746938228607,-0.06768445670604706,-0.42025020718574524,0.881726086139679,2.7616050243377686,2.544118881225586,0.9000068306922913,1.263249158859253,0.020625028759241104,1.401123285293579,-2.09238862991333,-0.11168605834245682,-0.37827208638191223,-3.534214735031128,0.7091315388679504,1.3375331163406372,-0.957733154296875,-0.5173369646072388,0.41841429471969604,0.13902370631694794,0.4034575819969177,0.3180218040943146,0.36592361330986023,-0.07296014577150345,0.0015968859661370516,-0.00473366305232048,-0.0010810773819684982,-4.286546754883602e-5,-1.6841668184497394e-5,4.791898827534169e-4,AM7359
-0.24779579043388367,-0.19624930620193481,-0.6211633682250977,-0.009635970927774906,-0.42211559414863586,0.4611091911792755,0.9318909049034119,-0.4451731741428375,0.45358318090438843,1.3383054733276367,-2.065152168273926,-1.427762746810913,0.41563737392425537,0.3135698139667511,-1.2126221656799316,0.4239237904548645,0.0955730602145195,0.4231906831264496,-0.11225515604019165,0.7125658392906189,0.03740042448043823,-0.7092310190200806,-0.24350164830684662,0.04127892851829529,-0.0016953687882050872,0.0028896064031869173,7.486307295039296e-4,4.956709744874388e-5,-9.613962902221829e-6,-2.584616304375231e-4,AM7361
-0.20919206738471985,-0.5298963189125061,-0.44738492369651794,-0.3133964538574219,0.2901410162448883,0.6084507703781128,-0.3762436509132385,-0.36088526248931885,-0.5928097367286682,0.9373674988746643,-0.3254399299621582,-0.8918004631996155,0.34792378544807434,0.08182452619075775,-0.8908156156539917,-1.1799061298370361,-2.45951771736145,0.2882327437400818,0.3258194923400879,-0.44950196146965027,0.0609661228954792,-0.20467409491539001,-0.4420953094959259,-0.02198108099400997,-1.0953906894428656e-4,-0.0012852754443883896,-8.344592788489535e-5,2.630796552693937e-5,1.5169805010373238e-5,1.1640412412816659e-4,AM7362
0.04280981421470642,-0.6231189370155334,0.14241935312747955,-0.3686087429523468,-0.033381637185811996,-0.43737587332725525,1.0310553312301636,1.2510037422180176,-0.734374463558197,-1.9202594757080078,-0.9622923731803894,0.29899537563323975,-0.13404053449630737,-0.1174287423491478,0.23347139358520508,0.8949376344680786,-1.3853942155838013,-0.2678260803222656,-0.260501891374588,-0.4412762522697449,0.4672340452671051,-0.0047861612401902676,0.26838448643684387,0.00293188588693738,-0.004334543831646442,6.942878826521337e-4,-9.874518582364544e-6,3.478043436189182e-5,-1.3280742859933525e-4,1.9762290321523324e-5,AM7365
0.0671100839972496,-0.18183010816574097,-0.6837553381919861,-0.04336798936128616,-0.18663252890110016,-0.22102323174476624,-0.5639217495918274,-0.6920642256736755,-0.43215733766555786,-0.12414399534463882,0.33621829748153687,0.24448531866073608,0.66043853759765625,-0.23091620206832886,-1.347985029220581,-0.5970630645751953,-0.4478033185005188,-0.2000066488981247,-0.10055722296237946,-0.4907093048095703,-0.4881173074245453,0.41830915212631226,-0.7287894487380981,-0.0447988398373127,-0.005145908333361149,-0.0022063388023525476,-3.806254535447806e-4,1.1072694906033576e-4,-1.2235846952535212e-4,2.515117812436074e-4,AM7372
-0.0536138117313385,-0.8639792799949646,0.29980871081352234,0.5942255854606628,-0.6330021619796753,0.15955883264541626,0.23992294073104858,-0.16849784553050995,0.6441299319267273,0.08739225566387177,-0.8737889528274536,0.06831488758325577,0.1284819096326828,0.05757993832230568,-0.6635937094688416,-1.3134502172470093,0.9885683655738831,0.4902201294898987,0.13470745086669922,0.2694328725337982,-0.13177460432052612,0.2119564712047577,-0.14915058016777039,-0.01957087405025959,6.104855565354228e-4,-0.0013116018380969763,-2.5372946402058005e-4,-3.4202267329419556e-7,1.1383366654627025e-5,1.0933535668300465e-4,AM7373
0.12020339071750641,-0.7699292302131653,0.40474340319633484,1.1174145936965942,-0.6579102277755737,-0.06062301620841026,-0.5672547221183777,-0.22861361503601074,1.5760217905044556,0.8818957805633545,-0.055418889969587326,0.2536909282207489,0.08831143379211426,-0.21054625511169434,-0.04345477744936943,-0.793190598487854,0.8901665210723877,0.4711548984050751,0.19387780129909515,0.21667954325675964,-0.1745864450931549,-0.09545384347438812,0.17599695920944214,0.02744622901082039,0.0017633328679949045,0.0014867850113660097,2.934866352006793e-4,-2.8553466108860448e-5,5.389497528085485e-5,-1.71626903465949e-4,AM7380
0.04906867817044258,-0.30843761563301086,-0.2864763140678406,0.05028549209237099,0.5008045434951782,-0.3104715943336487,-0.4655255377292633,0.08425650745630264,-0.4003066122531891,1.6307011842727661,-0.2099388688802719,-1.7327803373336792,0.28318920731544495,-1.046248435974121,0.20075643062591553,-0.7180658578872681,0.29562896490097046,0.4276629686355591,0.08152539283037186,0.20994438230991364,0.06724786013364792,-0.26086100935935974,-0.12160971015691757,0.03761732205748558,-0.00408955430611968,0.002854399150237441,5.790441064164042e-4,6.216837937245145e-5,-8.74456309247762e-5,-2.2444511705543846e-4,AM7382
0.10532011836767197,-0.7402665019035339,0.13108517229557037,0.6872832179069519,-0.017639178782701492,-0.06972574442625046,0.2956191301345825,0.41721269488334656,-0.2907504141330719,-0.43982669711112976,-0.3919251263141632,-0.8151993155479431,0.20522785186767578,0.20015981793403625,0.10568041354417801,1.0439739227294922,0.7489561438560486,-0.37365153431892395,-0.5861618518829346,0.1910334825515747,-0.018326109275221825,-0.05650809407234192,-0.22082844376564026,-0.04389454796910286,-0.0033845033030956984,-0.002268353011459112,-4.2098131962120533e-4,6.978082819841802e-5,-1.0046009992947802e-4,2.811431768350303e-4,AM7383
0.051305945962667465,-0.7842602729797363,0.2657613754272461,0.6703299880027771,-0.34713828563690186,0.6476103663444519,0.1306397169828415,-0.33206573128700256,0.21980978548526764,-0.24849577248096466,-0.06678877025842667,1.2003573179244995,-0.5922592878341675,0.044626131653785706,0.28779688477516174,-1.3387506008148193,1.4489312171936035,0.6261125802993774,0.19864290952682495,0.03382661193609238,0.12835431098937988,0.33143526315689087,-0.28747791051864624,0.004782413132488728,8.943084394559264e-4,1.280353171750903e-4,3.152398130623624e-5,-1.7519581888336688e-5,3.1892188417259604e-5,-5.414808765635826e-5,AM7384
0.015368008986115456,-0.6846537590026855,0.3318168818950653,-0.33070918917655945,-0.3987507224082947,-0.39209768176078796,0.14712393283843994,0.6981443166732788,-0.23085279762744904,-1.8009231090545654,-0.7601785063743591,-0.399412602186203,0.8151296377182007,-0.8354001045227051,-0.15152324736118317,0.40849074721336365,-0.06406288594007492,-0.26453346014022827,-0.8214658498764038,-0.3080922067165375,0.08964601159095764,-0.020540012046694756,-0.07874852418899536,-0.01911669597029686,-0.0023962589912116528,-8.806521655060351e-4,-1.7952165217138827e-4,3.7952362617943436e-5,-6.840557034593076e-5,1.2753382907249033e-4,AM7385
-0.04987373575568199,-0.403856486082077,-0.34405937790870667,-0.2705111801624298,0.456652969121933,0.02942625805735588,0.11416587978601456,0.0939401388168335,-0.9597378373146057,0.7635771036148071,0.35055407881736755,-0.9846301078796387,0.32242727279663086,-0.6893283724784851,-0.15811555087566376,-1.284313678741455,0.05373567342758179,0.20891351997852325,-0.26745879650115967,-0.0261809341609478,0.2359900027513504,0.014272400178015232,0.01578943431377411,-0.004142418969422579,-0.006338910665363073,5.037382943555713e-4,-1.1660889867926016e-5,8.302896458189934e-5,-1.7869609291665256e-4,5.635116031044163e-5,AM7386
0.1522018164396286,-0.7907878160476685,0.0789271891117096,0.9032812714576721,-0.2477361410856247,-0.4469464123249054,-0.07949062436819077,0.22484701871871948,-0.35608965158462524,-0.9461207389831543,0.4640258848667145,0.09042631089687347,0.9179929494857788,-0.18437033891677856,0.007614457979798317,1.2924305200576782,0.23423214256763458,-0.2274337112903595,0.18771791458129883,-0.007278845179826021,-0.25755545496940613,0.00664858240634203,-0.6561180353164673,0.007372631691396236,0.005064924713224173,-1.4181209553498775e-4,2.2725475719198585e-4,-4.1185630834661424e-5,1.758477301336825e-4,-1.1008194996975362e-4,AM7387
-0.08899249136447906,-1.1317440271377563,0.20563377439975739,0.9890747666358948,-0.468046098947525,1.23251473903656,0.4308899939060211,-0.4862688481807709,-0.17704597115516663,0.09182145446538925,-0.40010973811149597,1.1399587392807007,-1.3387959003448486,0.5349166989326477,0.22188518941402435,-1.3763777017593384,0.906730592250824,0.8319212198257446,0.1801604926586151,-0.1841275840997696,0.17520484328269958,0.0971580520272255,0.12016375362873077,-0.019246218726038933,-2.0185086759738624e-4,-0.001178316306322813,-2.891352924052626e-4,-6.824522643000819e-6,-2.2086325770942494e-5,1.3057803153060377e-4,AM7388
-0.056432802230119705,-0.8255810141563416,0.33724546432495117,0.21465373039245605,-0.4539472460746765,0.056757066398859024,1.3481208086013794,0.45229777693748474,0.3397793173789978,-0.018331008031964302,-0.16703152656555176,1.3654675483703613,-0.4108611047267914,-0.2882325053215027,0.12436679005622864,-1.2313451766967773,0.49257028102874756,0.4289667308330536,0.3932265341281891,-0.061887141317129135,0.2050219178199768,0.3773542046546936,-0.24909111857414246,-0.007033710367977619,0.006266673095524311,-0.001249841065146029,-1.7909020243678242e-4,-9.745825082063675e-5,1.7047650180757046e-4,5.51075572730042e-7,AM7409
0.02425765059888363,-0.47129586338996887,0.23661893606185913,-0.4424267113208771,0.30450716614723206,-0.553287923336029,-0.20152029395103455,1.1336590051651,-0.12911731004714966,-0.6701388359069824,-0.46514081954956055,-0.8157719373703003,0.4720339775085449,0.025210697203874588,0.7790234684944153,0.6967000365257263,-0.4825536906719208,-0.11311611533164978,0.07351698726415634,0.16152524948120117,-0.2273504137992859,-0.3210383653640747,0.13216838240623474,0.04913148283958435,0.008320887573063374,0.0020773871801793575,5.699318135157228e-4,-1.1670481035253033e-4,2.4928306811489165e-4,-3.375302767381072e-4,AM7416
0.22186680138111115,-0.629869818687439,0.12952803075313568,1.5112478733062744,-0.7155578136444092,-0.04698711633682251,-0.1923181265592575,-0.7999919652938843,1.2291271686553955,0.09108563512563705,-0.3956015706062317,0.28225842118263245,0.07621995359659195,0.6293277144432068,-0.056004852056503296,-0.346508264541626,-1.6758273839950562,-0.21268434822559357,0.5268473625183105,0.4499039649963379,0.2610861659049988,-0.2830137610435486,0.21385277807712555,0.016869796440005302,-0.001727679860778153,0.0012991330586373806,2.179894654545933e-4,1.6004796634661034e-5,-5.1533657824620605e-5,-7.976590131875128e-5,AM7419
0.09930185228586197,-0.2577504515647888,-0.38067811727523804,-0.23978303372859955,0.3013521432876587,-0.09732884168624878,-0.6094578504562378,-0.7759767770767212,-1.6713347434997559,-0.6727705001831055,-0.2665849030017853,-1.1274588108062744,0.4777291715145111,0.7115311622619629,0.4825718104839325,-1.0510355234146118,0.13348311185836792,-0.2680138051509857,0.38558489084243774,-0.1163884848356247,0.6085900664329529,-0.008596819825470448,-0.07435927540063858,0.04440968856215477,-9.558343444950879e-4,0.002846650080755353,5.366457044146955e-4,-1.2382502973196097e-5,-1.1006037311744876e-5,-2.762700605671853e-4,AM7420
-0.016631117090582848,-0.7400035858154297,0.4047473967075348,-0.3119114637374878,-0.5882102847099304,-0.041255541145801544,-0.4631294012069702,0.574802041053772,0.36954429745674133,-1.256096601486206,-0.5741905570030212,0.5246962308883667,-0.07583678513765335,0.0916537493467331,0.26320981979370117,0.616320013999939,-0.8681238293647766,-0.44437143206596375,-0.06323539465665817,0.14820422232151031,-0.08790792524814606,-0.05099521204829216,0.3293326497077942,-0.03367699310183525,-0.006420506630092859,-0.0012944575864821672,-4.1804881766438484e-4,9.173955186270177e-5,-2.038816164713353e-4,2.607959904707968e-4,AM7426
0.05888599902391434,-0.7090260982513428,0.12800806760787964,0.09428288042545319,-0.5217394828796387,-0.21101443469524384,0.28790199756622314,0.3203883469104767,-0.6997181177139282,-1.6760163307189941,-1.1024285554885864,-0.07028497010469437,0.17327383160591125,0.600235641002655,-0.6446956396102905,1.2887003421783447,-0.4715782105922699,-0.707473635673523,-0.002553291618824005,0.32540789246559143,0.1317715048789978,0.07960785180330276,0.17640624940395355,-0.07688366621732712,-0.011182497255504131,-0.003393036313354969,-8.959798142313957e-4,1.6501237405464053e-4,-3.513538104016334e-4,5.475077778100967e-4,AM7427
-0.03261936083436012,-0.5463371276855469,0.1490292251110077,-0.3766798675060272,-0.07032721489667892,0.08382564038038254,-1.9694420099258423,0.5678835511207581,-0.06325098127126694,0.28777721524238586,0.7921892404556274,-0.8629347085952759,-0.14039508998394012,0.05393197014927864,0.5590214729309082,0.7654691934585571,0.3682778477668762,0.4185372292995453,0.24630106985569,0.049604713916778564,-0.1380295753479004,0.21219122409820557,0.0778258815407753,-0.05008115991950035,3.993731806986034e-4,-0.0031648839358240366,-6.716852658428252e-4,3.078094579223034e-8,-1.6277985196211375e-5,3.1713725184090436e-4,AM7492
-0.3354834318161011,0.07338760793209076,0.27650371193885803,-0.49140191078186035,-0.722050130367279,2.9183812141418457,0.060252703726291656,-0.1354905068874359,-0.8465332388877869,-0.33185744285583496,0.7828671336174011,-0.8983222246170044,-0.517111599445343,1.1162385940551758,-0.06687237322330475,0.24195891618728638,0.17277462780475616,0.20214737951755524,0.19273634254932404,-0.4860954284667969,-0.7676445245742798,0.6092243790626526,-0.12197642773389816,-0.10841468721628189,-0.00463104760274291,-0.006225772202014923,-0.0013433051062747836,9.675750334281474e-5,-1.636650849832222e-4,6.842722068540752e-4,AM7493
-0.1090693324804306,0.4503536820411682,0.058251239359378815,-0.42944496870040894,-0.8799324631690979,1.8789145946502686,0.0764707624912262,-0.29306504130363464,-0.11691711843013763,-0.8416246175765991,0.2592306435108185,-0.7986663579940796,0.3225860297679901,0.4505428671836853,0.7170799970626831,0.1276005655527115,0.7565974593162537,0.706296980381012,1.1104496717453003,-0.08066001534461975,-0.26286157965660095,0.02073139324784279,0.32323357462882996,-0.002892368007451296,-0.003131239442154765,1.8162545165978372e-4,-8.749592961976305e-5,4.035577512695454e-5,-9.80126642389223e-5,4.762822936754674e-5,AM7495
-0.07655055075883865,0.6487568616867065,0.6436780691146851,0.08211801946163177,-0.8591824769973755,-0.07881329208612442,-1.7191777229309082,-1.1158274412155151,-1.3631988763809204,-0.901308536529541,0.046936456114053726,0.5672143697738647,1.4928456544876099,-2.141427755355835,-0.6178898811340332,-0.21303242444992065,-0.33223068714141846,-0.704875111579895,0.11526979506015778,0.2519010305404663,-0.010067722760140896,0.7775224447250366,1.7512116432189941,0.048484448343515396,0.0070883226580917835,0.0019255472579970956,-1.6273435903713107e-4,-2.0327877427916974e-4,1.1413049651309848e-4,-2.4411625054199249e-4,AM7589
0.031435687094926834,0.5312533378601074,0.1142362654209137,0.7903503179550171,-1.1578408479690552,0.5174487829208374,0.3435116410255432,-0.9235658049583435,-1.9059712886810303,-0.8908161520957947,0.5729297995567322,-0.13244231045246124,0.7128393650054932,-0.9471309781074524,-0.2768212556838989,0.18055759370326996,-0.019729847088456154,-0.4577104151248932,0.6342030763626099,0.08104833215475082,-0.2402011603116989,-0.7176951169967651,-0.526782751083374,-0.06638143211603165,-0.0033204262144863605,-0.003517050761729479,-4.194588982500136e-4,1.1386804544599727e-4,-7.712178921792656e-5,4.1184399742633104e-4,AM7591
0.13429249823093414,-0.08844000846147537,-0.6092371344566345,-0.070340096950531,0.19319410622119904,0.028867511078715324,-0.507795512676239,-0.7293948531150818,-1.177708625793457,-0.28896060585975647,0.6643439531326294,1.121253252029419,-0.2449137270450592,-0.4307391047477722,0.30924734473228455,-0.020478680729866028,0.6157042384147644,-0.3845270872116089,0.4521752595901489,-0.4695734977722168,-0.3575800955295563,0.14989148080348969,-0.07731638848781586,0.03901483118534088,-0.0016970335273072124,0.002559904009103775,4.7935397014953196e-4,2.2751191863790154e-5,-2.078675061056856e-5,-2.521844580769539e-4,AM7628
-0.08556176722049713,0.5279484391212463,0.4695287346839905,0.24256116151809692,-0.7219752073287964,0.8985087871551514,-0.37986478209495544,-0.13728970289230347,-1.8950732946395874,-1.0924341678619385,0.4826495349407196,0.48962661623954773,-0.145882710814476,-1.4765397310256958,-0.30551037192344666,-0.5330134630203247,0.37394267320632935,-0.6899687647819519,-0.7591596841812134,0.4824056923389435,-0.41084975004196167,-0.41334351897239685,0.35368964076042175,-0.06329217553138733,-0.005955004133284092,-0.003094244981184602,-6.760488031432033e-4,1.1395485489629209e-4,-1.9616443023551255e-4,4.5050287735648453e-4,AM7629
0.08801914006471634,0.6093235611915588,-0.10927851498126984,-0.1971970498561859,-0.8528413772583008,0.7597523927688599,0.6794430613517761,-0.32932573556900024,0.06691275537014008,-0.9737094640731812,0.6274476051330566,-0.6276648640632629,1.375230312347412,-0.7851828336715698,0.5008230209350586,0.9421761631965637,-0.14755676686763763,0.5848479866981506,1.2378323078155518,0.2511104345321655,0.03719090297818184,0.0657719150185585,-0.7095569968223572,0.04961331933736801,-0.0029169460758566856,0.003398127155378461,7.816240540705621e-4,5.5846699979156256e-5,-2.831349047482945e-5,-3.4504238283261657e-4,AM7633
0.14358144998550415,0.29439154267311096,-0.26751431822776794,-0.07950431108474731,-0.6929776072502136,0.5822346210479736,-0.20040667057037354,-1.0969326496124268,0.5017079710960388,0.4835744798183441,1.074578881263733,0.22380299866199493,1.3454570770263672,-0.39171719551086426,0.16903746128082275,1.0354440212249756,0.2719475030899048,0.1771184653043747,-0.14852504432201385,0.9320697784423828,0.3360355794429779,-0.7464587688446045,0.2653972804546356,0.031656377017498016,-0.004743651486933231,0.0026639034040272236,5.201617022976279e-4,6.873050006106496e-5,-1.259083510376513e-4,-1.500574144301936e-4,AM7634
