V1
1.0559888436847589
0.22905410025179926
0.16982549973827551
0.07589700903496184
0.04930208633563706
0.030150964151333587
0.019369722941229888
0.015433375451546216
0.013530141395923451
0.011518991413310432
0.009512897301831635
0.007757358132827003
0.007228578651603599
0.006219935302650496
0.005771558447597321
0.004616951403092207
0.0048799223096353
0.0040510715905252796
0.0035651853470969274
0.0030128945413353536
0.002758108931162086
0.00251442159056963
0.002668849658847744
0.0020963184367073753
0.002083654585671123
0.0020813206426636434
0.0020810159686602855
0.0020809061492783444
0.0020807733507086715
0.0020807075523245435
0.0020806440040205803
0.002080560908249156
0.002080496180053332
0.0020804716108131444
0.0020803883967302197
