V1
5.86069424072028
2.666236099262738
2.32115057414429
1.423600026576014
1.1016886146803553
0.7614332424484422
0.5042571414419315
0.3910177592539989
0.3344359190994837
0.2706825106209693
0.2111332979087338
0.16301045507634662
0.1479091972469866
0.1219869175750456
0.11285609517583503
0.08990698538219231
0.09154351965563623
0.07816657539818082
0.06935382397932592
0.06115610666391693
0.05711059524371031
0.054463270004698514
0.05451833513436171
0.04840479782571344
0.04660374646519426
0.04486050527792545
0.04371567932118494
0.04304588592850082
0.041901035050382694
0.04139615048836021
0.04093217890964735
0.04016832006923544
0.03968480325636289
0.03948801632158487
0.03884952389533819
0.03825631280092967
0.03783993751467838
0.03748123482584696
0.036832224149621916
0.0367560652401089
0.03637133548500063
0.036094721933129674
0.03593110253852916
0.03548797110970711
0.03503508767826589
