V1
1.0637522205074104
0.23068669693133032
0.17096790577212503
0.07630321317667167
0.0495078329076645
0.03023030216925113
0.019393319579038074
0.015442814505726725
0.01353426143886819
0.011518891194233383
0.009510137788598385
0.007753218243345241
0.00722401535367814
0.006214898002690189
0.005766228427675081
0.004611532758341286
0.004874192202452715
0.004045418364320368
0.0035592855446821333
0.003006821690004832
0.002751778540947696
0.00250794524523645
0.0026625008755019205
0.00209434082495221
0.002083592844542342
0.002081417945649126
0.0020811220987628602
0.0020810113430614007
0.002080891877574364
0.0020808272609199774
0.00208076476233003
0.00208067293717451
0.002080614411124785
0.0020805801953883733
0.002080509125370294
0.0020804239270084076
0.0020803717547124376
0.002080322886834003
0.0020802481366295395
