V1
1.5537214237524524
0.38776335650407395
0.2936621121065229
0.1328443596295425
0.0841847945903408
0.047681583410394406
0.02713477633818189
0.02002318663992468
0.01681387185477511
0.0136659301891921
0.010767731571703356
0.008475160954151352
0.007820260962547447
0.006624297818467595
0.0061113936142762814
0.004828419658452081
0.005109445801017274
0.004212395869568962
0.003695571021436071
0.0031204162815109144
0.002861195852034402
0.0026170582071026838
0.002761096248235765
0.0021814696773185074
0.0021393936952522215
0.0021204080931410997
0.0021181107910013906
0.002117257750608773
0.002116120019549312
0.0021155661586372467
0.002115082348337823
0.002114304592005286
0.0021138064953619856
