V1
5.875679170754364
2.683051241029158
2.3378928647946253
1.4374488605684845
1.114529983572902
0.77232656550057
0.5130455369527169
0.3986224666878794
0.3413829794420787
0.2767229953535151
0.2162851423701793
0.16733140906851354
0.15193868990090287
0.12548400135108412
0.11618453487061793
0.09273546157510268
0.09437581605313032
0.08071815708978133
0.0716874214683104
0.06328319346156068
0.059127009143525165
0.05641677791381626
0.05645919617839059
0.05019368042982781
0.04833461186823958
0.04651932046698197
0.045333934917379755
0.04463553016738749
0.043449082526306644
0.04292142881936599
0.042439157142124
0.04164525973479234
0.04114740392237992
0.04093763461883675
0.04027915329023219
0.03966061297058058
0.039227196808839765
0.038856687505336156
0.038183913170867494
0.03810411171163183
0.0377037319206899
0.0374147133034651
