V1
1.0579550358818517
0.22948398297104958
0.17011425219682536
0.07600002551270388
0.04935309535616562
0.030170584232812905
0.01937600088223246
0.015435756401171861
0.013530708468936004
0.011519134152582301
0.009512385035033884
0.007756382185506491
0.007227496070071069
0.006218677572631974
0.0057701762467651935
0.004615612695892918
0.004878517572630814
0.004049637972771103
0.0035637022655523715
0.0030113747217846514
0.0027565098654922784
0.0025127841960229332
0.0026672616344514998
0.0020957896361386073
0.002083656838099075
0.0020813355812536755
0.0020810388326367958
0.0020809337682244438
0.0020808062514613207
0.0020807411116229853
0.002080686016809566
0.002080585611704107
0.00208052141036088
0.0020804928777023455
0.0020804182473657166
0.0020803445469076494
