PEER1,PEER2,PEER3,PEER4,PEER5,PEER6,PEER7,PEER8,PEER9,PEER10,PEER11,PEER12,PEER13,PEER14,PEER15,PEER16,PEER17,PEER18,PEER19,PEER20,PEER21,PEER22,PEER23,PEER24,PEER25,PEER26,Donor
-0.03233690559864044,-0.34335091710090637,-0.2674053907394409,-0.20047800242900848,0.4299158453941345,0.5881104469299316,-0.547137439250946,-0.1327217072248459,-0.546518087387085,-0.2582824230194092,0.8603532910346985,0.09613917022943497,0.9715129137039185,0.05333917587995529,-0.6378613114356995,-1.2970560789108276,0.7530394196510315,0.28704535961151123,0.17459702491760254,0.10845804959535599,0.042400117963552475,0.057908158749341965,-0.20997019112110138,-0.008021367713809013,-4.1814681026153266e-4,-4.263552837073803e-4,AM7180
0.2171257734298706,-0.34235456585884094,0.22211134433746338,-0.12657247483730316,0.26633790135383606,-0.7505420446395874,-0.15936945378780365,1.036373257637024,-0.098860964179039,-1.731428861618042,-0.8039936423301697,-0.2278568297624588,0.4502190351486206,-0.04074976593255997,-0.059212930500507355,0.7733465433120728,0.4207778871059418,0.2472616285085678,-0.38386625051498413,-0.002023897599428892,-0.3493640124797821,-0.3936486542224884,-0.09419095516204834,0.029058976098895073,-0.002850292017683387,0.0021077876444905996,AM7181
0.08128148317337036,0.05649859085679054,-0.5857239365577698,-0.5182511210441589,0.13818557560443878,-0.4584711492061615,0.17794254422187805,0.0736716166138649,-0.23531046509742737,-0.6687527298927307,0.4725111722946167,1.2643458843231201,0.9930334687232971,-0.9235539436340332,-0.7982442378997803,-0.43510666489601135,0.6596551537513733,-0.27319052815437317,0.12284806370735168,-0.22123023867607117,-0.3171228766441345,0.2858966886997223,-0.5688469409942627,0.0038392336573451757,5.8637501206249e-4,1.1063137208111584e-4,AM7182
0.10213320702314377,0.32545211911201477,-0.47499677538871765,-0.22582948207855225,0.49554452300071716,0.1454956978559494,-0.14658860862255096,-0.17824652791023254,0.8559643626213074,-0.5861279964447021,-0.2509292960166931,1.2673066854476929,0.4067411422729492,-0.051735423505306244,0.3665820360183716,-0.3987644612789154,2.167543888092041,0.0746932178735733,-0.5660319328308105,0.5824114680290222,-0.10075993835926056,-0.32774534821510315,-0.022859252989292145,0.052498094737529755,0.004946792032569647,0.002568464959040284,AM7188
0.09091851115226746,-0.27761733531951904,-0.1343359500169754,-0.23748545348644257,0.7533887028694153,0.10151776671409607,-0.9467166662216187,0.14283625781536102,-0.9296322464942932,-0.48004475235939026,0.42537233233451843,-0.8305509686470032,0.27316203713417053,0.42858514189720154,0.9485288858413696,-1.0432322025299072,1.0356258153915405,0.21068577468395233,0.24134503304958344,-0.08093228936195374,0.36037516593933105,-0.04803173616528511,0.3919720947742462,0.07657788693904877,0.011335702612996101,0.0031737054232507944,AM7189
0.08526158332824707,0.6108112335205078,-0.36755338311195374,-0.07964794337749481,-0.1267179697751999,-0.07078609615564346,-0.5654020309448242,-0.15259003639221191,1.6063636541366577,-0.7922448515892029,-1.279897689819336,-0.8752450346946716,0.708107590675354,0.13039621710777283,-0.6205350756645203,-0.3775627911090851,0.9862458109855652,0.36324185132980347,-0.42965614795684814,0.20619240403175354,0.4344092011451721,0.47163230180740356,-0.5006783604621887,-0.029919488355517387,-0.006207001395523548,-0.0011051131878048182,AM7196
0.07359662652015686,0.14415784180164337,-0.4734911024570465,-0.697584867477417,0.3440493047237396,0.284812331199646,-1.4662736654281616,-0.83658766746521,0.5372949838638306,-0.909329891204834,-0.4088445007801056,0.9325111508369446,0.05587609484791756,-0.3218819797039032,0.15330655872821808,-0.9017899632453918,0.3590944707393646,-0.138148233294487,-0.6355358958244324,-0.1397879421710968,-0.061344243586063385,0.30531424283981323,-0.34553006291389465,-0.026313133537769318,-0.0031078262254595757,-0.0012328163720667362,AM7197
0.4450000524520874,0.009778685867786407,0.12866543233394623,0.29537731409072876,0.9545517563819885,-0.6654585003852844,-0.8341314196586609,1.12366783618927,0.9122413992881775,-0.27591705322265625,0.579909086227417,-0.6757679581642151,0.17782869935035706,1.0336740016937256,0.15653985738754272,0.3735165596008301,-0.7672131657600403,0.5395808815956116,-0.41895976662635803,-0.02116822823882103,-0.16097073256969452,-0.022268109023571014,0.20369642972946167,0.08116955310106277,0.012514956295490265,0.0033006404992192984,AM7203
0.08719835430383682,0.6020677089691162,0.15118050575256348,1.0935335159301758,0.7553501129150391,0.35262277722358704,-0.9334810376167297,0.5965051054954529,0.013436653651297092,-0.6437222957611084,-0.23689724504947662,1.0336666107177734,-0.15390217304229736,1.412954568862915,-0.5207892656326294,-0.4145566523075104,0.15849308669567108,-0.5729356408119202,-0.7584193348884583,-0.31408005952835083,0.36193859577178955,0.2993747293949127,-0.41258475184440613,0.1433870941400528,0.00998913124203682,0.007195129059255123,AM7204
0.23788712918758392,-0.20085427165031433,-0.00861782394349575,0.21124598383903503,1.0570746660232544,-0.037848010659217834,-0.9775315523147583,0.5305826663970947,-0.1587325930595398,-0.9509271383285522,0.3458119034767151,-0.860741913318634,0.43811309337615967,0.672332227230072,0.3087290823459625,0.005089079961180687,0.5313440561294556,0.5121379494667053,-0.21801716089248657,-0.05408979207277298,0.07253741472959518,0.03540361300110817,-0.017316604033112526,0.037881482392549515,0.011165106669068336,9.173243888653815e-4,AM7205
0.4967576861381531,0.18096256256103516,0.4497388005256653,-0.6467593312263489,-0.36105474829673767,0.6089065074920654,0.026100026443600655,-0.519347071647644,-1.452974557876587,0.7319130897521973,0.47077879309654236,-2.0198004245758057,0.7298024296760559,1.1898443698883057,-1.1830573081970215,0.22589778900146484,0.40770915150642395,-0.40327411890029907,-0.13590948283672333,0.6258759498596191,0.5656492114067078,0.07248897850513458,-0.0536513589322567,-0.09901992976665497,0.0031017872970551252,-0.006164027377963066,AM7208
0.5613974332809448,0.31823471188545227,0.37991034984588623,-0.6448031067848206,0.6279566884040833,1.3797603845596313,0.49271947145462036,-0.3092890679836273,-1.7057461738586426,0.8295145630836487,-0.2386166900396347,-1.2581590414047241,0.08064641058444977,0.8286888003349304,-0.0853133276104927,0.18534763157367706,0.9102917313575745,-0.6490622162818909,-0.13082905113697052,0.6227644085884094,0.7840275168418884,0.2209179401397705,-0.1725258082151413,-0.04460728168487549,0.006177967879921198,-0.0033566365018486977,AM7209
0.5687009692192078,0.18734854459762573,0.800663948059082,-0.38394734263420105,0.24541787803173065,1.3615773916244507,0.6874475479125977,0.09518380463123322,0.10431969165802002,1.2317044734954834,-0.6056784391403198,0.42760205268859863,-0.5807230472564697,0.19766926765441895,-0.39547431468963623,0.09417732059955597,-0.41945597529411316,0.22123320400714874,-0.3111039102077484,-0.07046527415513992,-0.4375571012496948,0.038673415780067444,-0.10912874341011047,0.07316721975803375,0.0014361644862219691,0.004110462032258511,AM7211
0.701103150844574,0.2542635500431061,0.8304808735847473,-0.43261954188346863,-0.22776758670806885,0.8216355443000793,0.31012052297592163,-0.2650768458843231,0.48789528012275696,0.8216350078582764,-0.1955033540725708,0.8622510433197021,-0.9810404777526855,-0.17023372650146484,0.237713024020195,0.21669507026672363,-0.3701418936252594,0.2241944819688797,-0.14222948253154755,-0.6717537641525269,-0.4336682856082916,-0.04200657457113266,0.08738686144351959,0.062078095972537994,8.159645367413759e-4,0.003539157332852483,AM7213
0.40871915221214294,-0.08014237135648727,0.9370777606964111,-0.7662486433982849,-1.445744514465332,-0.40117543935775757,0.9750705361366272,0.004969045519828796,0.8269799947738647,1.7126110792160034,0.13874199986457825,0.26598286628723145,0.5714547038078308,-1.1200467348098755,-0.3706091642379761,-0.6599122285842896,-0.5185535550117493,-0.26214560866355896,0.4577043652534485,0.021693121641874313,-0.01851765438914299,-0.048282843083143234,-0.044023703783750534,0.001865016296505928,0.005249026231467724,-4.899172345176339e-4,AM7214
0.7104801535606384,0.3347264528274536,0.8640522956848145,-0.665225625038147,-0.3644508719444275,-0.028250470757484436,0.670082151889801,0.1271267533302307,0.8863815069198608,1.033779263496399,0.14964659512043,0.8312525153160095,-0.6059906482696533,0.19931606948375702,0.22381049394607544,-0.7533602118492126,-0.44817236065864563,0.03541434556245804,0.005365394521504641,-0.38292112946510315,-0.18817652761936188,-0.16867481172084808,0.4730968475341797,0.05649005249142647,-5.384258693084121e-4,0.0033887517638504505,AM7215
0.6515014171600342,0.24464042484760284,0.6884304881095886,-0.6316744685173035,-0.9736707806587219,-0.24301297962665558,0.7760555148124695,-0.7386513948440552,-0.12557455897331238,0.4698536992073059,-0.8718305826187134,-0.0382130891084671,-0.5175225138664246,0.5725171566009521,-0.28114715218544006,0.11977451294660568,-0.39710432291030884,-0.5417526364326477,-0.23587022721767426,-0.24265225231647491,0.04526233300566673,0.11565382778644562,-0.17736108601093292,-0.0383734405040741,-0.006097095552831888,-0.0015598112950101495,AM7216
-0.2263244390487671,0.4156716465950012,0.22382459044456482,0.21355479955673218,-0.12046128511428833,0.17153584957122803,0.11369138211011887,1.455838680267334,-0.41465285420417786,-0.7919610142707825,-0.1105165183544159,0.3208705484867096,-0.6283190250396729,0.05251694470643997,0.4108094274997711,-1.359683632850647,-0.003178182989358902,-0.33993321657180786,0.06791751086711884,0.4968551695346832,-0.2910478115081787,-0.48806965351104736,-0.3924351632595062,-0.04314306378364563,-0.0011833554599434137,-0.0022867093794047832,AM7221
0.09273560345172882,0.5801642537117004,-0.23735931515693665,1.056121826171875,-0.8616970777511597,-0.44406676292419434,-1.310617208480835,-0.040401387959718704,1.5047470331192017,-0.37401434779167175,-0.18631088733673096,-0.47669053077697754,-0.08280166238546371,0.008340079337358475,1.81621515750885,-0.6340320110321045,-1.2749565839767456,-0.9597346782684326,1.0939217805862427,0.16586045920848846,0.8250874280929565,-0.20012454688549042,-0.1984722763299942,-0.08502880483865738,-0.0029854115564376116,-0.0045830304734408855,AM7223
0.1788381189107895,0.3870997428894043,-0.6574583649635315,0.302145779132843,-0.4477320909500122,-0.5030401349067688,-1.0429189205169678,-0.7307758927345276,1.75078284740448,0.5151732563972473,-1.3150322437286377,-0.3031987249851227,0.32280176877975464,0.34498855471611023,0.908335268497467,0.0658332109451294,-8.575695392210037e-5,-1.2371692657470703,0.09682300686836243,0.8070127367973328,1.342352032661438,0.418518990278244,-0.6571852564811707,-0.09844116121530533,-0.010119786486029625,-0.0046384078450500965,AM7224
0.10032070428133011,0.4887506067752838,0.054886844009160995,1.2375789880752563,-0.1922052502632141,-0.4682087302207947,-1.6157060861587524,0.13537229597568512,0.3449220657348633,0.7700908184051514,-0.35367101430892944,0.6297661662101746,-1.0751816034317017,-0.8121368885040283,1.7342623472213745,0.10947895795106888,0.5746116638183594,-0.6513990759849548,-0.1910628229379654,0.13373441994190216,0.5497996211051941,0.1480971723794937,-0.3445345163345337,0.012256337329745293,-0.004514515865594149,0.0012283783871680498,AM7226
-0.05440172553062439,0.47463634610176086,-0.08524259179830551,0.9789372682571411,-0.09256534278392792,-0.5915574431419373,1.0601842403411865,1.5445572137832642,0.25069206953048706,0.18515963852405548,1.4499188661575317,-0.26533129811286926,0.5611187219619751,1.3511018753051758,-1.3589918613433838,-1.3954840898513794,-1.6081633567810059,-1.3359605073928833,-0.5500589609146118,0.05163247510790825,0.28571948409080505,0.0717606320977211,-0.2404831200838089,0.09150514751672745,0.001879814313724637,0.005138226319104433,AM7228
0.04891451075673103,0.3210538625717163,-0.5113963484764099,-0.026110157370567322,0.4032283127307892,-0.5282920002937317,1.9681460857391357,1.1566684246063232,0.5549684762954712,0.3759283125400543,-0.2543739378452301,-0.12633970379829407,0.12948167324066162,-0.6399986743927002,0.4066087603569031,-0.019201131537556648,0.5418663620948792,0.050755396485328674,0.2308666855096817,0.5179048180580139,-0.17714105546474457,-0.17888596653938293,0.13270646333694458,0.012814451940357685,-0.005935434717684984,0.001473050331696868,AM7229
0.01430649682879448,0.49683794379234314,-0.03519164025783539,0.9248559474945068,0.11987131834030151,-0.9517392516136169,1.469296932220459,1.6114802360534668,-0.6829995512962341,0.6744772791862488,0.8264148235321045,-0.059436433017253876,-0.5080841183662415,-0.15605759620666504,-0.8094978332519531,-0.4746473729610443,0.06917870789766312,-0.12582406401634216,-1.0007939338684082,-0.03801111876964569,0.12644463777542114,-0.4020214378833771,-0.160951167345047,-0.10690651088953018,-0.004653211683034897,-0.0056414054706692696,AM7230
0.08635658770799637,0.5617081522941589,0.16408702731132507,0.840496838092804,0.30658528208732605,-1.3518449068069458,0.49126487970352173,-0.10160481929779053,-1.1651561260223389,-0.61634761095047,0.622593343257904,1.3458175659179688,0.21582801640033722,0.8049739003181458,-0.7661345601081848,0.34215426445007324,-0.29249832034111023,0.6635525822639465,-0.11545708030462265,-0.8143190741539001,0.18079932034015656,0.3308852016925812,-0.08126885443925858,-0.016922349110245705,0.00900210253894329,-0.0021022988948971033,AM7236
0.16418024897575378,0.43085283041000366,-0.8574725389480591,0.08699781447649002,0.4119113087654114,-1.8979787826538086,1.975975751876831,0.917534589767456,0.2475757896900177,-0.2533184885978699,-1.5579333305358887,0.020837999880313873,-0.3843042552471161,0.8844662308692932,-0.925528347492218,-0.5778498649597168,0.9320416450500488,-1.0673669576644897,2.1990110874176025,0.3831193149089813,-1.3197331428527832,0.6932358145713806,1.4542795419692993,-0.19809593260288239,-0.005560019984841347,-0.01113909762352705,AM7237
0.22306190431118011,0.08867475390434265,-0.5590113997459412,0.24122241139411926,0.29800838232040405,-0.21328487992286682,-1.1407839059829712,-0.6916258931159973,0.15103009343147278,0.311763733625412,0.7250963449478149,0.43241605162620544,0.33138009905815125,-0.5875235795974731,-0.086848683655262,0.05635026469826698,-0.03861565887928009,-0.17296911776065826,-0.13397365808486938,-0.037407346069812775,-0.4827948212623596,0.11274992674589157,0.03136409446597099,0.011420919559895992,-0.006417167838662863,0.0013866968220099807,AM7241
0.15888212621212006,0.018355218693614006,-0.6978808045387268,-0.1897849440574646,0.2920036315917969,-0.6142831444740295,-0.18901722133159637,-0.4108574688434601,-0.6600427627563477,0.5210621356964111,-0.0035115068312734365,-0.27077215909957886,0.08853349089622498,-0.883577287197113,-0.6792181730270386,-0.7229560017585754,-0.34125056862831116,-0.16571174561977386,-0.27200847864151,-0.06891867518424988,-0.4778522551059723,0.2709263563156128,-0.4890616536140442,0.011368337087333202,-0.009728367440402508,0.0017498275265097618,AM7242
0.13101305067539215,-0.3911820352077484,0.46094170212745667,-0.6315436959266663,-0.32661670446395874,-1.0838724374771118,-0.7694870233535767,1.1459643840789795,1.0043072700500488,-0.8627307415008545,-0.811816930770874,-0.3247651159763336,0.06288411468267441,-1.2385601997375488,-0.0631982609629631,0.5769392251968384,-0.2975867688655853,0.26936620473861694,-0.8340994119644165,-0.17294615507125854,-0.7260363101959229,-0.03187502175569534,0.03747667372226715,-0.01592353731393814,-0.006787705235183239,-1.4807908155489713e-4,AM7243
0.25596240162849426,-0.2567490339279175,-0.09465629607439041,0.07595539838075638,0.3718196749687195,-0.9564558267593384,-0.4238519072532654,0.7300084829330444,-0.9273138642311096,-0.16575634479522705,0.9031512141227722,-1.0721238851547241,0.051144711673259735,0.813795804977417,0.8426430821418762,0.5269568562507629,0.36551815271377563,0.3142348527908325,0.08504865318536758,0.45997676253318787,0.15335701406002045,-0.12324930727481842,-0.13060243427753448,0.04548722505569458,0.006330830045044422,0.001961808418855071,AM7255
0.12286397069692612,-0.09347443282604218,-0.014522158540785313,-1.033683180809021,0.3286011219024658,-1.1362898349761963,-1.0396939516067505,1.3160641193389893,0.012929331511259079,0.33459562063217163,1.0243443250656128,-0.6174831986427307,-0.26332250237464905,0.12178710848093033,0.8272831439971924,-0.10266763716936111,0.04516368359327316,0.5941084623336792,0.2301284819841385,0.05523489788174629,0.15362296998500824,-0.07667474448680878,0.207943856716156,2.8192359604872763e-4,-4.647771129384637e-4,8.21766079752706e-5,AM7256
-0.13239642977714539,0.3382883071899414,-0.3141811788082123,-1.1445648670196533,0.030476104468107224,0.4546859562397003,0.4012170135974884,0.6816907525062561,1.493032693862915,-0.9871402978897095,-0.12927427887916565,0.5602776408195496,0.40476399660110474,-0.209330752491951,-0.3559812605381012,-0.5142877101898193,-0.005026496015489101,1.1083400249481201,-0.7618690133094788,-0.03456604480743408,0.19086861610412598,-0.2482364922761917,0.4251098930835724,-0.0020957672968506813,5.829680594615638e-4,-1.5106268983799964e-4,AM7260
0.0490189865231514,0.3949994146823883,-0.34094566106796265,0.271841824054718,-0.6108391880989075,-0.28913918137550354,0.9285786747932434,0.4997205138206482,0.30603981018066406,-0.4124322235584259,1.1075527667999268,0.1327059268951416,-0.582844614982605,1.0418002605438232,0.7809731364250183,0.4795640707015991,0.3538837730884552,1.3805006742477417,0.8223085403442383,0.022124353796243668,0.2711638808250427,-0.33782288432121277,-0.049588561058044434,-0.024573277682065964,-0.0030783244874328375,-0.0010136832715943456,AM7261
0.03406425192952156,0.16463787853717804,0.1783675104379654,0.5751668214797974,0.8017393350601196,-0.7705662250518799,1.0917778015136719,-2.54441499710083,0.4551953375339508,-1.7865923643112183,1.3760920763015747,-0.7979301810264587,-2.185580015182495,-0.1171245276927948,-0.536163330078125,0.4095269739627838,-0.9093242287635803,1.7732820510864258,0.3660282790660858,0.8475074172019958,0.5562477111816406,-0.1524965763092041,0.24783135950565338,-0.026819955557584763,-0.0023828777484595776,-0.0012595823500305414,AM7266
0.2098112851381302,0.07387455552816391,-0.501283586025238,0.6184845566749573,0.5951658487319946,0.8186054229736328,-0.3929120898246765,-0.1337568461894989,0.9960343241691589,-0.09500975161790848,1.0334956645965576,1.6013087034225464,0.036616500467061996,1.3356701135635376,-0.769594132900238,1.6782195568084717,0.495828241109848,-0.18321442604064941,-0.2103428691625595,0.3657756745815277,-0.4719931185245514,0.07133900374174118,0.18531259894371033,-0.04096785932779312,0.003459752071648836,-0.0028220140375196934,AM7269
-0.01914970390498638,0.34167954325675964,0.3672390878200531,-0.15210756659507751,1.0884830951690674,-0.6798417568206787,0.4637407660484314,-2.0296640396118164,0.7757678031921387,-2.4088566303253174,0.2749875783920288,-0.7206181883811951,-2.0152904987335205,-1.2480623722076416,-0.8739845156669617,-0.270962119102478,-0.20876474678516388,1.2267459630966187,0.5858338475227356,0.8865946531295776,-0.11066857725381851,-0.6642579436302185,0.5716286301612854,-0.02165151759982109,-0.005024689249694347,-5.659183952957392e-4,AM7270
0.04206239432096481,0.524622917175293,0.029375338926911354,0.7417021989822388,0.6562110781669617,1.0114116668701172,-1.019797682762146,0.8177288174629211,1.3930368423461914,-0.06448826193809509,0.3130168914794922,-0.2658877968788147,-0.21386869251728058,-0.4174487292766571,0.7635174989700317,0.28804293274879456,0.5828173756599426,0.8780021071434021,-0.015613395720720291,-0.8662428855895996,-1.1346161365509033,-0.2036074995994568,-0.2575734853744507,-0.1241471916437149,-3.9872937486507e-4,-0.007200019899755716,AM7272
-0.07305168360471725,0.49293234944343567,0.371571809053421,0.7989160418510437,1.4423624277114868,0.041672706604003906,-0.5738824009895325,-1.9664442539215088,0.6299320459365845,-0.18897101283073425,-2.4351613521575928,-0.9913476705551147,1.776849389076233,1.2538666725158691,-1.0590784549713135,-0.24065354466438293,0.47044089436531067,0.1983346790075302,-0.31680428981781006,-2.46006441116333,-0.5754405856132507,-1.229551076889038,0.5287070274353027,0.020504223182797432,-0.005232407711446285,0.0020084441639482975,AM7273
-0.02341722697019577,-0.2981564998626709,-0.4247298240661621,-0.4164181351661682,0.46406683325767517,-0.28417569398880005,0.5781539678573608,0.46663177013397217,-0.41305822134017944,0.9655662178993225,1.7883397340774536,0.08283697068691254,0.27759742736816406,-0.550828754901886,-0.24945679306983948,-0.7493456602096558,-0.6009573936462402,0.199465811252594,0.13533107936382294,-0.15321442484855652,0.03231458365917206,-0.3294646143913269,0.25810521841049194,-0.018867362290620804,-0.0012079159496352077,-9.089421946555376e-4,AM7277
-0.21039849519729614,0.17618802189826965,-0.1375087946653366,0.49785175919532776,-0.35353901982307434,0.8478174805641174,1.2751307487487793,1.36274254322052,1.3433737754821777,-0.23323528468608856,1.9790010452270508,-1.0085794925689697,1.2570420503616333,0.6139276027679443,0.45421302318573,-0.38711920380592346,-0.596663773059845,-0.38472792506217957,-0.1738530546426773,-0.39023557305336,-0.23401258885860443,0.2094275951385498,0.9325564503669739,0.15744860470294952,0.003883941099047661,0.008706646971404552,AM7278
-0.2832690477371216,0.18932610750198364,0.7064274549484253,-0.32668536901474,0.6062688827514648,-1.1781734228134155,1.0117051601409912,0.38302838802337646,-0.16815748810768127,1.1789610385894775,0.9517236351966858,1.4646050930023193,2.2447564601898193,-0.38280338048934937,-0.40752968192100525,0.5015605688095093,-0.26420557498931885,1.4863337278366089,0.274511456489563,-1.0627789497375488,1.1739544868469238,0.35145941376686096,-0.7652730345726013,-0.13312268257141113,-0.002621300518512726,-0.007540949620306492,AM7280
-0.38540151715278625,-0.025252198800444603,0.7718433737754822,-0.784452497959137,1.150700330734253,-0.21384216845035553,0.7353885173797607,-1.1120071411132812,-0.331807017326355,0.04485345631837845,-0.17349573969841003,1.0296776294708252,-0.17654156684875488,1.6054158210754395,2.6218886375427246,-1.051855444908142,-0.17305710911750793,-1.7901711463928223,-0.730068027973175,0.13499416410923004,0.11320677399635315,-0.6962339282035828,0.023212745785713196,-0.212234765291214,-0.022640937939286232,-0.009671198204159737,AM7283
-0.45301303267478943,0.01367157232016325,0.6596251130104065,-0.09414591640233994,0.7740990519523621,-0.21775367856025696,0.6211882829666138,-0.3990751802921295,-0.891991376876831,0.8643186688423157,-0.6856597065925598,1.2879548072814941,0.677183985710144,0.8598695397377014,1.5765783786773682,0.10135423392057419,0.5724532604217529,-0.058585718274116516,0.10849285870790482,-0.27432364225387573,0.6634332537651062,-0.22194205224514008,0.6757927536964417,0.019503610208630562,-0.0011626188643276691,0.0013088848209008574,AM7284
-0.35599344968795776,-0.16616427898406982,0.47995904088020325,-0.10470906645059586,0.8715001344680786,-0.5170820355415344,1.5146899223327637,-2.2707200050354004,0.22394949197769165,-0.35504329204559326,-0.3508961498737335,-0.9310359954833984,0.6711272597312927,-0.5036824941635132,0.7801843285560608,-0.4187995195388794,0.16131103038787842,-1.3174368143081665,0.46484246850013733,0.7021214365959167,-0.7813743352890015,0.8534839749336243,0.08255708962678909,0.2138233631849289,0.03440702334046364,0.008365180343389511,AM7285
0.0760781541466713,0.022765645757317543,-0.1766563355922699,-1.1408430337905884,0.817527174949646,-0.5341780185699463,-0.6504875421524048,0.7317839860916138,0.16446645557880402,0.6138672232627869,1.0108882188796997,-0.33364337682724,-0.4982924461364746,-0.670962393283844,0.7286943793296814,-1.1062079668045044,-0.4556559920310974,0.44519510865211487,-0.1690678894519806,-0.44487327337265015,-0.01192246749997139,-0.10447882860898972,0.5744664072990417,-0.06472588330507278,-0.00351727195084095,-0.0033808541484177113,AM7294
-0.1928527057170868,-0.06305550038814545,0.42559972405433655,0.26124247908592224,0.9738907814025879,-0.6640080213546753,0.9350749850273132,-2.192689895629883,0.7394731640815735,0.0334896519780159,1.4475244283676147,-1.3710534572601318,-1.410428762435913,-0.16551516950130463,0.30985090136528015,0.20830169320106506,-0.570580005645752,0.02368098311126232,-2.7149312496185303,-0.0545879527926445,-0.31842559576034546,1.579063892364502,-0.7543421983718872,-0.07274620234966278,-0.004673170391470194,-0.004007857292890549,AM7295
-0.39334771037101746,-0.2996465265750885,0.6916406154632568,-0.7956682443618774,0.514780580997467,0.14146366715431213,-0.8027064800262451,0.22355793416500092,2.1902430057525635,-0.23083528876304626,1.7283624410629272,-0.8477814793586731,-2.2832629680633545,-1.0173916816711426,-2.890657901763916,0.896797239780426,1.572266936302185,-2.654500722885132,1.697741150856018,-1.5370312929153442,1.6177703142166138,-0.4279971122741699,-0.35199442505836487,0.050424713641405106,-0.0010543173411861062,0.003171490505337715,AM7302
-0.24846209585666656,0.08235429227352142,0.20612883567810059,1.1594656705856323,-0.17817766964435577,-0.08018229901790619,0.5251096487045288,0.8302160501480103,-1.6625515222549438,0.2716461420059204,1.4618711471557617,0.5233079791069031,0.06927217543125153,-0.7899959683418274,-0.333189994096756,0.27995678782463074,0.8808366656303406,-0.3041169345378876,-0.836548924446106,0.42104122042655945,0.11859689652919769,-0.6355512142181396,0.4753515422344208,0.0049321213737130165,-0.009546594694256783,0.0015123917255550623,AM7303
-0.21882358193397522,-0.21418963372707367,-0.4400043487548828,0.08684631437063217,-0.2722434997558594,0.3178958296775818,1.3807328939437866,0.6757317781448364,0.21671225130558014,1.4683136940002441,0.6694674491882324,-0.17729945480823517,-0.1252192109823227,0.24105840921401978,-0.5529718399047852,1.5082123279571533,1.492571234703064,-0.2132030576467514,-0.7200723886489868,0.4451773464679718,-0.14527490735054016,0.1516827493906021,0.1556168496608734,0.012982074171304703,-0.006542906165122986,0.0014893771149218082,AM7304
-0.272432804107666,0.5126705169677734,0.6251197457313538,-0.4872474670410156,0.5098596215248108,-0.5948636531829834,-0.4927198886871338,1.18463933467865,-1.0287963151931763,0.2439953237771988,-0.7236334681510925,1.3661285638809204,-0.4753895699977875,0.8347324132919312,-0.7067549824714661,0.5828855037689209,0.18046006560325623,0.8023099899291992,1.1493186950683594,0.7598532438278198,0.20914141833782196,0.5104262828826904,-0.49496588110923767,0.06461773812770844,7.871121633797884e-4,0.0036158219445496798,AM7312
-0.40624797344207764,-0.09680696576833725,0.893326461315155,-0.6270091533660889,1.0771763324737549,-0.19017088413238525,0.018873242661356926,-0.5133981704711914,0.720622718334198,0.6427605152130127,0.9223237633705139,0.5847725868225098,0.8296396732330322,0.7526134252548218,1.0926170349121094,0.9077138900756836,-0.23415426909923553,-1.5531319379806519,1.25379478931427,1.1139116287231445,-1.498942494392395,-0.5209491848945618,-0.9493141770362854,0.08030140399932861,-0.0025011540856212378,0.005110619589686394,AM7313
-0.3178081512451172,-0.06883770227432251,0.4034818708896637,0.6910727620124817,-0.3174569308757782,-1.4488310813903809,0.2533630132675171,-1.335007667541504,0.17246206104755402,1.9501304626464844,-0.42344367504119873,-0.7022755146026611,1.6286392211914062,-0.8297819495201111,0.08525685220956802,0.8454497456550598,-0.1596832126379013,1.0091472864151,0.6930423974990845,0.11244862526655197,-0.3969805836677551,-0.17544782161712646,0.0394466258585453,0.006778998766094446,-0.0012620653724297881,5.732160061597824e-4,AM7318
-0.06893669813871384,-0.2815896272659302,-0.5919498205184937,-0.2597709000110626,-0.3670460879802704,-0.8574203848838806,-1.215737223625183,-0.09461880475282669,0.3906708359718323,1.7261124849319458,0.4260938763618469,-0.5359522700309753,-0.6217924952507019,1.3819669485092163,-0.659003734588623,0.2634718716144562,0.3776858150959015,-0.550967276096344,0.5026950836181641,0.2765810191631317,-0.8187910318374634,0.4064321517944336,0.9850383400917053,-0.13318510353565216,-0.009341918863356113,-0.0068262978456914425,AM7319
-0.31610581278800964,0.516364336013794,0.2975095212459564,-0.16792067885398865,-0.04254711791872978,-0.14801645278930664,-0.9005346894264221,1.2008607387542725,-0.8379458785057068,0.40623578429222107,-1.660547137260437,-0.3599802255630493,-1.5227593183517456,0.07111071050167084,-0.9763814806938171,-0.5394509434700012,-0.7527676820755005,0.8360042572021484,0.6397298574447632,1.290050745010376,-0.8711486458778381,-0.29962217807769775,-1.6662266254425049,0.06378370523452759,0.004223692696541548,0.0033444014843553305,AM7320
-0.35643020272254944,0.13959139585494995,0.7022429704666138,0.17669786512851715,-0.03890497609972954,-0.4113384187221527,-1.421367883682251,-0.1385817527770996,0.16415810585021973,1.2097115516662598,-0.22787070274353027,0.46001315116882324,1.1813983917236328,-0.02235196903347969,-0.49622759222984314,0.9071617126464844,-0.20106558501720428,1.374373197555542,-0.25223174691200256,-0.29170429706573486,0.5164923071861267,0.9386190176010132,0.2857096493244171,-0.1241413876414299,-0.009796226397156715,-0.006320001557469368,AM7321
-0.2494901716709137,0.35863664746284485,-0.3443886935710907,-0.3743053078651428,-0.7530228495597839,0.44140759110450745,1.1803128719329834,0.135288268327713,0.1377088576555252,-1.3255820274353027,-1.2849135398864746,-0.6743841767311096,-0.1466890424489975,0.4515198767185211,0.79712975025177,0.17218883335590363,-0.5342440009117126,0.06021890416741371,0.22245030105113983,-1.29525625705719,0.40378257632255554,0.9348524808883667,-0.5279964804649353,-0.03126835450530052,0.0033052375074476004,-0.0023882118985056877,AM7323
-0.1170785203576088,-0.02463853731751442,-0.553692102432251,-0.5629669427871704,-0.8195306658744812,-0.46709853410720825,0.10176502168178558,-0.7948353290557861,0.5167508125305176,0.4527028799057007,-0.6880212426185608,0.625569760799408,0.5091601014137268,0.0563688725233078,-0.540292501449585,0.8652532696723938,0.17253468930721283,-0.6203052997589111,-0.6953002214431763,-0.1401059627532959,0.0990983322262764,0.082175113260746,-0.07921260595321655,0.04460963234305382,0.020998341962695122,1.621592091396451e-4,AM7325
-0.37589219212532043,0.35293254256248474,0.5508715510368347,-0.20716586709022522,0.4059481620788574,0.10574565082788467,-1.0772128105163574,0.9461475610733032,-0.49759113788604736,0.4564988315105438,-1.361169695854187,0.6150519251823425,-0.48695144057273865,0.49768170714378357,-0.22728261351585388,0.013585589826107025,0.043879635632038116,0.7251253724098206,0.14783921837806702,0.6926324367523193,0.76143479347229,0.3015455901622772,0.5591604709625244,0.09648457169532776,-9.363951976411045e-4,0.005703378934413195,AM7327
0.03995216637849808,-0.4144432246685028,-0.6823776960372925,0.17575471103191376,-0.45122042298316956,-0.4131249785423279,-0.4596060514450073,-0.977491557598114,-1.7430506944656372,1.0243819952011108,0.4886176288127899,-0.24649932980537415,-1.159277319908142,0.09462016075849533,0.861870527267456,0.7618500590324402,-0.8260549902915955,0.05949298292398453,0.6413232684135437,-0.788814127445221,0.22575439512729645,-0.32134100794792175,0.3466683030128479,0.05828836187720299,0.0025068523827940226,0.0031738539692014456,AM7328
0.010903348214924335,-0.1811937540769577,-0.8367210626602173,0.026814907789230347,-0.2677130103111267,0.1774166226387024,-0.21879887580871582,-1.3114655017852783,-1.0426145792007446,0.38985776901245117,0.05242154002189636,1.3953629732131958,-1.2556816339492798,0.4205884635448456,0.368480920791626,1.2030857801437378,-0.8085096478462219,0.01323482021689415,-0.10089127719402313,-0.5023645758628845,-0.2750988304615021,-0.08896134048700333,-0.027442963793873787,0.04149444028735161,4.799244197783992e-5,0.002436858369037509,AM7329
-0.30941322445869446,0.4220269024372101,-0.016708049923181534,0.4700571596622467,-0.5368759632110596,-0.31964412331581116,-0.11752811819314957,0.5786385536193848,-1.3697147369384766,0.8741092085838318,-1.8740712404251099,-1.0677940845489502,-1.7508704662322998,0.35252824425697327,-0.9700213074684143,-0.204535111784935,0.08863772451877594,-0.21217812597751617,-1.1160386800765991,-0.347522109746933,0.1374431699514389,-0.17572355270385742,0.5310209393501282,0.11025582253932953,0.007204214110970497,0.0056438022293150425,AM7332
-0.36595332622528076,0.24964159727096558,0.33333247900009155,0.1205766350030899,-0.9205976724624634,0.07623570412397385,-1.8843894004821777,0.7288455963134766,-0.0048670959658920765,0.6018192172050476,0.37194859981536865,-0.10315598547458649,-1.6449289321899414,0.2011839747428894,0.013171586208045483,0.551719605922699,-0.6655805110931396,-0.08731997013092041,-0.01812197081744671,-0.10936202853918076,-0.9431975483894348,0.4223388433456421,0.18050064146518707,-0.024147173389792442,0.010581313632428646,-0.002738653915002942,AM7333
-0.15928605198860168,-0.07084571570158005,-0.6390292048454285,-0.4585360586643219,-0.45573773980140686,0.2800068259239197,0.2459046095609665,-0.8356239199638367,0.061263930052518845,0.7795754671096802,-0.31089746952056885,0.7713462114334106,-1.197885274887085,1.3542072772979736,-0.05266626551747322,0.9278603792190552,-0.43788856267929077,0.6453346014022827,-0.6635121703147888,-0.009793839417397976,0.11678549647331238,-0.6663418412208557,0.5534019470214844,0.04824991524219513,0.00642596697434783,0.002196967601776123,AM7334
-0.20654931664466858,0.13522696495056152,-0.4103240668773651,-0.4666001796722412,-0.30373644828796387,0.6973736882209778,0.5353006720542908,0.07179835438728333,0.9230755567550659,-0.02776096574962139,0.011469637975096703,0.016879383474588394,-0.030826859176158905,-0.24622538685798645,0.41175851225852966,0.5562220215797424,0.48711472749710083,0.7801130414009094,-0.8992913365364075,0.2331787794828415,0.4475845396518707,-0.25626853108406067,0.3310844898223877,0.003004657570272684,8.530731429345906e-4,1.24721962492913e-4,AM7336
-0.2956237494945526,0.10532725602388382,-0.08699558675289154,-0.13644015789031982,-0.37275224924087524,1.3870930671691895,0.15924014151096344,1.0117578506469727,1.2805321216583252,-0.3223939836025238,0.42373836040496826,-1.034959077835083,0.3087148368358612,0.05353463068604469,0.7051721811294556,-0.4378049969673157,-0.6196067333221436,0.3260705769062042,-0.06627676635980606,-0.17508815228939056,-0.18380415439605713,0.34165865182876587,0.06286885589361191,0.015034301206469536,-0.0026397528126835823,0.0011171670630574226,AM7337
-0.22768281400203705,0.33596479892730713,0.003214129013940692,0.575933039188385,-1.1533225774765015,-0.5783676505088806,0.1465846449136734,0.6324149370193481,0.19507768750190735,0.382624089717865,0.347627192735672,-0.8929887413978577,-0.5599271655082703,-1.4765663146972656,1.2460681200027466,-0.1573856621980667,0.24078363180160522,-0.5895490646362305,-0.6418944001197815,-0.6962137818336487,-0.3763473629951477,-0.41718411445617676,0.11014064401388168,-0.008061662316322327,0.01217945571988821,-0.0018175615696236491,AM7343
-0.13360969722270966,9.784077992662787e-4,-0.4964333474636078,-0.8593662977218628,-0.48059943318367004,-0.21909211575984955,0.09672992676496506,-0.30007582902908325,0.6564317941665649,0.283376008272171,-0.11208401620388031,0.8048486113548279,0.324185311794281,-0.6037854552268982,-0.15826445817947388,0.0762048214673996,0.3377271294593811,0.05631456524133682,-0.9770535230636597,0.40171000361442566,-4.1337963193655014e-4,-0.32622456550598145,-0.3087749183177948,0.04697462543845177,0.009004318155348301,0.0017799838678911328,AM7344
0.1859537661075592,0.12623640894889832,-0.7410700917243958,-0.6567820906639099,-0.27478256821632385,-1.2276561260223389,0.7018745541572571,-0.4683401882648468,-1.208748698234558,0.21997177600860596,-0.49047061800956726,0.983445942401886,-1.4369546175003052,-0.7430521845817566,1.3663594722747803,0.4964289665222168,0.8263643980026245,-0.03741460293531418,0.4591762125492096,-1.0155972242355347,0.06172319874167442,0.18950143456459045,-0.5813679695129395,0.08994722366333008,0.0042386241257190704,0.004748354200273752,AM7345
-0.13068747520446777,0.19321443140506744,-0.41150063276290894,0.020777100697159767,-0.9683431386947632,-0.043008383363485336,1.215781331062317,0.1555616706609726,0.057040631771087646,-0.375760555267334,-0.13626913726329803,-0.6427706480026245,-0.2538316249847412,0.21269729733467102,1.19973886013031,0.11583036184310913,0.13784664869308472,0.03343159332871437,0.2950127124786377,-0.8290724754333496,0.5607068538665771,0.4783266484737396,-0.2734752595424652,0.09639379382133484,0.0026283019687980413,0.005256705451756716,AM7346
-0.1656814068555832,-0.02330254577100277,-0.48781585693359375,-1.035141110420227,-0.046189822256565094,0.3270045816898346,-0.31203335523605347,-0.09854297339916229,0.5304043889045715,-0.016490017995238304,-0.05121130868792534,1.2299007177352905,-0.13466306030750275,0.06586583703756332,-0.2742098271846771,-0.1456378549337387,-0.7931544184684753,-0.21397460997104645,-0.6860338449478149,0.11050920933485031,0.06862418353557587,-0.22728805243968964,0.016812177374958992,0.009835396893322468,0.004204066004604101,1.3302176375873387e-4,AM7353
-0.22354714572429657,-0.1763003170490265,-0.4372382164001465,-0.7771905064582825,-0.5379837155342102,0.4066406190395355,-0.5810686945915222,-0.4616149663925171,0.6533887982368469,-0.6073071956634521,-0.021261099725961685,1.257428526878357,0.4287737309932709,0.25383615493774414,-0.7674917578697205,-0.5716789960861206,-1.5385712385177612,-0.34190377593040466,-0.12950356304645538,0.7664090394973755,0.22933907806873322,-0.49264782667160034,0.5118977427482605,-0.03236822411417961,0.007811227347701788,-0.0027129140216857195,AM7354
0.13704314827919006,-0.18520928919315338,-0.5536912679672241,0.6615702509880066,1.4686328172683716,1.617497205734253,-0.04570554196834564,0.28538021445274353,-0.1498926281929016,-0.26470544934272766,0.6383764147758484,1.5411640405654907,0.5198753476142883,0.44778692722320557,-0.8599016070365906,0.2895386815071106,-1.8097716569900513,-0.5386012196540833,0.8670742511749268,0.2312358021736145,0.12176477164030075,0.2536189556121826,-0.11429116129875183,0.02777951769530773,7.518746424466372e-4,0.0014970123302191496,AM7356
0.13072606921195984,-0.06794897466897964,-0.42188820242881775,0.8843805193901062,2.768603801727295,2.5484862327575684,0.9003746509552002,1.2637830972671509,0.020649127662181854,1.4020460844039917,-2.092947483062744,-0.11127441376447678,-0.3795100152492523,-3.5350356101989746,0.7100349068641663,1.338748812675476,-0.957493245601654,-0.5174623131752014,0.4195261299610138,0.14108183979988098,0.40520331263542175,0.3191482424736023,0.3680274784564972,-0.08247862756252289,0.002392473164945841,-0.005175208672881126,AM7359
-0.24884234368801117,-0.1970549076795578,-0.6236258745193481,-0.00967604573816061,-0.4231787621974945,0.46191975474357605,0.9327179789543152,-0.44553709030151367,0.4535403549671173,1.338694453239441,-2.0656628608703613,-1.4282863140106201,0.4155218303203583,0.31326448917388916,-1.2135875225067139,0.42413973808288574,0.09511444717645645,0.4234580993652344,-0.1134493350982666,0.7129933834075928,0.03636777028441429,-0.7143234014511108,-0.24693362414836884,0.04598227143287659,-0.00189582456368953,0.003062749281525612,AM7361
-0.21007053554058075,-0.5320712327957153,-0.4491545259952545,-0.31441181898117065,0.29087871313095093,0.6094182133674622,-0.37682345509529114,-0.3611835241317749,-0.5929313898086548,0.9375847578048706,-0.325531005859375,-0.8917970657348633,0.3477981984615326,0.08107315748929977,-0.8908661007881165,-1.1806867122650146,-2.4610650539398193,0.2883661687374115,0.3263101577758789,-0.45114174485206604,0.060915909707546234,-0.20533277094364166,-0.44401806592941284,-0.025503510609269142,2.605396439321339e-4,-0.0014774104347452521,AM7362
0.04299179092049599,-0.6256842017173767,0.14298416674137115,-0.3697309195995331,-0.03350483998656273,-0.4378969371318817,1.0320807695388794,1.2522609233856201,-0.7351035475730896,-1.9203954935073853,-0.9622694849967957,0.2992570698261261,-0.13436752557754517,-0.11724631488323212,0.23416513204574585,0.8954755663871765,-1.385936975479126,-0.2684209644794464,-0.2599308490753174,-0.4415214955806732,0.4697185158729553,-0.00490629393607378,0.26977968215942383,0.003435411723330617,-0.005483825691044331,8.338683401234448e-4,AM7365
0.06739344447851181,-0.1825776994228363,-0.6864588260650635,-0.04348403960466385,-0.18711483478546143,-0.22143243253231049,-0.5644246935844421,-0.6925050020217896,-0.43228721618652344,-0.12440639734268188,0.3361492156982422,0.2451215237379074,0.6604340672492981,-0.23133857548236847,-1.348384976387024,-0.59731292724609375,-0.4484257400035858,-0.20032553374767303,-0.09984026104211807,-0.4930378794670105,-0.48978981375694275,0.4225142300128937,-0.730539083480835,-0.05085305497050285,-0.006483185105025768,-0.002299156039953232,AM7372
-0.05384165421128273,-0.8675203323364258,0.3010067939758301,0.5960917472839355,-0.6346518397331238,0.16000977158546448,0.2402278482913971,-0.16861213743686676,0.6442928910255432,0.08734868466854095,-0.8741214871406555,0.0683707445859909,0.12836134433746338,0.05756258964538574,-0.6641271710395813,-1.3142439126968384,0.9887442588806152,0.49082449078559875,0.13401421904563904,0.2701614499092102,-0.13261638581752777,0.21322590112686157,-0.14957986772060394,-0.02208331599831581,7.756667910143733e-4,-0.0014205881161615252,AM7373
0.1207127571105957,-0.773072361946106,0.406360000371933,1.1209720373153687,-0.6596066355705261,-0.06057630106806755,-0.5675882697105408,-0.22902324795722961,1.5768905878067017,0.8819093108177185,-0.05571797862648964,0.25364869832992554,0.08839587867259979,-0.21049994230270386,-0.043680340051651,-0.7936510443687439,0.8905455470085144,0.47179195284843445,0.1933874785900116,0.2172689288854599,-0.1754230260848999,-0.09640317410230637,0.176552414894104,0.031233053654432297,0.0020368238911032677,0.0016076716128736734,AM7380
0.04927811026573181,-0.30971428751945496,-0.2876054644584656,0.05047151446342468,0.5020803213119507,-0.3110322058200836,-0.46614810824394226,0.08407499641180038,-0.4002426564693451,1.6311391592025757,-0.21002568304538727,-1.7332762479782104,0.2831306755542755,-1.0471771955490112,0.20017071068286896,-0.7185115218162537,0.29584580659866333,0.4281791150569916,0.0808735117316246,0.21026943624019623,0.06708825379610062,-0.2627505660057068,-0.12291814386844635,0.042404014617204666,-0.005264082923531532,0.003151132958009839,AM7382
0.10576827079057693,-0.7433040738105774,0.13161365687847137,0.6894710063934326,-0.017722157761454582,-0.06962442398071289,0.295881062746048,0.4175768792629242,-0.2910301983356476,-0.4398573637008667,-0.39191100001335144,-0.815510630607605,0.20534928143024445,0.20011398196220398,0.1052974984049797,1.0445932149887085,0.7495008707046509,-0.37419894337654114,-0.5867087841033936,0.1905173361301422,-0.018653661012649536,-0.056744903326034546,-0.22233347594738007,-0.050117217004299164,-0.0038770318496972322,-0.0024688320700079203,AM7383
0.051524896174669266,-0.7874715924263,0.2668232023715973,0.6724054217338562,-0.3480682075023651,0.6488586664199829,0.130705326795578,-0.33230575919151306,0.2198251634836197,-0.2485216110944748,-0.0668187066912651,1.2005088329315186,-0.592417299747467,0.045183174312114716,0.28795987367630005,-1.3395509719848633,1.449732780456543,0.6269816756248474,0.19829131662845612,0.03445897251367569,0.1286274641752243,0.3337532877922058,-0.28801411390304565,0.005670495331287384,9.266578126698732e-4,1.6897216846700758e-4,AM7384
0.015430305153131485,-0.6874657273292542,0.3331329822540283,-0.33171623945236206,-0.3998189866542816,-0.3926467299461365,0.1474376618862152,0.6989849209785461,-0.23120632767677307,-1.80142080783844,-0.7604014873504639,-0.3991163372993469,0.8149944543838501,-0.8359050750732422,-0.1517430990934372,0.40894612669944763,-0.06404667347669601,-0.2652677893638611,-0.8219799995422363,-0.3096963167190552,0.09031850844621658,-0.020144958049058914,-0.0790504589676857,-0.021831031888723373,-0.00285191647708416,-9.435121901333332e-4,AM7385
-0.05008166655898094,-0.40553224086761475,-0.3454175293445587,-0.27137088775634766,0.45780497789382935,0.029458720237016678,0.11402123421430588,0.09397513419389725,-0.96007239818573,0.7639384269714355,0.35072049498558044,-0.9847040772438049,0.3223491311073303,-0.6900904178619385,-0.1586056798696518,-1.2849675416946411,0.05374943092465401,0.20895013213157654,-0.2682233452796936,-0.026018567383289337,0.23700295388698578,0.014189274050295353,0.015744788572192192,-0.004714862443506718,-0.007985647767782211,6.499688024632633e-4,AM7386
0.152845099568367,-0.7940394282341003,0.07925283908843994,0.9061824083328247,-0.24839067459106445,-0.447441428899765,-0.07944133877754211,0.22507062554359436,-0.35636991262435913,-0.9463902711868286,0.46403560042381287,0.09069263190031052,0.9182978272438049,-0.1844576597213745,0.00748146278783679,1.293101191520691,0.23438633978366852,-0.22738149762153625,0.18854591250419617,-0.008386075496673584,-0.25911110639572144,0.007511587347835302,-0.6589510440826416,0.008064432069659233,0.006425400264561176,-2.620220184326172e-4,AM7387
-0.08936493843793869,-1.136370062828064,0.20645977556705475,0.992134153842926,-0.46926385164260864,1.2348341941833496,0.43107080459594727,-0.486665278673172,-0.17725852131843567,0.09203080832958221,-0.40006351470947266,1.1398767232894897,-1.3391371965408325,0.5357798933982849,0.2222137451171875,-1.377229928970337,0.9070956110954285,0.8328772187232971,0.17974252998828888,-0.18380767107009888,0.17600755393505096,0.09763148427009583,0.1211751252412796,-0.02173990197479725,-1.6521260840818286e-4,-0.0012757424265146255,AM7388
-0.05666949599981308,-0.8289722800254822,0.3385918438434601,0.21533484756946564,-0.4551354944705963,0.05708542838692665,1.3493791818618774,0.45263293385505676,0.3396860957145691,-0.01798493042588234,-0.16705526411533356,1.3658440113067627,-0.41112998127937317,-0.28789326548576355,0.12479016929864883,-1.2320477962493896,0.49280068278312683,0.42965251207351685,0.3934240937232971,-0.061245668679475784,0.20565254986286163,0.3799534738063812,-0.24922455847263336,-0.007703203242272139,0.00781935453414917,-0.0014245621860027313,AM7409
0.024359000846743584,-0.4732401669025421,0.237558975815773,-0.44378232955932617,0.3052600920200348,-0.5541871786117554,-0.20159178972244263,1.1345717906951904,-0.12923133373260498,-0.6702550053596497,-0.46513456106185913,-0.8160589933395386,0.47219160199165344,0.025002330541610718,0.7791383862495422,0.6970056891441345,-0.48266181349754333,-0.1133047342300415,0.07353571057319641,0.16124340891838074,-0.22844719886779785,-0.3232249319553375,0.13207294046878815,0.05562874302268028,0.010357357561588287,0.00211469829082489,AM7416
0.22279921174049377,-0.6324273943901062,0.13004803657531738,1.516040325164795,-0.7173845171928406,-0.04683781787753105,-0.1922697275876999,-0.8006500005722046,1.229643702507019,0.09083141386508942,-0.3959002196788788,0.2820560336112976,0.07631012052297592,0.62937164306640625,-0.0555402897298336,-0.34695273637771606,-1.6768399477005005,-0.2128554731607437,0.5268903374671936,0.45172083377838135,0.2616303563117981,-0.28584426641464233,0.2137504667043686,0.018959613516926765,-0.0020939719397574663,0.001409522257745266,AM7419
0.09971953928470612,-0.2588118016719818,-0.38218942284584045,-0.240564227104187,0.302109032869339,-0.09752978384494781,-0.6101464033126831,-0.7762371897697449,-1.6721186637878418,-0.6732043623924255,-0.2665039896965027,-1.1280101537704468,0.47814908623695374,0.7112654447555542,0.4821019470691681,-1.0519381761550903,0.13352543115615845,-0.2680901885032654,0.38619211316108704,-0.11547952145338058,0.610883891582489,-0.008866602554917336,-0.07471088320016861,0.050420865416526794,-0.0014248981606215239,0.003128234762698412,AM7420
-0.016703030094504356,-0.7430371046066284,0.40635064244270325,-0.3128722012042999,-0.5897592902183533,-0.041266005486249924,-0.4633985161781311,0.5754247307777405,0.36968129873275757,-1.2564932107925415,-0.5743467211723328,0.5248754620552063,-0.07595018297433853,0.09189426153898239,0.2637879550457001,0.6167125701904297,-0.8684051632881165,-0.4449811279773712,-0.0631880909204483,0.1487508863210678,-0.08798158913850784,-0.05184795334935188,0.3304716944694519,-0.03819497302174568,-0.007923278957605362,-0.0013156976783648133,AM7426
0.05913381651043892,-0.71193528175354,0.12852226197719574,0.09460742026567459,-0.5231096148490906,-0.21118222177028656,0.28824785351753235,0.3209954798221588,-0.7003668546676636,-1.6763988733291626,-1.1025794744491577,-0.07016762346029282,0.1731836497783661,0.6004759669303894,-0.6447938680648804,1.2894479036331177,-0.4719540774822235,-0.7082253694534302,-0.0021791676990687847,0.326768696308136,0.13238884508609772,0.07933348417282104,0.1768363118171692,-0.08731120824813843,-0.01365816593170166,-0.0035457094199955463,AM7427
-0.032753221690654755,-0.5485771894454956,0.14961540699005127,-0.3778597414493561,-0.07054374366998672,0.08380003273487091,-1.9713256359100342,0.5682050585746765,-0.06278897076845169,0.2876613140106201,0.7923769950866699,-0.8632086515426636,-0.14016830921173096,0.05382335186004639,0.5588383078575134,0.7658417224884033,0.36844339966773987,0.4190780520439148,0.24659107625484467,0.0501694455742836,-0.13848714530467987,0.21341150999069214,0.07869637757539749,-0.05669999495148659,7.025181548669934e-4,-0.003447473980486393,AM7492
-0.33689749240875244,0.07373688369989395,0.27758049964904785,-0.4931209087371826,-0.7239000797271729,2.9230926036834717,0.05976954102516174,-0.13546527922153473,-0.8469530344009399,-0.33164164423942566,0.783427894115448,-0.8987599015235901,-0.5168431997299194,1.1164041757583618,-0.06725547462701797,0.24190683662891388,0.17264413833618164,0.20246464014053345,0.19364117085933685,-0.4873698353767395,-0.7697806358337402,0.614023745059967,-0.12041802704334259,-0.12265458703041077,-0.005628068931400776,-0.006659223698079586,AM7493
-0.1095309630036354,0.45224201679229736,0.0584837831556797,-0.43090927600860596,-0.8821595311164856,1.881877064704895,0.07631067931652069,-0.29308754205703735,-0.11711395531892776,-0.841834545135498,0.2594097852706909,-0.7991023063659668,0.3230059742927551,0.45048806071281433,0.7167326807975769,0.12729030847549438,0.7569510340690613,0.7078436613082886,1.1114906072616577,-0.07967215776443481,-0.2635125517845154,0.020392945036292076,0.3253176808357239,-0.003082855837419629,-0.0040780543349683285,2.7781326207332313e-4,AM7495
-0.07687833160161972,0.6514356732368469,0.6462014317512512,0.08234227448701859,-0.86132049560546875,-0.07914910465478897,-1.7207659482955933,-1.1164418458938599,-1.3636572360992432,-0.9019181728363037,0.046518951654434204,0.5682439208030701,1.492538332939148,-2.142451763153076,-0.6179039478302002,-0.21277578175067902,-0.3324454724788666,-0.7054146528244019,0.11530427634716034,0.2558470368385315,-0.008391286246478558,0.780643880367279,1.7602605819702148,0.057089027017354965,0.007776335813105106,0.0022525619715452194,AM7589
0.03156347572803497,0.5334579944610596,0.11468274146318436,0.7928081750869751,-1.1607424020767212,0.5183588862419128,0.34359559416770935,-0.9239858388900757,-1.9071381092071533,-0.8909671902656555,0.5731037855148315,-0.13195745646953583,0.7128006815910339,-0.9476813673973083,-0.276980996131897,0.18064743280410767,-0.01969599351286888,-0.45766985416412354,0.6350986361503601,0.07967796921730042,-0.2421705573797226,-0.7220218777656555,-0.530501127243042,-0.07669254392385483,-0.0031360145658254623,-0.003980250097811222,AM7591
0.13486172258853912,-0.08881596475839615,-0.6116323471069336,-0.07056073099374771,0.193674236536026,0.02887776866555214,-0.5084189176559448,-0.7298133969306946,-1.1781322956085205,-0.2890833616256714,0.6644625067710876,1.121625542640686,-0.24501310288906097,-0.43040725588798523,0.3096136152744293,-0.020556362345814705,0.6163820028305054,-0.3843534588813782,0.45357415080070496,-0.4705370366573334,-0.35839205980300903,0.15162429213523865,-0.07656285166740417,0.044537872076034546,-0.002642526524141431,0.002881835913285613,AM7628
-0.08592572063207626,0.530142068862915,0.471375435590744,0.2432335913181305,-0.7237821817398071,0.8999302983283997,-0.3805275857448578,-0.13721923530101776,-1.8960219621658325,-1.0925778150558472,0.4828539788722992,0.4904231131076813,-0.14630186557769775,-1.4768846035003662,-0.3055608570575714,-0.5328919887542725,0.37431424856185913,-0.6910627484321594,-0.7606238722801208,0.4820748567581177,-0.4126160740852356,-0.41649186611175537,0.3537195920944214,-0.07227630168199539,-0.006894693709909916,-0.0033631103578954935,AM7629
0.08838797360658646,0.6118532419204712,-0.10970572382211685,-0.19786672294139862,-0.8550089001655579,0.7609575390815735,0.6800415515899658,-0.32931095361709595,0.06665977090597153,-0.9739741683006287,0.6275493502616882,-0.6275799870491028,1.3756964206695557,-0.7858000993728638,0.5006625056266785,0.942345917224884,-0.14750483632087708,0.586179792881012,1.239144206047058,0.2522534132003784,0.036485329270362854,0.06630202382802963,-0.7125345468521118,0.05614734813570976,-0.004019534680992365,0.0037623937241733074,AM7633
0.14418838918209076,0.2956142723560333,-0.2685675323009491,-0.07978688925504684,-0.6947381496429443,0.5830793380737305,-0.20063619315624237,-1.097725749015808,0.5019912123680115,0.4834701716899872,1.0745861530303955,0.22396458685398102,1.3459457159042358,-0.3919791281223297,0.16893169283866882,1.0360584259033203,0.2720896005630493,0.17702516913414001,-0.14986060559749603,0.9340031147003174,0.3363294303417206,-0.7526913285255432,0.2638446092605591,0.035272978246212006,-0.005682948511093855,0.0028748249169439077,AM7634
