PEER1,PEER2,PEER3,PEER4,PEER5,PEER6,PEER7,PEER8,PEER9,PEER10,PEER11,PEER12,PEER13,PEER14,PEER15,PEER16,PEER17,PEER18,PEER19,PEER20,PEER21,PEER22,PEER23,PEER24,PEER25,PEER26,PEER27,PEER28,PEER29,Donor
-0.03223627060651779,-0.34225746989250183,-0.2666144371032715,-0.19997212290763855,0.42911702394485474,0.587398111820221,-0.5466181635856628,-0.1326591670513153,-0.5464169979095459,-0.2582160532474518,0.8602712750434875,0.09586141258478165,0.9712313413619995,0.053602419793605804,-0.6373844146728516,-1.2964385747909546,0.752926766872406,0.28669804334640503,0.17478808760643005,0.10820439457893372,0.04245686158537865,0.05756378173828125,-0.20934732258319855,-0.007265393156558275,-3.870412474498153e-4,-3.994873841293156e-4,-4.535626067081466e-5,1.23523404909065e-5,-6.072323230910115e-6,AM7180
0.2164468765258789,-0.3412538766860962,0.22144700586795807,-0.12631218135356903,0.2658371329307556,-0.7496747970581055,-0.1594146341085434,1.0356322526931763,-0.09869939088821411,-1.7310447692871094,-0.8038805723190308,-0.22794482111930847,0.450228214263916,-0.040809229016304016,-0.05906345322728157,0.772918164730072,0.4206146001815796,0.24720177054405212,-0.383463978767395,-8.954362710937858e-4,-0.34818515181541443,-0.3921370506286621,-0.09317772835493088,0.02673988789319992,-0.0023986585438251495,0.0019831513054668903,4.763193428516388e-4,5.503212378243916e-5,-3.7556426832452416e-5,AM7181
0.08103010058403015,0.056325167417526245,-0.5839876532554626,-0.5170326828956604,0.13791149854660034,-0.45786991715431213,0.17775212228298187,0.07352931797504425,-0.23520393669605255,-0.6686586737632751,0.47264349460601807,1.2636468410491943,0.9930360317230225,-0.9233579039573669,-0.7981504797935486,-0.4350518584251404,0.6594258546829224,-0.2731974422931671,0.12226749956607819,-0.22030040621757507,-0.31617996096611023,0.283547043800354,-0.567864716053009,0.0034588309936225414,6.169951520860195e-4,8.887305011739954e-5,1.248596963705495e-4,1.1535770681803115e-5,4.5322409278014675e-5,AM7182
0.10181290656328201,0.32442256808280945,-0.4735910892486572,-0.22527380287647247,0.49460163712501526,0.14535053074359894,-0.14665037393569946,-0.17820006608963013,0.8556586503982544,-0.5859122276306152,-0.25069066882133484,1.267142415046692,0.4066096246242523,-0.0521247535943985,0.36665454506874084,-0.3986701965332031,2.1666483879089355,0.0747930034995079,-0.5648258328437805,0.5822678208351135,-0.09990458190441132,-0.3258865773677826,-0.021536488085985184,0.04793471097946167,0.0042159948498010635,0.002473842818289995,6.14835531450808e-4,-5.367335324990563e-5,1.3842641783412546e-4,AM7188
0.09063129127025604,-0.27673590183258057,-0.13393516838550568,-0.23690906167030334,0.7519569993019104,0.10143399983644485,-0.9459865093231201,0.14271023869514465,-0.9294263124465942,-0.47985389828681946,0.4251948297023773,-0.8302101492881775,0.27278679609298706,0.4286794662475586,0.9488295912742615,-1.042656660079956,1.0351492166519165,0.2103702872991562,0.24139875173568726,-0.08173637092113495,0.35915666818618774,-0.04735792428255081,0.39065665006637573,0.0694870799779892,0.009773707017302513,0.0030535110272467136,6.307730218395591e-4,-1.7885940906126052e-4,2.7231284184381366e-4,AM7189
0.08499587327241898,0.6088666915893555,-0.3664592504501343,-0.07946613430976868,-0.12647242844104767,-0.0706096664071083,-0.5652993321418762,-0.15262804925441742,1.6058112382888794,-0.7917254567146301,-1.279469609260559,-0.8750998377799988,0.7080617547035217,0.1306115686893463,-0.6198916435241699,-0.37745460867881775,0.9860826730728149,0.36311057209968567,-0.4290010631084442,0.20554667711257935,0.43352264165878296,0.4691958427429199,-0.49941518902778625,-0.027352463454008102,-0.005210925824940205,-0.0011139281559735537,-2.895489160437137e-4,7.13320478098467e-5,-1.4528848987538368e-4,AM7196
0.07336738705635071,0.1436944603919983,-0.47207868099212646,-0.6958879828453064,0.34342166781425476,0.2846161127090454,-1.4654284715652466,-0.836266040802002,0.5369679927825928,-0.9088248014450073,-0.40852004289627075,0.9323157072067261,0.055980682373046875,-0.3219653367996216,0.15308809280395508,-0.9015156626701355,0.3588387966156006,-0.1378229409456253,-0.6350621581077576,-0.13899816572666168,-0.06119516119360924,0.3032361567020416,-0.3449636399745941,-0.024019934237003326,-0.00259988522157073,-0.0012006124015897512,-2.457087393850088e-4,4.665607775677927e-5,-6.828788900747895e-5,AM7197
0.4436085522174835,0.009744612500071526,0.1282723844051361,0.2946326434612274,0.9527229070663452,-0.664639949798584,-0.8337095975875854,1.1232086420059204,0.9117335677146912,-0.2757430672645569,0.5798071622848511,-0.6755050420761108,0.17752815783023834,1.033700704574585,0.15659254789352417,0.3733421862125397,-0.7666712403297424,0.5396131873130798,-0.41835612058639526,-0.02080603316426277,-0.16054712235927582,-0.022275008261203766,0.20302645862102509,0.0736842155456543,0.010835119523108006,0.0031767250038683414,7.324583712033927e-4,-1.724906323943287e-4,3.1754784868098795e-4,AM7203
0.08692677319049835,0.6001459956169128,0.15072688460350037,1.0909254550933838,0.7538838982582092,0.3521522879600525,-0.9328667521476746,0.5963059067726135,0.013317902572453022,-0.6435618996620178,-0.23678015172481537,1.0335596799850464,-0.15399575233459473,1.412410855293274,-0.5208516120910645,-0.41448232531547546,0.15857183933258057,-0.5722293853759766,-0.7583698630332947,-0.31319838762283325,0.36083903908729553,0.29710060358047485,-0.41185659170150757,0.13022500276565552,0.009009881876409054,0.006775823421776295,0.0014739539474248886,-1.6341698938049376e-4,3.0963282915763557e-4,AM7204
0.23713989555835724,-0.20021529495716095,-0.008599582128226757,0.21073666214942932,1.0550707578659058,-0.03782685101032257,-0.9769128561019897,0.5302739143371582,-0.1587805151939392,-0.950571596622467,0.34571006894111633,-0.8605371117591858,0.43779560923576355,0.6724005937576294,0.3090813457965851,0.00514633022248745,0.5312888026237488,0.5119224190711975,-0.21763692796230316,-0.053881216794252396,0.07239599525928497,0.035068269819021225,-0.01736985333263874,0.03440331667661667,0.009497498162090778,9.505781927146018e-4,3.1664790003560483e-4,-1.4557296526618302e-4,2.71335884463042e-4,AM7205
0.49519896507263184,0.1803629994392395,0.44840767979621887,-0.6451655030250549,-0.36034464836120605,0.6082803010940552,0.026346823200583458,-0.5191164016723633,-1.4524686336517334,0.7317125201225281,0.47051331400871277,-2.0194902420043945,0.7294559478759766,1.1902308464050293,-1.182030439376831,0.22590422630310059,0.40805113315582275,-0.40290334820747375,-0.13548870384693146,0.6243536472320557,0.5645737051963806,0.07295772433280945,-0.052746959030628204,-0.08999288082122803,0.0021188666578382254,-0.005710002966225147,-0.0011116467649117112,-2.5255296350223944e-5,8.917173545341939e-6,AM7208
0.559638261795044,0.3171958029270172,0.3787815272808075,-0.6431748270988464,0.6267911791801453,1.3781192302703857,0.4927801191806793,-0.30915823578834534,-1.7051221132278442,0.8291501998901367,-0.23873373866081238,-1.257763385772705,0.08048524707555771,0.8287191390991211,-0.08478949964046478,0.18532945215702057,0.9099810719490051,-0.6486636400222778,-0.13061311841011047,0.6209965944290161,0.7823870778083801,0.2206498086452484,-0.17148683965206146,-0.040636640042066574,0.004947698675096035,-0.003078538691624999,-5.71761280298233e-4,-8.335204620379955e-5,1.0612543701427057e-4,AM7209
0.5669209361076355,0.18672475218772888,0.798288106918335,-0.3829484283924103,0.24498654901981354,1.359934687614441,0.6872183680534363,0.09529099613428116,0.10430481284856796,1.2312148809432983,-0.6055999994277954,0.42768487334251404,-0.5805182456970215,0.1974060982465744,-0.39562708139419556,0.09406136721372604,-0.4192429482936859,0.22128263115882874,-0.31080952286720276,-0.0696554109454155,-0.436425119638443,0.037900328636169434,-0.10889658331871033,0.06646215915679932,0.001573289162479341,0.0038322017062455416,8.038613595999777e-4,-2.111567482643295e-5,8.105918095679954e-5,AM7211
0.6989074349403381,0.2534315288066864,0.8280156850814819,-0.4315344989299774,-0.22730033099651337,0.8206993937492371,0.3100033700466156,-0.2648055851459503,0.4877072870731354,0.8213821053504944,-0.19543029367923737,0.862225353717804,-0.9807972311973572,-0.17061346769332886,0.23724712431430817,0.21651148796081543,-0.37012335658073425,0.22413600981235504,-0.14259164035320282,-0.670034646987915,-0.43294885754585266,-0.042603783309459686,0.08640506863594055,0.05639931932091713,9.969527600333095e-4,0.0032973631750792265,6.688833818770945e-4,-1.8150849427911453e-5,5.786668407381512e-5,AM7213
0.407439261674881,-0.07990104705095291,0.9343057870864868,-0.7644248008728027,-1.442957878112793,-0.4005751609802246,0.9744030237197876,0.005090352147817612,0.8267101049423218,1.7120869159698486,0.13886217772960663,0.26574015617370605,0.5715522170066833,-1.119537591934204,-0.37067705392837524,-0.6596741676330566,-0.5183786749839783,-0.2622021436691284,0.4572999179363251,0.02151673473417759,-0.01841682940721512,-0.04806377738714218,-0.04389229416847229,0.001748364302329719,0.004370922688394785,-4.0298973908647895e-4,8.106180757749826e-6,-5.857197174918838e-5,1.2231346045155078e-4,AM7214
0.7082530856132507,0.3336504101753235,0.8614946007728577,-0.6636272072792053,-0.3637285530567169,-0.0281207375228405,0.6696157455444336,0.12717659771442413,0.886039674282074,1.0334148406982422,0.1496494561433792,0.831253170967102,-0.6059058308601379,0.19902057945728302,0.22339975833892822,-0.7529964447021484,-0.4480592608451843,0.035452503710985184,0.005295627750456333,-0.3823916018009186,-0.18819953501224518,-0.16783024370670319,0.47134101390838623,0.05127968266606331,-2.0887561549898237e-4,0.003150430042296648,5.375220207497478e-4,-1.66354493558174e-5,2.0129900804022327e-6,AM7215
0.6494632363319397,0.24384231865406036,0.686394214630127,-0.6301513910293579,-0.971784234046936,-0.24262818694114685,0.775517463684082,-0.7383360266685486,-0.12535928189754486,0.4697326421737671,-0.8717516660690308,-0.0379972830414772,-0.5173928737640381,0.57228022813797,-0.2811661958694458,0.11974189430475235,-0.3969336152076721,-0.5412470102310181,-0.23619811236858368,-0.24201712012290955,0.044948138296604156,0.11474929749965668,-0.1770719587802887,-0.03488609939813614,-0.005227986723184586,-0.0015133187407627702,-3.4766277531161904e-4,8.254374552052468e-5,-1.4902197290211916e-4,AM7216
-0.22561077773571014,0.41434282064437866,0.22316280007362366,0.2130400836467743,-0.12025237828493118,0.17129391431808472,0.11365531384944916,1.4550594091415405,-0.4144722819328308,-0.79206085205078125,-0.11065327376127243,0.3207657039165497,-0.6281663775444031,0.05242636427283287,0.41060447692871094,-1.3590052127838135,-0.0033623138442635536,-0.33972853422164917,0.0683610737323761,0.49722418189048767,-0.2894149720668793,-0.4858154356479645,-0.3898547887802124,-0.038696445524692535,-0.0013978680362924933,-0.0020722856279462576,-2.076434757327661e-4,6.992738781264052e-5,-2.6383506337879226e-5,AM7221
0.09244834631681442,0.5783182978630066,-0.23666046559810638,1.0535404682159424,-0.8600850105285645,-0.4434812068939209,-1.310025930404663,-0.04030486196279526,1.504050850868225,-0.3735632598400116,-0.18620194494724274,-0.4762805998325348,-0.08293522894382477,0.008453721180558205,1.8155789375305176,-0.6334499716758728,-1.2750579118728638,-0.9595685601234436,1.0926772356033325,0.16440992057323456,0.8231088519096375,-0.19847184419631958,-0.1972256302833557,-0.07699437439441681,-0.0030676170717924833,-0.00424900371581316,-8.075954974628985e-4,5.014777707401663e-5,-1.1429328878875822e-4,AM7223
0.1782810091972351,0.38586828112602234,-0.6555016040802002,0.30139005184173584,-0.44689154624938965,-0.50232994556427,-1.0424883365631104,-0.730318009853363,1.7500073909759521,0.5154596567153931,-1.3145862817764282,-0.3026845157146454,0.32273441553115845,0.3449421226978302,0.908168613910675,0.06594749540090561,-4.1948453872464597e-4,-1.2364202737808228,0.09662926197052002,0.8042870163917542,1.339321494102478,0.4174077808856964,-0.6544358134269714,-0.0894956961274147,-0.00892969686537981,-0.004411328583955765,-9.765257709659636e-4,1.2035381223540753e-4,-2.8010382084175944e-4,AM7224
0.10000879317522049,0.4871937036514282,0.05471774935722351,1.2345846891403198,-0.19186942279338837,-0.4675808846950531,-1.6146702766418457,0.13558849692344666,0.344494104385376,0.7700768113136292,-0.3535015881061554,0.6299518346786499,-1.0749255418777466,-0.8125004768371582,1.7335284948349,0.10938979685306549,0.5737121105194092,-0.6510298848152161,-0.19118809700012207,0.133253276348114,0.5484544038772583,0.14744363725185394,-0.3432703912258148,0.01117426436394453,-0.0037563752848654985,0.0011095424415543675,1.9178811635356396e-4,4.2862124246312305e-5,-9.21042519621551e-5,AM7226
-0.05423123389482498,0.4731335937976837,-0.08499449491500854,0.9765331149101257,-0.09242656081914902,-0.5909640789031982,1.0594818592071533,1.5439097881317139,0.25065356492996216,0.18477395176887512,1.449529767036438,-0.26551786065101624,0.5608178377151489,1.3514461517333984,-1.3586801290512085,-1.394913673400879,-1.6072242259979248,-1.3345552682876587,-0.549978494644165,0.05187069997191429,0.2850659489631653,0.07109576463699341,-0.2396267056465149,0.08320276439189911,0.001934681786224246,0.0048089539632201195,9.938592556864023e-4,-4.772447209688835e-5,9.277377830585465e-5,AM7228
0.04876391589641571,0.3200386166572571,-0.5098787546157837,-0.026086101308465004,0.40242111682891846,-0.5277692675590515,1.9667210578918457,1.1560750007629395,0.5550021529197693,0.3755444586277008,-0.25447770953178406,-0.12630358338356018,0.12951675057411194,-0.6399164795875549,0.40663930773735046,-0.019155899062752724,0.5415337085723877,0.0506029948592186,0.23127873241901398,0.5170100331306458,-0.17637579143047333,-0.17748509347438812,0.13308636844158173,0.011714663356542587,-0.004953977186232805,0.0013331506634131074,1.9137823255732656e-4,7.622406701557338e-5,-1.336178684141487e-4,AM7229
0.01426196563988924,0.49526599049568176,-0.03509300947189331,0.9225698709487915,0.1195790246129036,-0.9507430791854858,1.4684120416641235,1.6108262538909912,-0.6826592087745667,0.6738874912261963,0.8260265588760376,-0.05975593626499176,-0.5078939199447632,-0.1559562385082245,-0.8092801570892334,-0.4747244119644165,0.069303959608078,-0.1251951903104782,-0.9998170137405396,-0.03657599911093712,0.1264469027519226,-0.40025585889816284,-0.15938572585582733,-0.09673426300287247,-0.004555054008960724,-0.005237667355686426,-9.548139059916139e-4,1.0090060823131353e-4,-1.505045365775004e-4,AM7230
0.08608915656805038,0.5599374175071716,0.16360516846179962,0.83841705322265625,0.3059414327144623,-1.3502756357192993,0.49086838960647583,-0.10159169882535934,-1.164644479751587,-0.6163155436515808,0.6225028038024902,1.345421314239502,0.21575170755386353,0.804551362991333,-0.7662097811698914,0.3420071005821228,-0.2920317053794861,0.663185715675354,-0.11596480756998062,-0.8131890892982483,0.1797991693019867,0.3285793960094452,-0.0823691189289093,-0.01555104274302721,0.007578409276902676,-0.001911245402880013,-3.0808246810920537e-4,-1.2085461639799178e-4,2.0007617422379553e-4,AM7236
0.16366752982139587,0.4295126497745514,-0.8549297451972961,0.0866762176156044,0.4110773503780365,-1.895801067352295,1.9743646383285522,0.9169476628303528,0.24779291450977325,-0.2534494400024414,-1.5577609539031982,0.020897123962640762,-0.3841126561164856,0.8841521739959717,-0.9251188635826111,-0.5772138833999634,0.9318983554840088,-1.0678304433822632,2.1971006393432617,0.37991634011268616,-1.3171839714050293,0.6916478276252747,1.447752594947815,-0.18118813633918762,-0.004887823946774006,-0.010587692260742188,-0.0026068503502756357,7.471686694771051e-5,-2.7386253350414336e-4,AM7237
0.22236070036888123,0.08838790655136108,-0.5573567748069763,0.24062681198120117,0.2974446713924408,-0.2129410207271576,-1.1400305032730103,-0.6911691427230835,0.15073446929454803,0.31193187832832336,0.7251511216163635,0.4322332441806793,0.33131492137908936,-0.5873433947563171,-0.08687877655029297,0.0562167689204216,-0.03864571452140808,-0.17281173169612885,-0.1339392215013504,-0.03694571182131767,-0.48163262009620667,0.11192039400339127,0.030893897637724876,0.010249684564769268,-0.005201856140047312,0.0012113224947825074,1.4579635171685368e-4,8.147579501383007e-5,-1.3360347656998783e-4,AM7241
0.15838250517845154,0.01830032654106617,-0.6958061456680298,-0.18936364352703094,0.29143407940864563,-0.6134501099586487,-0.1888522505760193,-0.41062265634536743,-0.6598889231681824,0.5210286378860474,-0.0034435938578099012,-0.2709617614746094,0.08878543227910995,-0.8831213116645813,-0.6790338158607483,-0.7227907776832581,-0.34108051657676697,-0.16548165678977966,-0.27187010645866394,-0.06791654974222183,-0.47646790742874146,0.2687561810016632,-0.4880357086658478,0.010279590263962746,-0.007949186488986015,0.0015210623387247324,2.647560031618923e-4,1.347646611975506e-4,-1.8649036064743996e-4,AM7242
0.13060304522514343,-0.3899342715740204,0.459581196308136,-0.6300901770591736,-0.3259628713130951,-1.0824410915374756,-0.7692252397537231,1.14528226852417,1.0039042234420776,-0.8624270558357239,-0.8115563988685608,-0.32493212819099426,0.06320320069789886,-1.2382278442382812,-0.0632535070180893,0.5764176845550537,-0.297577828168869,0.26960811018943787,-0.8333367109298706,-0.17128044366836548,-0.7241920828819275,-0.032324641942977905,0.037296049296855927,-0.014487787149846554,-0.0056606438010931015,-2.0845793187618256e-4,-9.363229764858261e-5,1.0463027138030156e-4,-1.4989373448770493e-4,AM7243
0.2551596462726593,-0.2559231221675873,-0.09437539428472519,0.07572649419307709,0.37109822034835815,-0.9552857875823975,-0.42353078722953796,0.7296400666236877,-0.9270560145378113,-0.1657535284757614,0.9027904868125916,-1.0717138051986694,0.0507793128490448,0.8137988448143005,0.8428559899330139,0.5268712639808655,0.3653896749019623,0.3140159249305725,0.08547602593898773,0.4592137038707733,0.15344573557376862,-0.12239294499158859,-0.12948353588581085,0.04147278517484665,0.005395282991230488,0.00190552300773561,4.95685962960124e-4,-7.969734724611044e-5,1.6660582332406193e-4,AM7255
0.12247534841299057,-0.09316632896661758,-0.01447700522840023,-1.0312646627426147,0.3279763460159302,-1.1347178220748901,-1.0390117168426514,1.3154430389404297,0.012632224708795547,0.3345080316066742,1.0240466594696045,-0.617318332195282,-0.26353374123573303,0.12184031307697296,0.8272597193717957,-0.10255571454763412,0.04508209973573685,0.5936480760574341,0.23030956089496613,0.05460038036108017,0.15319716930389404,-0.07590823620557785,0.20739012956619263,2.548104675952345e-4,-4.196984809823334e-4,7.730462675681338e-5,-3.4401007724227384e-5,-3.905589892383432e-6,-2.1947840650682338e-5,AM7256
-0.13198016583919525,0.3372105360031128,-0.3132394254207611,-1.1418029069900513,0.03044363670051098,0.4542239308357239,0.4007711708545685,0.681217610836029,1.4925882816314697,-0.9869233965873718,-0.12914292514324188,0.5599546432495117,0.4047929644584656,-0.2093050330877304,-0.35596832633018494,-0.5142309665679932,-0.004781876690685749,1.108040452003479,-0.7604329586029053,-0.03439154103398323,0.19023753702640533,-0.2466697096824646,0.42441412806510925,-0.0018376985099166632,3.8851331919431686e-4,-1.1695496505126357e-4,-7.823533087503165e-5,-1.9305200112285092e-5,-7.932841072033625e-6,AM7260
0.04886539652943611,0.3937513530254364,-0.3399362862110138,0.27116137742996216,-0.6096913814544678,-0.28883907198905945,0.9279243350028992,0.49947142601013184,0.3060414493083954,-0.4125209152698517,1.1071487665176392,0.13293477892875671,-0.5831149220466614,1.0413494110107422,0.7808700799942017,0.4796293377876282,0.3537961542606354,1.379091501235962,0.8221786618232727,0.02146165445446968,0.27072691917419434,-0.3358399271965027,-0.048986539244651794,-0.022001098841428757,-0.0028636609204113483,-9.223238448612392e-4,-1.4255866699386388e-4,5.022782352170907e-5,-8.175997209036723e-5,AM7261
0.033957164734601974,0.16412733495235443,0.1778334230184555,0.5737997889518738,0.8002074360847473,-0.7697640657424927,1.0907633304595947,-2.54337477684021,0.4553247094154358,-1.7857221364974976,1.375618577003479,-0.7979466319084167,-2.1852831840515137,-0.11722208559513092,-0.536186695098877,0.40937188267707825,-0.9087719321250916,1.7720763683319092,0.3671817183494568,0.844806969165802,0.5552605986595154,-0.1502387374639511,0.24820207059383392,-0.024352125823497772,-0.0022275515366345644,-0.0011755572631955147,-3.256499476265162e-4,1.9194436390534975e-5,-9.26837237784639e-5,AM7266
0.20915235579013824,0.07363580167293549,-0.499809205532074,0.617037832736969,0.5940400958061218,0.8175485134124756,-0.3926730453968048,-0.1335316002368927,0.9955382943153381,-0.09496746212244034,1.0334281921386719,1.6010299921035767,0.03631654754281044,1.3349945545196533,-0.7696047425270081,1.6775544881820679,0.4959002435207367,-0.183013916015625,-0.21010908484458923,0.3656080365180969,-0.47066935896873474,0.07120051980018616,0.18491390347480774,-0.03740531578660011,0.002816831925883889,-0.0026231196243315935,-5.18566754180938e-4,-2.510382364562247e-5,5.4302938224282116e-5,AM7269
-0.019088612869381905,0.3406120836734772,0.3661447763442993,-0.15172533690929413,1.0864375829696655,-0.6790481805801392,0.46305468678474426,-2.0289814472198486,0.7757432460784912,-2.4077796936035156,0.27482545375823975,-0.7209033370018005,-2.014591932296753,-1.2478463649749756,-0.8738468289375305,-0.27090951800346375,-0.20856468379497528,1.225692868232727,0.5869383215904236,0.8847194910049438,-0.10992054641246796,-0.6596308350563049,0.5716623663902283,-0.019378047436475754,-0.0045256949961185455,-5.137977423146367e-4,-1.7295440193265676e-4,7.562696555396542e-5,-1.4997570542618632e-4,AM7270
0.04192962497472763,0.522941529750824,0.029281234368681908,0.7399510741233826,0.6549503803253174,1.0101779699325562,-1.0191529989242554,0.8174979090690613,1.392317533493042,-0.06438038498163223,0.3130383789539337,-0.26577457785606384,-0.21391281485557556,-0.41752347350120544,0.7635032534599304,0.28789615631103516,0.5824549198150635,0.8772860765457153,-0.01599339209496975,-0.8628111481666565,-1.1317025423049927,-0.20410938560962677,-0.25758010149002075,-0.11257344484329224,-8.339557098224759e-4,-0.006696077063679695,-0.001138921594247222,8.405446715187281e-5,-3.2422831282019615e-5,AM7272
-0.07282240688800812,0.49137118458747864,0.3704622983932495,0.7970555424690247,1.4396220445632935,0.041585057973861694,-0.5737079977989197,-1.9655646085739136,0.6297922134399414,-0.18832367658615112,-2.4344563484191895,-0.9909191727638245,1.7765737771987915,1.2540650367736816,-1.0582630634307861,-0.24045191705226898,0.4707269072532654,0.19827750325202942,-0.31816738843917847,-2.453857660293579,-0.5752745270729065,-1.2255855798721313,0.5264683365821838,0.019493520259857178,-0.004674206022173166,0.0019444091012701392,5.11874386575073e-4,8.893229096429422e-5,-9.512816177448258e-5,AM7273
-0.023348582908511162,-0.29720309376716614,-0.423475056886673,-0.4154413342475891,0.4631805717945099,-0.2838272750377655,0.5779196619987488,0.46648842096328735,-0.4130410850048065,0.9651186466217041,1.7879186868667603,0.08248040080070496,0.277442991733551,-0.5504264831542969,-0.24950449168682098,-0.7490754127502441,-0.6007027626037598,0.19933463633060455,0.13536475598812103,-0.1529548615217209,0.032048698514699936,-0.3276277184486389,0.2576506435871124,-0.016976919025182724,-0.0012141435872763395,-8.266973309218884e-4,-1.69181075762026e-4,2.0246296116965823e-5,-4.5264481741469353e-5,AM7277
-0.20973995327949524,0.17561866343021393,-0.1371108889579773,0.4966620206832886,-0.35287904739379883,0.8466379642486572,1.274307370185852,1.3621275424957275,1.3430097103118896,-0.23348963260650635,1.9784520864486694,-1.0083630084991455,1.2563352584838867,0.6144324541091919,0.4544450342655182,-0.38682612776756287,-0.5964297652244568,-0.3842555582523346,-0.1739727258682251,-0.39051878452301025,-0.23451034724712372,0.2086864858865738,0.9287193417549133,0.1425081491470337,0.0041358997114002705,0.008077425882220268,0.001354432082735002,-1.2668798444792628e-4,1.2997780868317932e-4,AM7278
-0.2823805809020996,0.18874648213386536,0.7043286561965942,-0.3259342610836029,0.6050862073898315,-1.1767371892929077,1.0110522508621216,0.3829466998577118,-0.16810114681720734,1.178468942642212,0.9518230557441711,1.4640341997146606,2.2443416118621826,-0.3825569152832031,-0.4075789749622345,0.5014553666114807,-0.26384270191192627,1.4850493669509888,0.27359190583229065,-1.062028408050537,1.170372486114502,0.3489362895488739,-0.7642715573310852,-0.12087973952293396,-0.002810291014611721,-0.0070405821315944195,-0.0013174826744943857,4.3836538679897785e-5,-1.0513023153180256e-4,AM7280
-0.38419216871261597,-0.025154294446110725,0.7695571184158325,-0.782528281211853,1.148511290550232,-0.2135419100522995,0.7348781228065491,-1.1114839315414429,-0.33159202337265015,0.044900763779878616,-0.17356117069721222,1.0303916931152344,-0.17694327235221863,1.6048375368118286,2.621088981628418,-1.0513153076171875,-0.17359690368175507,-1.7885668277740479,-0.7296599745750427,0.1361647993326187,0.11326824873685837,-0.6925573348999023,0.024934668093919754,-0.19223971664905548,-0.020147832110524178,-0.00911919865757227,-0.00191742111928761,3.4732799394987524e-4,-6.172669236548245e-4,AM7283
-0.45159465074539185,0.013641094788908958,0.6576646566390991,-0.09389998763799667,0.7726045846939087,-0.21752683818340302,0.6208833456039429,-0.398785263299942,-0.8916205167770386,0.8639683723449707,-0.685472309589386,1.288320541381836,0.6768649816513062,0.859240710735321,1.576026201248169,0.10160868614912033,0.5719468593597412,-0.0586005374789238,0.10841911286115646,-0.2750968039035797,0.6610369682312012,-0.22005824744701385,0.6738781332969666,0.017652716487646103,-9.978188900277019e-4,0.001220609643496573,7.581491081509739e-5,-2.9524959245463833e-5,-5.3998432122170925e-5,AM7284
-0.35487744212150574,-0.16561657190322876,0.47853273153305054,-0.10442688316106796,0.8698388934135437,-0.5165737271308899,1.5134756565093994,-2.269756555557251,0.22416600584983826,-0.3546208143234253,-0.3507687747478485,-0.9307236671447754,0.6709851026535034,-0.5032598376274109,0.7802295088768005,-0.41854342818260193,0.16094860434532166,-1.3168669939041138,0.46426790952682495,0.7004144787788391,-0.7791988849639893,0.8493763208389282,0.08101331442594528,0.19342991709709167,0.030134137719869614,0.007969919592142105,0.0017900788225233555,-4.746575141325593e-4,8.831748855300248e-4,AM7285
0.07583648711442947,0.022699130699038506,-0.176125630736351,-1.1381264925003052,0.8159647583961487,-0.5333629846572876,-0.6500429511070251,0.7314720153808594,0.1641259342432022,0.6137434840202332,1.0106265544891357,-0.33365485072135925,-0.49826472997665405,-0.6707162261009216,0.7284901142120361,-1.1057697534561157,-0.4555971920490265,0.445037841796875,-0.16874948143959045,-0.44439172744750977,-0.012504101730883121,-0.10369516909122467,0.5722866654396057,-0.0589187890291214,-0.0031986653339117765,-0.0031884140335023403,-7.816822617314756e-4,3.8612990465480834e-5,-1.3288826448842883e-4,AM7294
-0.1922503113746643,-0.06283996254205704,0.4243331551551819,0.26063328981399536,0.972022294998169,-0.6632850170135498,0.9343003034591675,-2.1915981769561768,0.7393216490745544,0.033873531967401505,1.4471009969711304,-1.370647668838501,-1.410429835319519,-0.1653333604335785,0.3099176585674286,0.2077181339263916,-0.5704619884490967,0.025212597101926804,-2.712951898574829,-0.05317309498786926,-0.31790024042129517,1.569981575012207,-0.7539998292922974,-0.06710278242826462,-0.003554504131898284,-0.00394298555329442,-9.642502409406006e-4,5.208084257901646e-5,-1.142206892836839e-4,AM7295
-0.39211365580558777,-0.2986871004104614,0.6895889639854431,-0.7937428951263428,0.5138382315635681,0.14139974117279053,-0.8023255467414856,0.22353899478912354,2.189241647720337,-0.23052772879600525,1.7279475927352905,-0.8483753800392151,-2.282667636871338,-1.0173068046569824,-2.889686346054077,0.8964546322822571,1.5717166662216187,-2.6541459560394287,1.693315863609314,-1.536124348640442,1.6126981973648071,-0.42652514576911926,-0.3515973687171936,0.04641571640968323,-0.0010658835526555777,0.003038545837625861,7.213443168438971e-4,-2.3754606445436366e-5,4.745885235024616e-6,AM7302
-0.24768193066120148,0.08209177106618881,0.20551566779613495,1.1566630601882935,-0.1778862625360489,-0.08022572845220566,0.5250223278999329,0.8299561738967896,-1.6619175672531128,0.2711952328681946,1.461496114730835,0.5227979421615601,0.06930337846279144,-0.7898873090744019,-0.3330681025981903,0.27960219979286194,0.8804226517677307,-0.30358928442001343,-0.8352991342544556,0.4210217297077179,0.11849558353424072,-0.6316975355148315,0.47568491101264954,0.004821475129574537,-0.008210524916648865,0.0013869974063709378,1.5811642515473068e-4,1.1614889808697626e-4,-2.3580624838359654e-4,AM7303
-0.21813912689685822,-0.2135075330734253,-0.4387036859989166,0.08663421124219894,-0.2717430889606476,0.3174033463001251,1.3799587488174438,0.6755658984184265,0.21673016250133514,1.467641830444336,0.6691684126853943,-0.1772417575120926,-0.12536101043224335,0.24084164202213287,-0.5524999499320984,1.5074318647384644,1.4921013116836548,-0.21283982694149017,-0.719299852848053,0.4446770250797272,-0.1448633074760437,0.15126486122608185,0.15548063814640045,0.011601605452597141,-0.005317443981766701,0.0013033068971708417,9.962061449186876e-5,6.848524208180606e-5,-1.5080931189004332e-4,AM7304
-0.2715751826763153,0.5110484957695007,0.6232696175575256,-0.486092746257782,0.5088505148887634,-0.5939974784851074,-0.4923036992549896,1.1840908527374268,-1.0285625457763672,0.24372585117816925,-0.7235131859779358,1.365904450416565,-0.47522974014282227,0.8340365886688232,-0.7069622278213501,0.5828750133514404,0.18063443899154663,0.8012393116950989,1.1489852666854858,0.7571738362312317,0.20922856032848358,0.508405327796936,-0.49375423789024353,0.058475080877542496,0.0010786035563796759,0.003335034940391779,6.550673278979957e-4,-2.8977779948036186e-5,5.937171226833016e-5,AM7312
-0.4049772024154663,-0.09648488461971283,0.8906779289245605,-0.6254698634147644,1.0751349925994873,-0.18988649547100067,0.01885642297565937,-0.5130439400672913,0.7202638387680054,0.6427400708198547,0.9222968816757202,0.5850131511688232,0.8290718197822571,0.7524522542953491,1.0922749042510986,0.9075732231140137,-0.23443125188350677,-1.5527009963989258,1.2527576684951782,1.1142381429672241,-1.4931960105895996,-0.5192127227783203,-0.9448133111000061,0.07369402050971985,-0.0018969960510730743,0.004812653176486492,0.001309958635829389,1.1408124555600807e-4,4.5475106162484735e-5,AM7313
-0.3168092966079712,-0.06859900057315826,0.402278870344162,0.689362645149231,-0.31687894463539124,-1.447080373764038,0.25310218334198,-1.3341554403305054,0.17238350212574005,1.9499040842056274,-0.4231009781360626,-0.7020992636680603,1.6284185647964478,-0.8292194604873657,0.08548091351985931,0.8450616002082825,-0.15950722992420197,1.0081475973129272,0.6927945613861084,0.11221697926521301,-0.39580342173576355,-0.17461536824703217,0.03926985338330269,0.006300239358097315,-0.001048605889081955,5.37139072548598e-4,1.326552010141313e-4,3.042639400518965e-5,-1.973049256775994e-5,AM7318
-0.06872308254241943,-0.2806815207004547,-0.5901879072189331,-0.259196400642395,-0.3663617670536041,-0.8562256097793579,-1.2149156332015991,-0.09436588734388351,0.3902180790901184,1.7259058952331543,0.42605119943618774,-0.5356029272079468,-0.6219923496246338,1.38169264793396,-0.6586232781410217,0.2635408043861389,0.37776246666908264,-0.5508649945259094,0.5022812485694885,0.2750358581542969,-0.817275881767273,0.40555956959724426,0.9810768365859985,-0.12176615744829178,-0.008005310781300068,-0.006541659124195576,-0.001701323315501213,1.1676303256535903e-4,-3.1248413142748177e-4,AM7319
-0.31511205434799194,0.5147243738174438,0.2966337502002716,-0.16752368211746216,-0.04250052198767662,-0.1477186530828476,-0.8998551368713379,1.200261116027832,-0.8377816081047058,0.4059956669807434,-1.6604373455047607,-0.3599821925163269,-1.5221377611160278,0.07092312723398209,-0.976388692855835,-0.5391643643379211,-0.7522862553596497,0.8353056311607361,0.6404023766517639,1.2901605367660522,-0.8666529059410095,-0.2992628514766693,-1.6593132019042969,0.058739226311445236,0.0035995186772197485,0.0032346011139452457,0.001190585782751441,4.0594954043626785e-5,2.080203266814351e-4,AM7320
-0.35531172156333923,0.1391458511352539,0.700167715549469,0.17625993490219116,-0.03885411471128464,-0.410695344209671,-1.4203925132751465,-0.1382884830236435,0.16383342444896698,1.2096030712127686,-0.2275082767009735,0.45991119742393494,1.1812483072280884,-0.022298717871308327,-0.4961692988872528,0.9067736268043518,-0.20073814690113068,1.373641014099121,-0.2520114779472351,-0.2931005656719208,0.514202356338501,0.9346678256988525,0.28310781717300415,-0.1136641725897789,-0.008337748236954212,-0.0060897404327988625,-0.0016025560908019543,8.556395914638415e-5,-3.0893104849383235e-4,AM7321
-0.24870255589485168,0.35749197006225586,-0.34334826469421387,-0.3733917772769928,-0.7515851855278015,0.44081440567970276,1.179410696029663,0.13497626781463623,0.1380205899477005,-1.3253227472305298,-1.2848199605941772,-0.674006462097168,-0.14665859937667847,0.45143789052963257,0.7969203591346741,0.17221035063266754,-0.5341197848320007,0.06002089008688927,0.2206682413816452,-1.2939194440841675,0.40177983045578003,0.9289842844009399,-0.5292874574661255,-0.02890731953084469,0.0029540210962295532,-0.0022815107367932796,-4.6869402285665274e-4,-6.353084609145299e-5,7.94542720541358e-5,AM7323
-0.11671122163534164,-0.024553244933485985,-0.55203777551651,-0.5616469383239746,-0.8179824948310852,-0.4664466679096222,0.10154229402542114,-0.7944571375846863,0.5166352391242981,0.4527581036090851,-0.6876854300498962,0.6254373788833618,0.5091770887374878,0.0562455877661705,-0.5403046011924744,0.8646511435508728,0.17253418266773224,-0.6195706129074097,-0.6953243613243103,-0.139150932431221,0.09886142611503601,0.08135709911584854,-0.07910566031932831,0.040490541607141495,0.01775272749364376,3.3035132219083607e-4,3.2181362621486187e-4,-2.6468830765224993e-4,4.997644573450089e-4,AM7325
-0.3747106194496155,0.35180455446243286,0.5492458939552307,-0.206660658121109,0.40514835715293884,0.10572510212659836,-1.0764427185058594,0.9457568526268005,-0.49756917357444763,0.4563004672527313,-1.3608999252319336,0.6150949001312256,-0.48678040504455566,0.4972129464149475,-0.22752054035663605,0.013708929531276226,0.044015903025865555,0.7246794104576111,0.1487169861793518,0.6893528699874878,0.7592514157295227,0.30174022912979126,0.5576990246772766,0.08719441294670105,-2.845018752850592e-4,0.005258558318018913,7.620186079293489e-4,-6.63721511955373e-5,-1.8104665286955424e-5,AM7327
0.03982540965080261,-0.4131179451942444,-0.68035125732421875,0.17532096803188324,-0.45040249824523926,-0.4125978350639343,-0.45909133553504944,-0.9769497513771057,-1.7425742149353027,1.0241514444351196,0.4883551597595215,-0.2461947500705719,-1.1592044830322266,0.0943724513053894,0.8613936901092529,0.7616771459579468,-0.8259629607200623,0.059091925621032715,0.6400341987609863,-0.7881404757499695,0.22452308237552643,-0.3199499845504761,0.34517818689346313,0.05312459170818329,0.002218718407675624,0.0030082117300480604,6.023778696544468e-4,-5.613927714875899e-5,7.489177369279787e-5,AM7328
0.010869382880628109,-0.18061737716197968,-0.8342345952987671,0.026774737983942032,-0.2672271132469177,0.17719124257564545,-0.21852697432041168,-1.3107597827911377,-1.0423228740692139,0.38979578018188477,0.05239369347691536,1.395380973815918,-1.2555110454559326,0.41990596055984497,0.367704302072525,1.2025766372680664,-0.8083174824714661,0.013349787332117558,-0.10144738852977753,-0.5009583830833435,-0.274661660194397,-0.08923356980085373,-0.027753282338380814,0.037772178649902344,2.1517218556255102e-4,0.0022760857827961445,4.906213725917041e-4,-1.2081395652785432e-6,3.1814332032809034e-5,AM7329
-0.30843979120254517,0.42068207263946533,-0.016651248559355736,0.46891191601753235,-0.5358971953392029,-0.31924059987068176,-0.11732078343629837,0.5784029960632324,-1.3692066669464111,0.8737630844116211,-1.8740366697311401,-1.0674235820770264,-1.7502652406692505,0.3523077964782715,-0.969753623008728,-0.2046549916267395,0.08878500759601593,-0.21142977476119995,-1.115217924118042,-0.34655141830444336,0.13652878999710083,-0.1749780923128128,0.5295209884643555,0.10013513267040253,0.006451354827731848,0.005324316676706076,0.001028353231959045,-1.340604794677347e-4,1.9552794401533902e-4,AM7332
-0.36480405926704407,0.24884510040283203,0.3323482871055603,0.12028788030147552,-0.9188525676727295,0.07631513476371765,-1.8830440044403076,0.7286544442176819,-0.0052326093427836895,0.6017324924468994,0.3717711269855499,-0.10314641147851944,-1.6447091102600098,0.20089806616306305,0.012875179760158062,0.5514728426933289,-0.6653501987457275,-0.08719360828399658,-0.01833382435142994,-0.10873434692621231,-0.9409741759300232,0.41981241106987,0.17872369289398193,-0.02240990474820137,0.009058769792318344,-0.0025338076520711184,-4.616293590515852e-4,-1.1579953570617363e-4,2.3321036132983863e-4,AM7333
-0.15878713130950928,-0.07061628997325897,-0.6371243596076965,-0.4574180245399475,-0.45487651228904724,0.2797139286994934,0.24577881395816803,-0.8351564407348633,0.06124602258205414,0.7793900966644287,-0.3108956515789032,0.7716399431228638,-1.1977893114089966,1.3534075021743774,-0.05299980193376541,0.9274454712867737,-0.43758460879325867,0.6453384757041931,-0.6624861359596252,-0.00925519596785307,0.11647473275661469,-0.6626830101013184,0.5529536008834839,0.04418061301112175,0.005323193967342377,0.0021654057782143354,4.995273193344474e-4,-8.860843809088692e-5,1.4757430471945554e-4,AM7334
-0.20590093731880188,0.13479308784008026,-0.40909600257873535,-0.46545833349227905,-0.3031482696533203,0.6965392231941223,0.534898579120636,0.07174263894557953,0.9228267669677734,-0.027776308357715607,0.011469896882772446,0.01693091355264187,-0.03086165152490139,-0.24632863700389862,0.41173040866851807,0.5558270812034607,0.48698508739471436,0.7800918817520142,-0.8978580832481384,0.23283885419368744,0.4464695155620575,-0.25437724590301514,0.33107203245162964,0.002845015609636903,5.882388795726001e-4,1.5167202218435705e-4,-1.1871594324475154e-5,-2.6122988856513985e-05,-1.4071333680476528e-6,AM7336
-0.29469382762908936,0.10497631132602692,-0.08673661947250366,-0.13607406616210938,-0.3720232844352722,1.385393738746643,0.1591646671295166,1.0112853050231934,1.2800590991973877,-0.32243236899375916,0.42355337738990784,-1.0346567630767822,0.30850332975387573,0.05389535799622536,0.7051908373832703,-0.437635600566864,-0.6195218563079834,0.3259445130825043,-0.0661914199590683,-0.17512336373329163,-0.18366850912570953,0.339798241853714,0.06186414510011673,0.013357801362872124,-0.001959186280146241,9.701122180558741e-4,7.679408008698374e-5,1.6415307982242666e-5,-5.30756005900912e-5,AM7337
-0.2269645482301712,0.3348938226699829,0.0032119511160999537,0.5744959115982056,-1.1511664390563965,-0.5776640176773071,0.1464211791753769,0.6322119832038879,0.19504554569721222,0.38248273730278015,0.3474594056606293,-0.8928462862968445,-0.5597302317619324,-1.476186990737915,1.2458841800689697,-0.157575786113739,0.24020513892173767,-0.5889428853988647,-0.6419919729232788,-0.6934699416160583,-0.375580370426178,-0.4160318672657013,0.10989303886890411,-0.007051065564155579,0.010020709596574306,-0.0015471450751647353,-6.30993745289743e-5,-1.231588830705732e-4,2.8107906109653413e-4,AM7343
-0.13319063186645508,9.83468722552061e-4,-0.4949500560760498,-0.8573235273361206,-0.47967568039894104,-0.21872545778751373,0.09656647592782974,-0.2999383509159088,0.6561940312385559,0.2833259403705597,-0.11187193542718887,0.8046027421951294,0.32428067922592163,-0.6037787199020386,-0.15834783017635345,0.07591734081506729,0.3375541865825653,0.05675913766026497,-0.9756913781166077,0.40249305963516235,3.090142854489386e-4,-0.3248996138572693,-0.3065353035926819,0.04305129125714302,0.007546735927462578,0.0017885074485093355,6.023762398399413e-4,-9.310614404967055e-5,2.3990112822502851e-4,AM7344
0.18537262082099915,0.12586309015750885,-0.738861083984375,-0.6552735567092896,-0.2742809057235718,-1.2261046171188354,0.7013735175132751,-0.46823441982269287,-1.2082293033599854,0.21978555619716644,-0.4905158579349518,0.9834945797920227,-1.4365711212158203,-0.7436336278915405,1.3656551837921143,0.4962119162082672,0.8255149722099304,-0.03790903091430664,0.4575064480304718,-1.0137841701507568,0.06121189147233963,0.18712027370929718,-0.5810540318489075,0.08182045072317123,0.003958725370466709,0.0044593666680157185,0.0010435139993205667,-6.458476855186746e-5,1.7178728012368083e-4,AM7345
-0.1302754431962967,0.1926034539937973,-0.410268098115921,0.020698605105280876,-0.966498613357544,-0.043014343827962875,1.2149142026901245,0.15537449717521667,0.05727100372314453,-0.3758031725883484,-0.13647714257240295,-0.6423237919807434,-0.25394707918167114,0.21260318160057068,1.1996071338653564,0.11589834839105606,0.1375579833984375,0.0331156849861145,0.293853223323822,-0.8287166357040405,0.5585801601409912,0.4752724766731262,-0.2742907702922821,0.08736378699541092,0.0027350035961717367,0.0048822760581970215,9.404124575667083e-4,-8.383864042116329e-5,1.1317386815790087e-4,AM7346
-0.1651652604341507,-0.023230263963341713,-0.4863545000553131,-1.032654047012329,-0.046091582626104355,0.32670921087265015,-0.3118608295917511,-0.09853685647249222,0.5301284193992615,-0.01648702658712864,-0.05106012523174286,1.229618787765503,-0.13454045355319977,0.06567639112472534,-0.2746443450450897,-0.14574751257896423,-0.7928460240364075,-0.21335040032863617,-0.6852952241897583,0.11108202487230301,0.068635493516922,-0.22620925307273865,0.017460020259022713,0.009116766043007374,0.0034468944650143385,1.8936165724880993e-4,1.286823971895501e-4,-4.609108145814389e-5,9.878547280095518e-5,AM7353
-0.2228458970785141,-0.17573782801628113,-0.43593379855155945,-0.7753167748451233,-0.5369362235069275,0.40623903274536133,-0.5807626843452454,-0.46147605776786804,0.6530972123146057,-0.6070777773857117,-0.021036548539996147,1.2569814920425415,0.4288187325000763,0.253839373588562,-0.7678463459014893,-0.5715551376342773,-1.5378239154815674,-0.3413205146789551,-0.12856319546699524,0.7650414705276489,0.22919133305549622,-0.4890010356903076,0.5119783878326416,-0.029205994680523872,0.006185456644743681,-0.0024126155767589808,-4.207835881970823e-4,-8.876944775693119e-5,1.3197217776905745e-4,AM7354
0.13660895824432373,-0.18463115394115448,-0.552068829536438,0.6600642800331116,1.4658417701721191,1.6153638362884521,-0.04548406973481178,0.28531911969184875,-0.14992807805538177,-0.26482459902763367,0.6383715271949768,1.5406471490859985,0.519801914691925,0.4477134048938751,-0.8603794574737549,0.28957030177116394,-1.8089338541030884,-0.5385000109672546,0.8661112189292908,0.22984808683395386,0.12142899632453918,0.25267916917800903,-0.11428166925907135,0.025056295096874237,8.317487663589418e-4,0.0013752398081123829,2.4296672199852765e-4,-2.3795884771971032e-5,3.053100226679817e-5,AM7356
0.13030996918678284,-0.06774501502513885,-0.420667439699173,0.8823633790016174,2.763341188430786,2.5451133251190186,0.9001269936561584,1.2633655071258545,0.020619722083210945,1.4013707637786865,-2.092531204223633,-0.11158594489097595,-0.3785620331764221,-3.5344414710998535,0.7093284726142883,1.3378218412399292,-0.9576775431632996,-0.5173605680465698,0.41872745752334595,0.13943350315093994,0.403846800327301,0.31846103072166443,0.3663778305053711,-0.0753038078546524,0.0017735447036102414,-0.0048433165065944195,-0.001098239328712225,-4.44709112343844e-5,-1.2853704902227037e-5,AM7359
-0.24806082248687744,-0.1964244246482849,-0.6217696070671082,-0.009646045975387096,-0.4223821759223938,0.4613020420074463,0.9321029186248779,-0.4452741742134094,0.45356497168540955,1.3383805751800537,-2.065277576446533,-1.4278661012649536,0.415633887052536,0.3135102093219757,-1.2128571271896362,0.4239778220653534,0.09545959532260895,0.4232703745365143,-0.11252148449420929,0.7127658128738403,0.03724069893360138,-0.710511326789856,-0.24402472376823425,0.04244397208094597,-0.0017400255892425776,0.0029334137216210365,7.547018467448652e-4,4.9527949158800766e-5,-1.0301308066118509e-5,AM7361
-0.20941470563411713,-0.530378520488739,-0.4478219151496887,-0.31363412737846375,0.2903238832950592,0.6086798906326294,-0.37638169527053833,-0.360957533121109,-0.5928171873092651,0.9374088644981384,-0.32546544075012207,-0.8917797207832336,0.34789901971817017,0.08166171610355377,-0.890824556350708,-1.1801029443740845,-2.4599297046661377,0.28826791048049927,0.3258807063102722,-0.449853777885437,0.06096726655960083,-0.20500819385051727,-0.4426132142543793,-0.022836079820990562,-2.9430302674882114e-5,-0.0013318326091393828,-9.3142080004327e-5,2.5098897822317667e-5,1.677705949987285e-5,AM7362
0.04285478591918945,-0.623685896396637,0.14255963265895844,-0.36887070536613464,-0.03341812267899513,-0.43750259280204773,1.0313173532485962,1.2513138055801392,-0.7345466613769531,-1.9202758073806763,-0.9622830152511597,0.2990644574165344,-0.1341097503900528,-0.11739353835582733,0.23364222049713135,0.8950743675231934,-1.3855417966842651,-0.2679697275161743,-0.26035311818122864,-0.4413653612136841,0.46784156560897827,-0.0047341929748654366,0.268708735704422,0.003050846280530095,-0.004595095291733742,7.268462213687599e-4,-6.030716576788109e-6,3.8340731407515705e-5,-1.3890421541873366e-4,AM7365
0.06718165427446365,-0.18199676275253296,-0.6844163537025452,-0.04339858517050743,-0.1867603361606598,-0.22112205624580383,-0.5640496015548706,-0.6921709775924683,-0.4321812391281128,-0.12421714514493942,0.3362124264240265,0.24464838206768036,0.6604429483413696,-0.2310064733028412,-1.3480877876281738,-0.5971285700798035,-0.4479618966579437,-0.20010711252689362,-0.1004699319601059,-0.49118539690971375,-0.4885537326335907,0.41905808448791504,-0.7294512391090393,-0.04628114402294159,-0.005456454586237669,-0.0022313531953841448,-3.910681698471308e-4,1.1466330761322752e-4,-1.3079956988804042e-4,AM7372
-0.05367393046617508,-0.8647588491439819,0.3001020550727844,0.5946710705757141,-0.6334093809127808,0.15967047214508057,0.24000485241413116,-0.1685250848531723,0.6441704630851746,0.08737211674451828,-0.8738691210746765,0.06833817064762115,0.12846502661705017,0.057580865919589996,-0.6637284755706787,-1.313664436340332,0.9886195659637451,0.4903695285320282,0.1345272958278656,0.269594669342041,-0.13199588656425476,0.2122470736503601,-0.14929591119289398,-0.020187729969620705,6.46432104986161e-4,-0.0013385729398578405,-2.585257461760193e-4,-7.292019290616736e-7,1.1994522537861485e-5,AM7373
0.12033014744520187,-0.7706220746040344,0.4051389992237091,1.1182572841644287,-0.658329427242279,-0.06061187759041786,-0.567335307598114,-0.22871476411819458,1.5762293338775635,0.8818833827972412,-0.055497221648693085,0.25368449091911316,0.08833562582731247,-0.21053220331668854,-0.04351809620857239,-0.7933129668235779,0.8902757167816162,0.4713198244571686,0.1937674582004547,0.2167830765247345,-0.17479927837848663,-0.09563376754522324,0.17617696523666382,0.028375227004289627,0.0018285332480445504,0.0015173552092164755,3.005412872880697e-4,-2.9505492420867085e-5,5.57472012587823e-5,AM7380
0.049121297895908356,-0.3087233304977417,-0.28675562143325806,0.05032975971698761,0.5011097192764282,-0.31061944365501404,-0.4656810462474823,0.08419373631477356,-0.4002828299999237,1.6308015584945679,-0.20996655523777008,-1.7328938245773315,0.28317928314208984,-1.0464732646942139,0.20060458779335022,-0.718178391456604,0.29568126797676086,0.4277951717376709,0.08136455714702606,0.21004466712474823,0.0672411099076271,-0.2613469362258911,-0.12182917445898056,0.038794875144958496,-0.004354825709015131,0.00292680854909122,5.889363819733262e-4,6.526857760036364e-5,-9.358757233712822e-5,AM7382
0.105431467294693,-0.7409374117851257,0.13121385872364044,0.6878054141998291,-0.017664948478341103,-0.06971032917499542,0.29568883776664734,0.4173014163970947,-0.290813148021698,-0.4398326277732849,-0.39192187786102295,-0.8152655363082886,0.20527057349681854,0.20014770328998566,0.10558061301708221,1.0441311597824097,0.7490954399108887,-0.3737907111644745,-0.5862931609153748,0.19099463522434235,-0.018368158489465714,-0.05662019923329353,-0.2211088389158249,-0.045419611036777496,-0.0035018823109567165,-0.002319011138752103,-4.3303603888489306e-4,7.130153971957043e-5,-1.0369349183747545e-4,AM7383
0.051359280943870544,-0.7849693894386292,0.2660205662250519,0.6708282232284546,-0.347365140914917,0.6479112505912781,0.13066242635250092,-0.3321142792701721,0.21982033550739288,-0.2485102266073227,-0.06679760664701462,1.2003904581069946,-0.5923013687133789,0.04475594684481621,0.2878369390964508,-1.3389595746994019,1.4491515159606934,0.6263171434402466,0.1985294073820114,0.033960163593292236,0.12840145826339722,0.33195024728775024,-0.28771936893463135,0.004999274853616953,9.024033206515014e-4,1.3826096255797893e-4,3.35035401803907e-5,-1.7562872017151676e-5,3.195263707311824e-5,AM7384
0.01538220327347517,-0.6852763295173645,0.3321431577205658,-0.33094313740730286,-0.39901411533355713,-0.3922238349914551,0.14720408618450165,0.6983557939529419,-0.23092976212501526,-1.8010320663452148,-0.7602263689041138,-0.3993302285671234,0.8151182532310486,-0.8355287313461304,-0.1515873819589615,0.4086062014102936,-0.06406804919242859,-0.2647221088409424,-0.8216150403022766,-0.3084174692630768,0.08983617275953293,-0.020487427711486816,-0.07879795134067535,-0.019782114773988724,-0.0025022884365171194,-8.970245835371315e-4,-1.843588543124497e-4,3.935892164008692e-5,-7.114743493730202e-5,AM7385
-0.04992695525288582,-0.4042297601699829,-0.34439465403556824,-0.27071473002433777,0.45693233609199524,0.029426349326968193,0.11413270235061646,0.0939423069357872,-0.9598031640052795,0.7636651992797852,0.35059112310409546,-0.9846468567848206,0.3224053680896759,-0.6895042061805725,-0.15823832154273987,-1.2844785451889038,0.053735822439193726,0.208921417593956,-0.26765456795692444,-0.02614084631204605,0.23625004291534424,0.014276532456278801,0.015799630433321,-0.004285227507352829,-0.006714493501931429,5.37330110091716e-4,-9.784555004443973e-6,8.792525477474555e-5,-1.8777698278427124e-4,AM7386
0.15236207842826843,-0.7915086150169373,0.079007588326931,0.9039690494537354,-0.24790498614311218,-0.44707122445106506,-0.07947563380002975,0.22490769624710083,-0.35615095496177673,-0.9461824893951416,0.46403783559799194,0.09049929678440094,0.9180753827095032,-0.18439535796642303,0.007574984338134527,1.2925928831100464,0.23427456617355347,-0.22743041813373566,0.18788757920265198,-0.007452747784554958,-0.25792109966278076,0.006641810294240713,-0.656853199005127,0.007550891954451799,0.005373470485210419,-1.687582116574049e-4,2.2404255287256092e-4,-4.549387449515052e-5,1.830152905313298e-4,AM7387
-0.08908969163894653,-1.1327645778656006,0.2058328092098236,0.9898043870925903,-0.4683411419391632,1.233079195022583,0.43094801902770996,-0.48635512590408325,-0.17708151042461395,0.09185898303985596,-0.40010347962379456,1.1399333477020264,-1.3388854265213013,0.535124659538269,0.2219669222831726,-1.3765958547592163,0.9068386554718018,0.8321523070335388,0.18004156649112701,-0.18411967158317566,0.1753784865140915,0.09731779247522354,0.12034596502780914,-0.019859615713357925,-1.9446705118753016e-4,-0.0012027721386402845,-2.932221977971494e-4,-6.706101885356475e-6,-2.1980558813083917e-5,AM7388
-0.056494615972042084,-0.8263283371925354,0.33757564425468445,0.21481776237487793,-0.4542408585548401,0.056839365512132645,1.348443865776062,0.4523795545101166,0.33976149559020996,-0.018246624618768692,-0.16703909635543823,1.3655524253845215,-0.41093435883522034,-0.2881574332714081,0.12447261065244675,-1.2315332889556885,0.4926353096961975,0.42913320660591125,0.3932484984397888,-0.06176867336034775,0.2051449418067932,0.3779486119747162,-0.24927270412445068,-0.007198053877800703,0.006620439700782299,-0.0012908981880173087,-1.8240850477013737e-4,-1.0182924597756937e-4,1.788614463293925e-4,AM7409
0.024282583966851234,-0.4717284142971039,0.23684969544410706,-0.442743718624115,0.30468907952308655,-0.5535067319869995,-0.2015359252691269,1.133877158164978,-0.1291387528181076,-0.6701537370681763,-0.46514251828193665,-0.8158338069915771,0.4720815122127533,0.025154035538434982,0.779055118560791,0.6967777013778687,-0.4825889766216278,-0.11314936727285385,0.07354166358709335,0.1614658087491989,-0.22760175168514252,-0.3215579688549042,0.13225287199020386,0.050729863345623016,0.008789041079580784,0.0020904100965708494,5.781683139503002e-4,-1.2303717085160315e-4,2.6107573648914695e-4,AM7416
0.22210007905960083,-0.6304336190223694,0.12965524196624756,1.5123848915100098,-0.716012179851532,-0.04695458710193634,-0.19230379164218903,-0.8001468777656555,1.2292402982711792,0.09100660681724548,-0.39566871523857117,0.2822219133377075,0.07625553011894226,0.6293491125106812,-0.05588691309094429,-0.34662550687789917,-1.6760785579681396,-0.21269886195659637,0.5268990993499756,0.450310081243515,0.26123684644699097,-0.2835925817489624,0.21396754682064056,0.01738300547003746,-0.0018094641854986548,0.001326066441833973,2.2245860600378364e-4,1.699240783636924e-5,-5.31362384208478e-5,AM7419
0.0994071364402771,-0.2579895555973053,-0.38104939460754395,-0.23996910452842712,0.301534503698349,-0.09738028794527054,-0.6096333265304565,-0.7760345339775085,-1.6715049743652344,-0.6728833317756653,-0.26655441522598267,-1.127584457397461,0.47784358263015747,0.7114720940589905,0.4824712574481964,-1.051259994506836,0.13348868489265442,-0.26803696155548096,0.3857339918613434,-0.11619511246681213,0.6091637015342712,-0.00864428374916315,-0.07446053624153137,0.04588421806693077,-0.0010584208648651838,0.002916152123361826,5.4886972066015e-4,-1.1106043530162424e-5,-1.3075726201350335e-5,AM7420
-0.01665092445909977,-0.740675151348114,0.40514326095581055,-0.3121315836906433,-0.5885875821113586,-0.041245102882385254,-0.46319296956062317,0.5749638080596924,0.36958831548690796,-1.2561869621276855,-0.574229896068573,0.5247481465339661,-0.07585356384515762,0.09170770645141602,0.2633515000343323,0.61641693115234375,-0.8682063221931458,-0.4445071816444397,-0.06319329142570496,0.1483168751001358,-0.0879320278763771,-0.05110429599881172,0.32966649532318115,-0.034790076315402985,-0.006765413098037243,-0.0013026553206145763,-4.2326009133830667e-4,9.636014146963134e-5,-2.1233186998870224e-4,AM7426
0.058946821838617325,-0.7096681594848633,0.12813642621040344,0.09436294436454773,-0.5220836400985718,-0.21104955673217773,0.28799158334732056,0.3205447494983673,-0.6998692154884338,-1.6761113405227661,-1.102455973625183,-0.07024034857749939,0.173274427652359,0.6002955436706543,-0.6447233557701111,1.2888880968093872,-0.4716809391975403,-0.7076500058174133,-0.002416245872154832,0.3257317543029785,0.13192369043827057,0.0796368271112442,0.17656134068965912,-0.07944782078266144,-0.011753270402550697,-0.0034357458353042603,-9.108376107178628e-4,1.7272307013627142e-4,-3.6561681190505624e-4,AM7427
-0.032654352486133575,-0.5468346476554871,0.14917245507240295,-0.3769552707672119,-0.07037641853094101,0.083827443420887,-1.9699182510375977,0.5679652690887451,-0.06311733275651932,0.28775110840797424,0.7922146916389465,-0.8629960417747498,-0.14034481346607208,0.053904660046100616,0.5589691996574402,0.7655662894248962,0.3683181703090668,0.4186703860759735,0.2463899850845337,0.049694471061229706,-0.13817450404167175,0.21251481771469116,0.07796341180801392,-0.05170798674225807,4.6450976515188813e-4,-0.0032351897098124027,-6.839277339167893e-4,-5.239264737610938e-7,-1.5093261936272029e-5,AM7492
-0.3358413279056549,0.07346738129854202,0.27676546573638916,-0.4918026328086853,-0.7224703431129456,2.9195494651794434,0.06013569235801697,-0.13545897603034973,-0.8466095924377441,-0.33179911971092224,0.7829834222793579,-0.8984299302101135,-0.5170413255691528,1.1162898540496826,-0.0669681653380394,0.2419518679380417,0.17274455726146698,0.202200248837471,0.192909836769104,-0.48643577098846436,-0.768252432346344,0.6102830171585083,-0.12190254032611847,-0.11191316694021225,-0.004867650102823973,-0.006336017046123743,-0.0013674162328243256,1.0024995572166517e-4,-1.7059213132597506e-4,AM7493
-0.10918518155813217,0.45077410340309143,0.05830986797809601,-0.42978882789611816,-0.8804596066474915,1.8796546459197998,0.07642772793769836,-0.2930501401424408,-0.11696307361125946,-0.8416691422462463,0.2592688500881195,-0.7987739443778992,0.32269924879074097,0.4505246579647064,0.7169963121414185,0.1275213658809662,0.7566903829574585,0.7066698670387268,1.1107244491577148,-0.08055650442838669,-0.2630774676799774,0.020717132836580276,0.323635071516037,-0.0029423022642731667,-0.003346359822899103,2.0373400184325874e-4,-8.515713852830231e-5,4.321078085922636e-5,-1.0318360000383109e-4,AM7495
-0.07663372159004211,0.6493496894836426,0.6443008780479431,0.08216501772403717,-0.8596944808959961,-0.07886772602796555,-1.7195932865142822,-1.115973711013794,-1.363291621208191,-0.9014497399330139,0.046867214143276215,0.567468523979187,1.492793321609497,-2.1416804790496826,-0.6179084181785583,-0.2129756361246109,-0.33229860663414,-0.704997181892395,0.11540088057518005,0.2525544762611389,-0.009791680611670017,0.7788580656051636,1.7532949447631836,0.05056567117571831,0.007257948163896799,0.002005638787522912,-1.3851516996510327e-4,-2.0450558804441243e-4,1.1926185834454373e-4,AM7589
0.03146776929497719,0.5317419767379761,0.1143500953912735,0.7909216284751892,-1.1585484743118286,0.5176866054534912,0.34352272748947144,-0.9236611723899841,-1.9062461853027344,-0.8908522725105286,0.5730007290840149,-0.1323259323835373,0.712845504283905,-0.9472695589065552,-0.2768702208995819,0.18057368695735931,-0.019726548343896866,-0.45771288871765137,0.6343955397605896,0.0808260440826416,-0.2406180202960968,-0.7189545631408691,-0.5275384187698364,-0.06889417767524719,-0.0032888250425457954,-0.003631007857620716,-4.441311175469309e-4,1.1305519001325592e-4,-7.697399996686727e-5,AM7591
0.13443675637245178,-0.08852630853652954,-0.6098241209983826,-0.0703948438167572,0.1933060735464096,0.02886713296175003,-0.5079538822174072,-0.7294917702674866,-1.177795648574829,-0.2889963984489441,0.6643833518028259,1.1213380098342896,-0.24494844675064087,-0.43066632747650146,0.3093429505825043,-0.02050032652914524,0.6158748865127563,-0.38450804352760315,0.4524799883365631,-0.4698256850242615,-0.3578212559223175,0.15022750198841095,-0.0772985965013504,0.040368761867284775,-0.001908856793306768,0.0026386594399809837,4.917157930321991e-4,2.5304540031356737e-5,-2.5853503757389262e-5,AM7628
-0.08565396815538406,0.5284351110458374,0.4699835777282715,0.24271686375141144,-0.7224011421203613,0.898870587348938,-0.38003677129745483,-0.13726410269737244,-1.8952879905700684,-1.092454433441162,0.48271188139915466,0.48980942368507385,-0.14597660303115845,-1.4766286611557007,-0.30553922057151794,-0.5329847931861877,0.37403008341789246,-0.6902376413345337,-0.7594925165176392,0.48238855600357056,-0.41123053431510925,-0.4140220284461975,0.3539493680000305,-0.06549590826034546,-0.006175626069307327,-0.003162954468280077,-6.921316962689161e-4,1.1682337935781106e-4,-2.0177224359940737e-4,AM7629
0.08811413496732712,0.6098839044570923,-0.10937967896461487,-0.1973555088043213,-0.853366494178772,0.760057806968689,0.6795862913131714,-0.32930856943130493,0.06684087216854095,-0.9737670421600342,0.6274837255477905,-0.6276493668556213,1.3753647804260254,-0.7853430509567261,0.5007823705673218,0.9422123432159424,-0.1475432813167572,0.5851716995239258,1.2381471395492554,0.25139740109443665,0.03701750189065933,0.06571981310844421,-0.7103737592697144,0.05122194066643715,-0.003165493719279766,0.003487826557829976,7.94069143012166e-4,5.860534292878583e-5,-3.4308726753806695e-5,AM7633
0.14373555779457092,0.2946620285511017,-0.267770379781723,-0.07957135885953903,-0.6934051513671875,0.5824518203735352,-0.20046840608119965,-1.0971121788024902,0.5017743110656738,0.48353806138038635,1.0745891332626343,0.2238391935825348,1.3455814123153687,-0.3917771279811859,0.16901209950447083,1.0355979204177856,0.27198970317840576,0.17711520195007324,-0.14876817166805267,0.9325732588768005,0.3362007141113281,-0.7478305697441101,0.26541581749916077,0.032547324895858765,-0.00495585473254323,0.0027152644470334053,5.270928959362209e-4,7.112676394172013e-5,-1.3038796896580607e-4,AM7634
