V1
1.0415145961328813
0.22599716581084212
0.16765143755284695
0.07512600874522293
0.0489023990986008
0.029998119853556847
0.01932317011324529
0.015414388707153899
0.013521257409266752
0.011518373929555414
0.009516915883785759
0.007764400857098107
0.0072362377217157796
0.006228917666627064
0.005780665483942415
0.004626550225418663
0.00488977561170693
0.004060814816223902
0.0035754529356238434
0.003023513333935551
0.0027691923631204896
0.002525653480465803
0.002679976474962364
0.0021005674891282425
0.002083899068770323
0.0020811215700680253
0.0020808236932461496
0.0020807149511319636
