V1
5.89624212975414
2.683698020116359
2.3369805379958866
1.4333299558772095
1.1094177156195038
0.7666636963800432
0.5076540795170252
0.3936394945900078
0.33666746961202326
0.2724945522905717
0.2125311527616305
0.16407340724003389
0.14886974032596065
0.12277181213632878
0.11358349281892388
0.09048658406017228
0.09212785241774814
0.07866884407644782
0.06979861447311324
0.061549623244994356
0.05746865130056628
0.0548099067802546
0.05486677209811655
0.04871503375890663
0.04689287563479676
0.045189317666195425
0.044042378087478753
0.043365838467446134
0.042210794891016284
0.04170484859592319
0.04123637715309271
0.04046472754142713
0.0399795484258884
0.03977928856038927
0.039140297250598075
0.03853838913490987
0.03811932136893884
0.037759292289826885
0.03710326358378173
0.037024558443964066
0.03663886135301334
0.03636076642454729
0.03619277029587283
0.035745275369346186
0.03529361791559321
0.03510796565943181
0.03441871286429329
0.034316434747798864
