PEER1,PEER2,PEER3,PEER4,PEER5,PEER6,PEER7,PEER8,PEER9,PEER10,PEER11,PEER12,PEER13,PEER14,PEER15,PEER16,PEER17,PEER18,PEER19,PEER20,PEER21,PEER22,Donor
-0.012597843073308468,-0.08904130756855011,-0.06354917585849762,-0.03892362862825394,0.07487854361534119,0.0943107157945633,-0.08579587936401367,-0.019050851464271545,-0.08191414922475815,-0.03972609341144562,0.13213053345680237,0.02090248093008995,0.15201018750667572,0.0022729758638888597,-0.1073247492313385,-0.20931687951087952,0.11746738106012344,0.049340665340423584,0.020062321797013283,0.026195555925369263,9.82516212388873e-4,0.026556137949228287,AM7180
0.08524112403392792,-0.08862227201461792,0.0524890311062336,-0.02310928702354431,0.0459236241877079,-0.11955728381872177,-0.021269099786877632,0.16394804418087006,-0.0153309665620327,-0.26594021916389465,-0.12304152548313141,-0.031954918056726456,0.07046682387590408,-0.004071700386703014,-0.013173977844417095,0.12384361773729324,0.06576456874608994,0.035760730504989624,-0.06301785260438919,-0.009045210666954517,-0.05654997006058693,-0.016259275376796722,AM7181
0.03209657594561577,0.0142499515786767,-0.13820992410182953,-0.10031342506408691,0.02402775175869465,-0.07436353713274002,0.028573352843523026,0.012956763617694378,-0.03665656968951225,-0.10050154477357864,0.07087021321058273,0.20702612400054932,0.152999609708786,-0.14780226349830627,-0.12722206115722656,-0.06544788926839828,0.10610765218734741,-0.036457598209381104,0.03706957399845123,-0.017505846917629242,-0.045386556535959244,0.11705175787210464,AM7182
0.04002814739942551,0.08340958505868912,-0.11249332129955292,-0.04314955696463585,0.08686947822570801,0.022516988217830658,-0.02002587541937828,-0.02697419561445713,0.13173936307430267,-0.09033307433128357,-0.041661299765110016,0.19734641909599304,0.06619014590978622,-0.002182858530431986,0.05574856698513031,-0.058995321393013,0.35416194796562195,0.014408609829843044,-0.1067686527967453,0.08415021747350693,-0.02848283015191555,-0.02989693358540535,AM7188
0.03571843355894089,-0.07235154509544373,-0.03218043968081474,-0.045532744377851486,0.13229705393314362,0.016036035493016243,-0.14723606407642365,0.024951739236712456,-0.1387476623058319,-0.07608091086149216,0.06886033713817596,-0.13205309212207794,0.046390362083911896,0.064766526222229,0.1431516706943512,-0.17109623551368713,0.1693035066127777,0.035772763192653656,0.022074298933148384,-0.02142890729010105,0.04619796201586723,-0.06466375291347504,AM7189
0.03325710445642471,0.15728873014450073,-0.08695057779550552,-0.01452190987765789,-0.022168956696987152,-0.01274054404348135,-0.0823565423488617,-0.022675512358546257,0.244222030043602,-0.12768995761871338,-0.20201699435710907,-0.13777849078178406,0.11170776933431625,0.015815086662769318,-0.10958421230316162,-0.06099119037389755,0.15760524570941925,0.06193507835268974,-0.0621684305369854,0.048737313598394394,0.07029204070568085,0.1117510199546814,AM7196
0.029118360951542854,0.03622046485543251,-0.11287152767181396,-0.13526171445846558,0.06024693697690964,0.04320673644542694,-0.22355042397975922,-0.12635725736618042,0.08506591618061066,-0.14494070410728455,-0.0685635581612587,0.14872322976589203,0.006368159782141447,-0.05037664622068405,0.02615809440612793,-0.13756173849105835,0.06105539947748184,-0.023272378370165825,-0.0935637503862381,-0.01760692521929741,1.8333167827222496e-4,0.10317502170801163,AM7197
0.17383594810962677,0.0020163708832114935,0.02990182861685753,0.060715463012456894,0.1668277084827423,-0.10615120083093643,-0.1265604943037033,0.17259131371974945,0.14462293684482574,-0.04300468787550926,0.09154358506202698,-0.10752112418413162,0.033916618674993515,0.16121278703212738,0.021819692105054855,0.05678992718458176,-0.13136722147464752,0.07627934217453003,-0.074791058897972107,-0.015360059216618538,-0.02745133638381958,-0.01892784982919693,AM7203
0.033272452652454376,0.15518520772457123,0.035866253077983856,0.21464815735816956,0.13447163999080658,0.05634056031703949,-0.1423458606004715,0.08841483294963837,0.007154296617954969,-0.09863445907831192,-0.037463609129190445,0.1624980866909027,-0.023427046835422516,0.22867929935455322,-0.08268770575523376,-0.06680002808570862,0.02544691413640976,-0.0950014516711235,-0.09757944941520691,-0.03608972951769829,0.07486114650964737,0.11240838468074799,AM7204
0.09293404966592789,-0.052650123834609985,-0.0024421631824225187,0.04314927011728287,0.18531878292560577,-0.0055141509510576725,-0.14952486753463745,0.08416370302438736,-0.020246237516403198,-0.14838807284832,0.055606745183467865,-0.13478808104991913,0.07271935790777206,0.10467105358839035,0.040294088423252106,-0.0030257331673055887,0.08238529413938522,0.08062567561864853,-0.038904350250959396,-0.011002075858414173,0.007961621508002281,0.009603681974112988,AM7205
0.19463638961315155,0.04703250899910927,0.10512571036815643,-0.1256079226732254,-0.06256747245788574,0.09910745918750763,-0.0040211244486272335,-0.07918855547904968,-0.22189749777317047,0.11017764359712601,0.07663951814174652,-0.31633058190345764,0.11534854769706726,0.1837283819913864,-0.20481383800506592,0.029740164056420326,0.060201168060302734,-0.06443954259157181,-0.024166248738765717,0.10882048308849335,0.08544225245714188,-0.010470153763890266,AM7208
0.21998688578605652,0.08204256743192673,0.08837880939245224,-0.12540219724178314,0.11126064509153366,0.22422875463962555,0.06676119565963745,-0.04647298529744148,-0.2593671381473541,0.12824338674545288,-0.032436393201351166,-0.20033973455429077,0.013209802098572254,0.13266368210315704,-0.02504565753042698,0.0256926491856575,0.15095606446266174,-0.09862488508224487,-0.01686110347509384,0.11520784348249435,0.1263091266155243,0.02197868935763836,AM7209
0.2226916253566742,0.048742733895778656,0.1874741166830063,-0.07428111135959625,0.042465824633836746,0.22166156768798828,0.09929899126291275,0.01216854341328144,0.017614055424928665,0.1939009428024292,-0.09389595687389374,0.06556738913059235,-0.0927780494093895,0.03584861010313034,-0.05674678087234497,0.016030749306082726,-0.07169894129037857,0.02936621569097042,-0.04603225737810135,-0.015112971886992455,-0.06977993249893188,0.03487425297498703,AM7211
0.27444449067115784,0.06608785688877106,0.19439208507537842,-0.082853764295578,-0.04066059738397598,0.13399647176265717,0.04277879744768143,-0.04324977844953537,0.07653674483299255,0.1295536309480667,-0.030575543642044067,0.13256502151489258,-0.15434275567531586,-0.019451608881354332,0.04711136221885681,0.03691211715340614,-0.060506220906972885,0.03112582489848137,-0.01304257195442915,-0.11809397488832474,-0.06653235852718353,0.012433765456080437,AM7213
0.1603861004114151,-0.019421972334384918,0.2202591896057129,-0.14942938089370728,-0.2553478479385376,-0.06296601891517639,0.14572353661060333,-0.0026739779859781265,0.12320061773061752,0.26771122217178345,0.02065521851181984,0.0428667850792408,0.08886125683784485,-0.18409480154514313,-0.05534374341368675,-0.1014106497168541,-0.08337018638849258,-0.039123762398958206,0.06912671774625778,0.009819901548326015,0.00194830063264817,-0.009448641911149025,AM7214
0.27835556864738464,0.08691894263029099,0.20245784521102905,-0.12826430797576904,-0.06480192393064499,-0.0026075427886098623,0.099000483751297,0.016699882224202156,0.13716553151607513,0.163473978638649,0.02437252551317215,0.1271710991859436,-0.09315802156925201,0.03386862948536873,0.04437810182571411,-0.1192537248134613,-0.07358244806528091,-0.001294563291594386,-0.007900025695562363,-0.07888678461313248,-0.03453071415424347,-0.06559952348470688,AM7215
0.25529056787490845,0.0637994036078453,0.16166014969348907,-0.12212419509887695,-0.17093533277511597,-0.03786522522568703,0.11622785031795502,-0.11328816413879395,-0.02139117382466793,0.07291658967733383,-0.13334648311138153,-0.010093479417264462,-0.08257680386304855,0.09427715092897415,-0.042702753096818924,0.018849533051252365,-0.06390192359685898,-0.09042664617300034,-0.021888576447963715,-0.03216608241200447,0.017922651022672653,0.04996167868375778,AM7216
-0.08864206820726395,0.10782360285520554,0.05329945683479309,0.04087250307202339,-0.01998087763786316,0.027793588116765022,0.017061199992895126,0.22234070301055908,-0.0630514919757843,-0.11828257888555527,-0.01414499618113041,0.05393657833337784,-0.10022938251495361,0.00550922891125083,0.06904485821723938,-0.21533721685409546,0.001874210312962532,-0.05431131646037102,-0.004258299712091684,0.09274320304393768,-0.03520955145359039,-0.0033316148910671473,AM7221
0.035241447389125824,0.15023092925548553,-0.055443085730075836,0.20844340324401855,-0.15071070194244385,-0.07377166301012039,-0.19682008028030396,-0.01001823041588068,0.22962501645088196,-0.06381130963563919,-0.029939094558358192,-0.08217718452215195,-0.008000374771654606,-0.007399975787848234,0.2922937273979187,-0.10495596379041672,-0.1949722021818161,-0.1453021913766861,0.17356084287166595,0.05825536325573921,0.160511776804924,-0.03241271525621414,AM7223
0.06945517659187317,0.09984492510557175,-0.15512894093990326,0.06127345934510231,-0.07886619865894318,-0.08372535556554794,-0.1554710865020752,-0.11399523168802261,0.26660647988319397,0.07242151349782944,-0.20828673243522644,-0.05801723897457123,0.05433123558759689,0.052178435027599335,0.14036548137664795,0.011519481427967548,0.013329857960343361,-0.18650557100772858,0.030001889914274216,0.17210455238819122,0.24200290441513062,0.0921013355255127,AM7224
0.03815913572907448,0.1264895647764206,0.013434931635856628,0.2433914840221405,-0.032201848924160004,-0.07774893939495087,-0.24714678525924683,0.015099708922207355,0.05642453581094742,0.1160268634557724,-0.056446224451065063,0.09152054786682129,-0.16764399409294128,-0.1225871816277504,0.279815137386322,0.026607483625411987,0.1078580990433693,-0.09530027955770493,-0.01903819851577282,0.03618481755256653,0.10729478299617767,0.060761645436286926,AM7226
-0.02198352850973606,0.1233188584446907,-0.018735989928245544,0.1915685087442398,-0.015484957955777645,-0.09363819658756256,0.1637984812259674,0.2327064424753189,0.0373457595705986,0.03439207747578621,0.2291373461484909,-0.035238709300756454,0.08914659172296524,0.20050166547298431,-0.21923887729644775,-0.22322052717208862,-0.2646053731441498,-0.22593268752098083,-0.07934348285198212,0.023884810507297516,0.06952604651451111,0.055193208158016205,AM7228
0.019227411597967148,0.08316957950592041,-0.11979023367166519,-0.004795041400939226,0.07031654566526413,-0.08306879550218582,0.30453017354011536,0.1777758002281189,0.08081433922052383,0.06391023844480515,-0.036089424043893814,-0.02138465829193592,0.02200045995414257,-0.10341978073120117,0.06441645324230194,-0.0013016239972785115,0.09001446515321732,0.010975765064358711,0.02043776400387287,0.07876598834991455,-0.03925741836428642,-0.05288965627551079,AM7229
0.00505048967897892,0.12910807132720947,-0.0065698930993676186,0.18083477020263672,0.02265140973031521,-0.1512320190668106,0.22521758079528809,0.24353955686092377,-0.10575921833515167,0.11186929047107697,0.13344252109527588,-0.004393173847347498,-0.08192022144794464,-0.02530502900481224,-0.13159100711345673,-0.0671122670173645,0.010372326709330082,-0.027721716091036797,-0.16221213340759277,-0.013798831962049007,0.03393394872546196,0.0013362099416553974,AM7230
0.03337063640356064,0.14483550190925598,0.03994658961892128,0.16417275369167328,0.05687470734119415,-0.21706855297088623,0.07706452906131744,-0.01700548641383648,-0.1767636239528656,-0.09209250658750534,0.09831921756267548,0.21265436708927155,0.034269679337739944,0.13551293313503265,-0.11925950646400452,0.05103367567062378,-0.052343279123306274,0.10593216121196747,0.0025762836448848248,-0.12930159270763397,0.031714797019958496,0.061409711837768555,AM7236
0.06439664214849472,0.11117976903915405,-0.20050853490829468,0.018443085253238678,0.07253560423851013,-0.30457308888435364,0.3100484311580658,0.14388322830200195,0.033863551914691925,-0.034464526921510696,-0.23622190952301025,-7.552498136647046e-4,-0.06049322336912155,0.13660699129104614,-0.139507457613945,-0.11130525916814804,0.1406853049993515,-0.1686275601387024,0.3341391086578369,0.03902963548898697,-0.28519678115844727,-0.15833590924739838,AM7237
0.08683423697948456,0.02242337539792061,-0.13212929666042328,0.049217406660318375,0.05241342633962631,-0.03621359169483185,-0.17478784918785095,-0.10752719640731812,0.025734560564160347,0.04495861381292343,0.1088511273264885,0.06975968927145004,0.05136427655816078,-0.09492465108633041,-0.013045363128185272,0.01358375046402216,-0.007885913364589214,-0.02967112697660923,-0.019512392580509186,-0.012250212952494621,-0.08093009889125824,0.02220766432583332,AM7241
0.06216505169868469,0.0043554180301725864,-0.1644488275051117,-0.03573551028966904,0.05158428102731705,-0.10005949437618256,-0.02908947505056858,-0.06213707849383354,-0.10111971199512482,0.07924153655767441,-0.0017595663666725159,-0.03770961984992027,0.008661896921694279,-0.14657548069953918,-0.10869783908128738,-0.10913524776697159,-0.05761715769767761,-0.02879404090344906,-0.03533155098557472,-4.97161818202585e-4,-0.0675974041223526,0.11295080184936523,AM7242
0.05183647945523262,-0.10100124776363373,0.10823053121566772,-0.12209711223840714,-0.05910841375589371,-0.17430105805397034,-0.11526277661323547,0.1787685751914978,0.15402822196483612,-0.1334996223449707,-0.12745872139930725,-0.04504546523094177,0.006994218099862337,-0.19799605011940002,-0.00935379508882761,0.10202830284833908,-0.05056779459118843,0.03361474722623825,-0.1339491456747055,-0.0488937683403492,-0.11594405770301819,0.027577167376875877,AM7243
0.10007369518280029,-0.06641882658004761,-0.022082794457674026,0.016825858503580093,0.06533679366111755,-0.15350888669490814,-0.066036321222782135,0.11402736604213715,-0.13944050669670105,-0.025692442432045937,0.14525432884693146,-0.1719011813402176,0.013583546504378319,0.12933604419231415,0.1255180388689041,0.08002382516860962,0.05848255380988121,0.052916333079338074,0.005016980692744255,0.08064816892147064,0.022473685443401337,-0.01348329521715641,AM7255
0.04872496798634529,-0.024485643953084946,-0.004183199256658554,-0.20056523382663727,0.057129278779029846,-0.183713898062706,-0.16167201101779938,0.20305296778678894,0.007319800555706024,0.05134320259094238,0.16153767704963684,-0.09843657165765762,-0.03613344952464104,0.01858406886458397,0.1289406418800354,-0.01744661293923855,0.006486818660050631,0.09739438444375992,0.023080026730895042,0.00317859067581594,0.018124166876077652,-0.047111134976148605,AM7256
-0.0510421022772789,0.08705119788646698,-0.07502312958240509,-0.22413213551044464,0.004103830084204674,0.07301832735538483,0.06361401081085205,0.10635344684123993,0.22734740376472473,-0.15085451304912567,-0.022712180390954018,0.09282224625349045,0.0637611523270607,-0.03295515477657318,-0.05583573505282402,-0.07832439243793488,-0.003714385675266385,0.1703832894563675,-0.14460976421833038,-0.03364055976271629,0.022955769672989845,-0.07373887300491333,AM7260
0.01887376233935356,0.10268664360046387,-0.07969584316015244,0.05378444492816925,-0.10705439001321793,-0.046190761029720306,0.1436573714017868,0.07518938183784485,0.04487895593047142,-0.06059160456061363,0.1757594794034958,0.013980965130031109,-0.0837605893611908,0.17251372337341309,0.12411513179540634,0.06597013026475906,0.05459080636501312,0.23036523163318634,0.12029942125082016,0.011019394733011723,0.0344499871134758,-0.06225883960723877,AM7261
0.01336287334561348,0.041048966348171234,0.04248112440109253,0.11063724011182785,0.1423034816980362,-0.122270867228508,0.17343756556510925,-0.3857754170894623,0.06933750212192535,-0.27952831983566284,0.2172701358795166,-0.12332434952259064,-0.34600263833999634,-0.01763274520635605,-0.08222012221813202,0.06262566894292831,-0.1501326560974121,0.29005610942840576,0.028259217739105225,0.13140134513378143,0.07451602816581726,-0.1051679477095604,AM7266
0.081393763422966,0.018806111067533493,-0.11864525079727173,0.12290579080581665,0.10353950411081314,0.13140083849430084,-0.05910283327102661,-0.023336410522460938,0.15611743927001953,-0.01318826898932457,0.15677578747272491,0.24991190433502197,0.010033595375716686,0.22326363623142242,-0.11954755336046219,0.2641373574733734,0.07406070083379745,-0.030877064913511276,-0.025070931762456894,0.04901883006095886,-0.09410221874713898,-0.01632746495306492,AM7269
-0.006876454222947359,0.0862470343708992,0.08627711981534958,-0.031866662204265594,0.19271379709243774,-0.10822110623121262,0.07727444171905518,-0.30483001470565796,0.1195932999253273,-0.376667320728302,0.04431259632110596,-0.1053120493888855,-0.32418331503868103,-0.20062850415706635,-0.1336498111486435,-0.04275713860988617,-0.036787860095500946,0.20136284828186035,0.048951148986816406,0.12088397890329361,-0.04444774612784386,-0.19390729069709778,AM7270
0.015706656500697136,0.13530433177947998,0.006437221076339483,0.14595460891723633,0.11524899303913116,0.1625925749540329,-0.1562994122505188,0.12157724797725677,0.21711894869804382,-0.011389094404876232,0.04668329656124115,-0.04368007928133011,-0.02936844527721405,-0.066022127866745,0.12159702926874161,0.045801401138305664,0.08796229958534241,0.13761967420578003,0.005015200935304165,-0.14650245010852814,-0.18308532238006592,0.05305163189768791,AM7272
-0.028830690309405327,0.12546753883361816,0.08757941424846649,0.15438921749591827,0.25587552785873413,0.006399352569133043,-0.08338208496570587,-0.30076780915260315,0.09721937775611877,-0.039428308606147766,-0.38252344727516174,-0.16218774020671844,0.2802470326423645,0.19511514902114868,-0.17585024237632751,-0.049915481358766556,0.06312098354101181,0.00956221204251051,-0.036153875291347504,-0.43184778094291687,-0.08651066571474075,-0.12193261831998825,AM7273
-0.008907247334718704,-0.07704702019691467,-0.10021288692951202,-0.08121968805789948,0.08064007014036179,-0.045187484472990036,0.08634179830551147,0.07121917605400085,-0.06232694163918495,0.15318629145622253,0.2789435386657715,0.017939303070306778,0.04394056648015976,-0.09297151863574982,-0.038572460412979126,-0.11631039530038834,-0.09921615570783615,0.029354942962527275,0.007838440127670765,-0.03418373316526413,0.006380041129887104,-0.06956169754266739,AM7277
-0.08278793841600418,0.04635356739163399,-0.0319654606282711,0.09667358547449112,-0.0636712983250618,0.13870775699615479,0.19597144424915314,0.206294983625412,0.20203691720962524,-0.03192811459302902,0.31065815687179565,-0.1565956324338913,0.20535390079021454,0.08455996215343475,0.06564924865961075,-0.06492950022220612,-0.10158814489841461,-0.0746459886431694,-0.037937719374895096,-0.09288647770881653,-0.05266336351633072,-0.07699935138225555,AM7278
-0.11021485179662704,0.048455797135829926,0.16679739952087402,-0.06678973883390427,0.1078609973192215,-0.1878732144832611,0.154002383351326,0.055769436061382294,-0.024520382285118103,0.1867377907037735,0.1453198790550232,0.23035027086734772,0.35751456022262573,-0.05718695744872093,-0.06790482997894287,0.07922669500112534,-0.04322557896375656,0.2514629065990448,0.07363934069871902,-0.1418296843767166,0.21434181928634644,0.12960198521614075,AM7280
-0.14965522289276123,-0.00788871105760336,0.18141362071037292,-0.15746758878231049,0.20349015295505524,-0.03347856178879738,0.11250974237918854,-0.16843324899673462,-0.048123255372047424,0.005919808521866798,-0.02339351177215576,0.14881394803524017,-0.02048047073185444,0.2574506402015686,0.42384418845176697,-0.16583967208862305,-0.01314507145434618,-0.2978619337081909,-0.12327825278043747,0.02158859372138977,0.047762345522642136,-0.04750342294573784,AM7283
-0.1767198145389557,0.0029299117159098387,0.1558101922273636,-0.022220605984330177,0.13779763877391815,-0.034480150789022446,0.09401387721300125,-0.062129929661750793,-0.13495886325836182,0.1346079558134079,-0.10579173266887665,0.19115935266017914,0.11197175085544586,0.14589767158031464,0.2549954652786255,0.012053821235895157,0.10115431249141693,-0.009549381211400032,0.010046848095953465,-0.061682600528001785,0.10136251151561737,-0.11817090958356857,AM7284
-0.13857132196426392,-0.04438376799225807,0.11347584426403046,-0.024861428886651993,0.15406019985675812,-0.08108147233724594,0.23639801144599915,-0.3438481390476227,0.030693013221025467,-0.059212878346443176,-0.05251447483897209,-0.14970369637012482,0.10515663772821426,-0.09247691184282303,0.12201780080795288,-0.06683733314275742,0.029456766322255135,-0.20975156128406525,0.07392668724060059,0.12282794713973999,-0.1398099958896637,0.07512837648391724,AM7285
0.030550919473171234,0.005143095273524523,-0.042745158076286316,-0.22232793271541595,0.14307060837745667,-0.08662842959165573,-0.10230700671672821,0.1133141964673996,0.03016226924955845,0.09471307694911957,0.15813161432743073,-0.050798699259757996,-0.07699999213218689,-0.11088846623897552,0.11839562654495239,-0.17135635018348694,-0.07319503277540207,0.06529461592435837,-0.044946178793907166,-0.09620024263858795,-0.005378128960728645,-0.07082672417163849,AM7294
-0.07517442852258682,-0.017737943679094315,0.10046663135290146,0.04792024940252304,0.17189921438694,-0.1050548329949379,0.14648094773292542,-0.3344062864780426,0.11407686769962311,7.189385360106826e-4,0.22749063372612,-0.2159610390663147,-0.2225571870803833,-0.030063575133681297,0.042444128543138504,0.05255470424890518,-0.09154579043388367,-0.010726504027843475,-0.40139973163604736,-0.00986335426568985,-0.029210085049271584,0.34716445207595825,AM7295
-0.1531529277563095,-0.07826631516218185,0.1617148518562317,-0.1579597145318985,0.0888262614607811,0.02322092466056347,-0.12274372577667236,0.03512035682797432,0.34175223112106323,-0.037162672728300095,0.26775041222572327,-0.12075178325176239,-0.36415421962738037,-0.1606358140707016,-0.4650948643684387,0.13824903964996338,0.26332542300224304,-0.3935970366001129,0.33760806918144226,-0.20294563472270966,0.2884717583656311,-0.023779073730111122,AM7302
-0.0979304388165474,0.022137025371193886,0.05012910068035126,0.22533060610294342,-0.029486151412129402,-0.012093125842511654,0.07783183455467224,0.12348128110170364,-0.2547728419303894,0.04769487306475639,0.22963972389698029,0.08982142806053162,0.007877740077674389,-0.12207700312137604,-0.05625477805733681,0.05544132739305496,0.14604640007019043,-0.05263948813080788,-0.15197527408599854,0.037094756960868835,0.010907006449997425,-0.123306043446064,AM7303
-0.08573909103870392,-0.0544220395386219,-0.10311149060726166,0.01617957279086113,-0.049075715243816376,0.05211107060313225,0.21061505377292633,0.10137683153152466,0.030279753729701042,0.2313489317893982,0.10514888167381287,-0.030333835631608963,-0.017236534506082535,0.04534057155251503,-0.09476609528064728,0.2444140762090683,0.2402733415365219,-0.03455272689461708,-0.10979562252759933,0.056086305528879166,-0.0430438332259655,0.0026360065676271915,AM7304
-0.10602578520774841,0.13208827376365662,0.14738023281097412,-0.09711381047964096,0.09206991642713547,-0.09636451303958893,-0.07820318639278412,0.18028472363948822,-0.1515352576971054,0.040219034999608994,-0.11256398260593414,0.21315132081508636,-0.07468389719724655,0.14348967373371124,-0.10503081232309341,0.08297114819288254,0.025711767375469208,0.14647497236728668,0.18852071464061737,0.1549503207206726,0.018343212082982063,0.061174020171165466,AM7312
-0.1581127643585205,-0.026168115437030792,0.2097131758928299,-0.12618590891361237,0.18965892493724823,-0.02954794466495514,0.0020180889405310154,-0.07949186116456985,0.11477813869714737,0.0969601646065712,0.14211662113666534,0.08479724079370499,0.13910160958766937,0.11535955220460892,0.17945030331611633,0.13747532665729523,-0.03775869682431221,-0.24065500497817993,0.2045789659023285,0.22299639880657196,-0.23198527097702026,0.04820767045021057,AM7313
-0.12457176297903061,-0.01780381239950657,0.09624996781349182,0.132547065615654,-0.05420490726828575,-0.23348595201969147,0.0407881923019886,-0.20825359225273132,0.02333366870880127,0.2957371771335602,-0.06949423253536224,-0.11742062866687775,0.25862473249435425,-0.13683128356933594,0.010219846852123737,0.13252799212932587,-0.031431715935468674,0.1644449084997177,0.09900342673063278,0.013894975185394287,-0.07724443823099136,-0.04414338991045952,AM7318
-0.027013517916202545,-0.07261507213115692,-0.1396254301071167,-0.04956024885177612,-0.065265655517578125,-0.1409853994846344,-0.1871756911277771,-0.016356052830815315,0.06317318230867386,0.2621881067752838,0.0647987350821495,-0.09066640585660934,-0.09454713016748428,0.21956896781921387,-0.10371189564466476,0.033893704414367676,0.05072489008307457,-0.09520699828863144,0.07055365294218063,0.016930103302001953,-0.17656850814819336,-0.09239321202039719,AM7319
-0.12351223826408386,0.13352881371974945,0.07036726921796799,-0.03412434086203575,-0.005116516258567572,-0.025507714599370956,-0.14009156823158264,0.1828293651342392,-0.12518110871315002,0.061940670013427734,-0.2581949532032013,-0.054366715252399445,-0.2455381453037262,0.010554485023021698,-0.1484462022781372,-0.08889541029930115,-0.12969110906124115,0.1432666778564453,0.09480881690979004,0.26272082328796387,-0.1232222244143486,0.15088976919651031,AM7320
-0.13950690627098083,0.03580443188548088,0.16544951498508453,0.032457124441862106,-0.005396758671849966,-0.06782166659832001,-0.21954825520515442,-0.02564089000225067,0.02931860089302063,0.18253730237483978,-0.04155049845576286,0.07046640664339066,0.18727383017539978,3.604982921388e-4,-0.0806632712483406,0.14457906782627106,-0.038094110786914825,0.22106753289699554,-0.032030943781137466,-0.05874774232506752,0.06583087146282196,0.05574556440114975,AM7321
-0.09731695801019669,0.0930059552192688,-0.08069209009408951,-0.07450883090496063,-0.13220535218715668,0.0712427869439125,0.18390841782093048,0.02371392957866192,0.014720266684889793,-0.20467768609523773,-0.19659283757209778,-0.11005300283432007,-0.021960921585559845,0.07242758572101593,0.12551124393939972,0.02093144878745079,-0.08250654488801956,0.014157176949083805,0.07945243269205093,-0.180459663271904,0.08762144297361374,0.19406624138355255,AM7323
-0.04551970213651657,-0.006183131132274866,-0.13053087890148163,-0.11013389378786087,-0.1443749964237213,-0.07713593542575836,0.017811721190810204,-0.12191002070903778,0.07568175345659256,0.06745454668998718,-0.11115967482328415,0.09638078510761261,0.07890406250953674,0.013950584456324577,-0.08640062808990479,0.1429322361946106,0.03033934161067009,-0.10296257585287094,-0.09370122849941254,-0.02466556429862976,0.025184936821460724,0.03863128647208214,AM7325
-0.14678117632865906,0.0908999890089035,0.1296754628419876,-0.04253030940890312,0.07309622317552567,0.015669969841837883,-0.16742652654647827,0.14346230030059814,-0.07110074907541275,0.06989722698926926,-0.2131250500679016,0.0945536196231842,-0.07800628244876862,0.0863601490855217,-0.03126519173383713,-9.540403843857348e-4,0.007955336011946201,0.11969021707773209,0.003992587793618441,0.10053730010986328,0.09926384687423706,-0.08339152485132217,AM7327
0.015312516130506992,-0.10667522251605988,-0.16025391221046448,0.035341400653123856,-0.07864702492952347,-0.06859399378299713,-0.07289271801710129,-0.1498650312423706,-0.26672402024269104,0.15588125586509705,0.07764182239770889,-0.045115306973457336,-0.18230807781219482,0.02226589433848858,0.14255742728710175,0.11822152137756348,-0.1299995332956314,0.010810739360749722,0.11112820357084274,-0.13228128850460052,0.04330053925514221,-0.08001890033483505,AM7328
0.004054049961268902,-0.04673388600349426,-0.19709233939647675,0.005994323641061783,-0.04670627787709236,0.02623257227241993,-0.03396664932370186,-0.20130257308483124,-0.15941183269023895,0.059244271367788315,0.006271924823522568,0.21407756209373474,-0.19903330504894257,0.08134886622428894,0.07060640305280685,0.19274240732192993,-0.12893740832805634,-4.7622231068089604e-4,0.002915731631219387,-0.08382846415042877,-0.03493740037083626,0.014059280976653099,AM7329
-0.12135665118694305,0.10973554849624634,-0.0026144501753151417,0.09051593393087387,-0.09178878366947174,-0.053019024431705475,-0.01921847276389599,0.08718223124742508,-0.210354283452034,0.13388289511203766,-0.2882254719734192,-0.16833220422267914,-0.2827300727367401,0.061046238988637924,-0.15433016419410706,-0.02822483517229557,0.012811585329473019,-0.04833069071173668,-0.17923885583877563,-0.08655384927988052,0.018685879185795784,-0.056992776691913605,AM7332
-0.14349298179149628,0.06514163315296173,0.07854382693767548,0.022711170837283134,-0.16067610681056976,0.00929185003042221,-0.2919231951236725,0.10713795572519302,0.004329463467001915,0.08975265920162201,0.05641407147049904,-0.016238486394286156,-0.25959596037864685,0.03594723716378212,0.009678943082690239,0.08950711041688919,-0.11286792904138565,-0.018744628876447678,0.005310386419296265,-0.027949729934334755,-0.16214528679847717,0.04167710244655609,AM7333
-0.062154121696949005,-0.01809965819120407,-0.15076057612895966,-0.09005127847194672,-0.08042741566896439,0.04313402622938156,0.037782587110996246,-0.1286400407552719,0.008423597551882267,0.11926601827144623,-0.05002330243587494,0.11310646682977676,-0.1871732920408249,0.2291308045387268,-8.07652366347611e-4,0.14691998064517975,-0.07299506664276123,0.09220455586910248,-0.11925448477268219,-0.031230425462126732,0.013874189928174019,-0.13696658611297607,AM7334
-0.08060447126626968,0.03509071469306946,-0.09704496711492538,-0.09203958511352539,-0.054304804652929306,0.11191393435001373,0.08288426697254181,0.010905575938522816,0.13860182464122772,-0.0042338864877820015,2.1926856425125152e-4,0.0012021024012938142,-0.0031054001301527023,-0.033993206918239594,0.06290369480848312,0.094527468085289,0.08212372660636902,0.12135562300682068,-0.15985096991062164,0.01369743887335062,0.06758800148963928,-0.06888220459222794,AM7336
-0.11575847864151001,0.027737518772482872,-0.02089712955057621,-0.027643607929348946,-0.06702259927988052,0.22363245487213135,0.024008292704820633,0.15395456552505493,0.19405274093151093,-0.049557317048311234,0.06609869003295898,-0.1621694415807724,0.052187204360961914,1.7958664102479815e-4,0.10956787317991257,-0.07145808637142181,-0.10261495411396027,0.04826098307967186,-0.013879455626010895,-0.031050968915224075,-0.02939007617533207,0.03908814117312431,AM7337
-0.08958601206541061,0.08786439150571823,0.0018514018738642335,0.11206384003162384,-0.20168697834014893,-0.09384297579526901,0.023133113980293274,0.09364502876996994,0.02633853070437908,0.058815352618694305,0.05617406591773033,-0.14013148844242096,-0.08845855295658112,-0.23805007338523865,0.19629797339439392,-0.012861151248216629,0.046141840517520905,-0.10110621899366379,-0.09977000206708908,-0.12987031042575836,-0.04332577809691429,-0.012031029909849167,AM7343
-0.051791343837976456,2.5067789829336107e-4,-0.11743126809597015,-0.168164923787117,-0.08520238101482391,-0.03685121610760689,0.015922777354717255,-0.04590780287981033,0.0983990803360939,0.0432591438293457,-0.021464910358190536,0.1279507726430893,0.049420323222875595,-0.09292282164096832,-0.024944305419921875,0.02258230932056904,0.05789768695831299,0.006010399665683508,-0.16199930012226105,0.060581281781196594,0.0114299226552248,0.01894610933959484,AM7344
0.07316531985998154,0.03258789703249931,-0.17422033846378326,-0.12712645530700684,-0.04739759489893913,-0.19880090653896332,0.1082857996225357,-0.0694747120141983,-0.18673862516880035,0.036081090569496155,-0.07311057299375534,0.14728398621082306,-0.22650887072086334,-0.10391238331794739,0.2241573929786682,0.08164042234420776,0.1444161981344223,0.007275835610926151,0.10786020755767822,-0.1408875435590744,0.028354868292808533,0.11612677574157715,AM7345
-0.051216840744018555,0.0507354699075222,-0.09614003449678421,0.0036750403232872486,-0.1702205091714859,-0.00677043292671442,0.18822401762008667,0.024466920644044876,0.0028129033744335175,-0.05674905329942703,-0.017040973529219627,-0.10729128867387772,-0.03616320341825485,0.034850575029850006,0.18750566244125366,0.014670141041278839,0.028812315315008163,0.012243378907442093,0.07204624265432358,-0.11414065212011337,0.1044870913028717,0.09587948024272919,AM7346
-0.06420741230249405,-0.006326623726636171,-0.11589594185352325,-0.20255762338638306,-0.008999962359666824,0.050905220210552216,-0.04772784560918808,-0.01445011980831623,0.08197172731161118,-0.0024968062061816454,-0.012114242650568485,0.1955278515815735,-0.0232000220566988,0.013799329288303852,-0.036393310874700546,-0.017142068594694138,-0.12638628482818604,-0.041173163801431656,-0.11232925206422806,0.010673549957573414,0.02349279448390007,-0.012870405800640583,AM7353
-0.08706381916999817,-0.045639172196388245,-0.10376206785440445,-0.15216638147830963,-0.09561062604188919,0.06326740235090256,-0.08771207183599472,-0.0699893906712532,0.09919942915439606,-0.09519224613904953,-0.008808264508843422,0.20302093029022217,0.06396350264549255,0.03761276602745056,-0.11286281049251556,-0.08963382989168167,-0.24893818795681,-0.06300640851259232,-0.04814434051513672,0.10976575314998627,0.03758633881807327,-0.14321428537368774,AM7354
0.05301513895392418,-0.04839014261960983,-0.1309153437614441,0.13066808879375458,0.2569170296192169,0.26133593916893005,-0.007568478584289551,0.04289025068283081,-0.019742855802178383,-0.036422938108444214,0.09602034837007523,0.24780680239200592,0.07989262044429779,0.07035679370164871,-0.12636695802211761,0.040185000747442245,-0.29471489787101746,-0.0826597735285759,0.15015098452568054,0.05926666408777237,0.026889963075518608,0.013270088471472263,AM7356
0.050613969564437866,-0.01822984218597412,-0.09979183226823807,0.17321136593818665,0.48491907119750977,0.41339677572250366,0.13620664179325104,0.19308681786060333,0.0036839924287050962,0.22227397561073303,-0.32683032751083374,-0.01287849061191082,-0.06934687495231628,-0.5609634518623352,0.12269943952560425,0.22652088105678558,-0.13908860087394714,-0.07454928755760193,0.07311127334833145,0.015371606685221195,0.07248450070619583,-0.03677094727754593,AM7359
-0.0974251925945282,-0.05045619234442711,-0.1465121954679489,-0.002868116367608309,-0.07515428215265274,0.07395154982805252,0.14493262767791748,-0.06802685558795929,0.06279417872428894,0.20422546565532684,-0.3233369290828705,-0.22874091565608978,0.06266512721776962,0.046609971672296524,-0.19919581711292267,0.06416206061840057,0.009741691872477531,0.06362169235944748,-0.03538339585065842,0.11810782551765442,0.004141202662140131,-0.06811786442995071,AM7361
-0.08206333965063095,-0.1376497745513916,-0.10616435110569,-0.061966363340616226,0.05031390115618706,0.09716173261404037,-0.05962587893009186,-0.054425302892923355,-0.0911874994635582,0.14247268438339233,-0.05297587811946869,-0.13652101159095764,0.050009164959192276,4.54645516583696e-4,-0.1382027119398117,-0.19169579446315765,-0.40470972657203674,0.038591280579566956,0.05376308783888817,-0.05175988748669624,0.037772249430418015,0.03723674640059471,AM7362
0.01743065007030964,-0.16127321124076843,0.03426805138587952,-0.07180555909872055,-0.0073883081786334515,-0.06827513873577118,0.16127364337444305,0.19859282672405243,-0.11579401791095734,-0.29048407077789307,-0.1452265828847885,0.05230608209967613,-0.02457582578063011,-0.014186346903443336,0.04252806678414345,0.14419876039028168,-0.21864041686058044,-0.048185501247644424,-0.029571516439318657,-0.07892543077468872,0.09027888625860214,-0.026349568739533424,AM7365
0.026204323396086693,-0.04730244353413582,-0.16180893778800964,-0.007190672215074301,-0.03301860764622688,-0.0372653529047966,-0.08592075109481812,-0.10559381544589996,-0.06676118075847626,-0.020853176712989807,0.048848703503608704,0.04567324370145798,0.09929082542657852,-0.04247891157865524,-0.21573173999786377,-0.09378263354301453,-0.07944965362548828,-0.03327174112200737,0.008931922726333141,-0.05692314729094505,-0.06485924124717712,0.1674058437347412,AM7372
-0.021404368802905083,-0.22332842648029327,0.07146020233631134,0.11662410199642181,-0.1136852279305458,0.0266158077865839,0.03950481861829758,-0.025401778519153595,0.09528908133506775,0.015225897543132305,-0.13699877262115479,0.010836920700967312,0.018300272524356842,0.005578861106187105,-0.10701732337474823,-0.21236911416053772,0.1554391235113144,0.08077934384346008,0.010395227931439877,0.048550982028245926,-0.035372521728277206,0.03268999978899956,AM7373
0.04636542499065399,-0.19881656765937805,0.09606096148490906,0.2205454409122467,-0.11829914152622223,-0.009457556530833244,-0.08449757099151611,-0.038450706750154495,0.24072954058647156,0.13617786765098572,-0.011929324828088284,0.03652616962790489,0.01595788262784481,-0.03602738305926323,-0.0065943049266934395,-0.12695665657520294,0.1410684883594513,0.07653112709522247,0.013077709823846817,0.02722439356148243,-0.04425865784287453,-0.04287301003932953,AM7380
0.019172364845871925,-0.08016999065876007,-0.06777253746986389,0.010560775175690651,0.08797533065080643,-0.05047250911593437,-0.07359057664871216,0.012729027308523655,-0.06079964339733124,0.24922144412994385,-0.032444097101688385,-0.2733219563961029,0.04333004727959633,-0.17582952976226807,0.02427615597844124,-0.11117987334728241,0.04740401357412338,0.06946049630641937,-0.004412245936691761,0.03457113355398178,0.011337719857692719,-0.02200332097709179,AM7382
0.04103654995560646,-0.1915237009525299,0.03170338645577431,0.13579262793064117,-0.004601040855050087,-0.00947071984410286,0.04717002809047699,0.0664093941450119,-0.046752870082855225,-0.0663084089756012,-0.05828115716576576,-0.12884613871574402,0.03274613618850708,0.03373410552740097,0.008383780717849731,0.16827894747257233,0.12270787358283997,-0.061979543417692184,-0.08423618227243423,0.03109993040561676,5.615195259451866e-4,0.03413821756839752,AM7383
0.019714532420039177,-0.20276817679405212,0.06309126317501068,0.1319359987974167,-0.06305091083049774,0.10528639703989029,0.021125899627804756,-0.05109930410981178,0.032769933342933655,-0.03441739082336426,-0.010606029070913792,0.1867142617702484,-0.09327550232410431,0.011632975190877914,0.048745959997177124,-0.2152053713798523,0.23651254177093506,0.10972506552934647,0.028994649648666382,0.017082909122109413,0.012183234095573425,0.06679973006248474,AM7384
0.006501904688775539,-0.17730829119682312,0.07869040966033936,-0.06445477157831192,-0.07184428721666336,-0.06181858852505684,0.025275124236941338,0.11289010941982269,-0.03880174085497856,-0.2764520049095154,-0.11709100753068924,-0.05433355271816254,0.12393993884325027,-0.13506095111370087,-0.02938763238489628,0.07217579334974289,-0.007351253647357225,-0.04827534407377243,-0.12178719788789749,-0.05788430571556091,0.02712959423661232,0.0362798273563385,AM7385
-0.019402669742703438,-0.10491679608821869,-0.08145598322153091,-0.05305948853492737,0.07997966557741165,0.004901884123682976,0.01492762379348278,0.01601158082485199,-0.14712503552436829,0.11855360120534897,0.05574163421988487,-0.15073056519031525,0.04764582961797714,-0.11832299828529358,-0.03109762817621231,-0.2008979320526123,0.008430780842900276,0.0311370100826025,-0.0549270361661911,-0.007577827665954828,0.04018308222293854,0.0033391439355909824,AM7386
0.05922224372625351,-0.20462706685066223,0.01948869414627552,0.17882835865020752,-0.044953372329473495,-0.0707334652543068,-0.00943566020578146,0.036199819296598434,-0.05640605464577675,-0.14411628246307373,0.07243740558624268,0.016858575865626335,0.14560921490192413,-0.028210153803229332,-0.0035666723269969225,0.2056436538696289,0.03786320984363556,-0.030620278790593147,0.05111803859472275,0.02111157774925232,-0.030007166787981987,0.08829424530267715,AM7387
-0.035610973834991455,-0.29248592257499695,0.0492168627679348,0.19386513531208038,-0.08480032533407211,0.19979478418827057,0.06667006015777588,-0.0748581513762474,-0.0290441382676363,0.019274216145277023,-0.06156805530190468,0.1751617193222046,-0.21203488111495972,0.09246015548706055,0.04274197295308113,-0.2238241285085678,0.14732110500335693,0.13644136488437653,0.0193729680031538,-0.03244474530220032,0.016531560570001602,-0.009779252111911774,AM7388
-0.022129932418465614,-0.21322506666183472,0.08036203682422638,0.04174178093671799,-0.0823366791009903,0.0113641656935215,0.20886357128620148,0.07006145268678665,0.04856596142053604,0.005518647842109203,-0.024568846449255943,0.2146507352590561,-0.06558352708816528,-0.04338221251964569,0.02683168277144432,-0.19701041281223297,0.08251219987869263,0.07729870080947876,0.06352799385786057,0.004975699819624424,0.03234278783202171,0.06269295513629913,AM7409
0.010023719631135464,-0.12237981706857681,0.05587927624583244,-0.08614706248044968,0.052488602697849274,-0.08822062611579895,-0.0300674419850111,0.17796733975410461,-0.01943381316959858,-0.1030425950884819,-0.06979276984930038,-0.12824909389019012,0.07654418051242828,0.0014674686826765537,0.12201956659555435,0.11002060770988464,-0.07745972275733948,-0.022061089053750038,0.0036165937781333923,0.020809127017855644,-0.03433440998196602,-0.05331180989742279,AM7416
0.08603378385305405,-0.16254843771457672,0.03136294707655907,0.2982863783836365,-0.12777794897556305,-0.007205048110336065,-0.024727968499064445,-0.12496871501207352,0.1852692812681198,0.012863706797361374,-0.06395673751831055,0.04047544300556183,0.012731226161122322,0.0944707915186882,-0.0011577352415770292,-0.06045278534293175,-0.27206745743751526,-0.03825948387384415,0.0690016821026802,0.07801742851734161,0.047805480659008026,-0.08909924328327179,AM7419
0.039133891463279724,-0.06743495166301727,-0.0901552364230156,-0.04630839079618454,0.05386464297771454,-0.01657973602414131,-0.09482131153345108,-0.1144661158323288,-0.2556290626525879,-0.10801711678504944,-0.03844569995999336,-0.17889240384101868,0.07531258463859558,0.10714281350374222,0.06873289495706558,-0.1747158169746399,0.02409498021006584,-0.040298666805028915,0.05976872146129608,-0.004100380465388298,0.10498292744159698,-0.004081083461642265,AM7420
-0.00617875624448061,-0.19152456521987915,0.09553581476211548,-0.06055465713143349,-0.10573418438434601,-0.0062749446369707584,-0.06911539286375046,0.09148234128952026,0.05602883920073509,-0.19283558428287506,-0.0897647961974144,0.08505745232105255,-0.013127455487847328,0.017079725861549377,0.0483986921608448,0.09881723672151566,-0.13808690011501312,-0.07588277012109756,-0.011534151621162891,0.01377694308757782,-0.01432840060442686,-0.04874474182724953,AM7426
0.023270253092050552,-0.18341197073459625,0.030883489176630974,0.019299782812595367,-0.09316784143447876,-0.03289099782705307,0.0470566600561142,0.05443117395043373,-0.11050530523061752,-0.2570864260196686,-0.16938252747058868,-0.0074259694665670395,0.02385892905294895,0.09918740391731262,-0.10282145440578461,0.2017194777727127,-0.0758887305855751,-0.11551620066165924,0.008856321685016155,0.05147552117705345,0.017416952177882195,-0.026486491784453392,AM7427
-0.012710479088127613,-0.1416957974433899,0.03440381586551666,-0.07289646565914154,-0.013633324764668941,0.012021513655781746,-0.30553334951400757,0.08746280521154404,-0.004410676658153534,0.04060512036085129,0.12221898138523102,-0.13657671213150024,-0.018279075622558594,0.00965968333184719,0.08416803181171417,0.11999773979187012,0.057478923350572586,0.07116040587425232,0.03931543231010437,0.005339410156011581,-0.03365880623459816,0.00510210357606411,AM7492
-0.13170470297336578,0.019808560609817505,0.06452355533838272,-0.09903255105018616,-0.12730711698532104,0.47082817554473877,0.0014879257651045918,-0.02159852534532547,-0.12979258596897125,-0.05166580528020859,0.12346795201301575,-0.14050906896591187,-0.08018463850021362,0.17823077738285065,-0.01385739166289568,0.029077062383294106,0.019832655787467957,0.03126535937190056,0.04951345920562744,-0.0749589130282402,-0.13631393015384674,0.10425592958927155,AM7493
-0.042811691761016846,0.11736363917589188,0.013123806565999985,-0.08539804816246033,-0.15470339357852936,0.3026721179485321,0.007850827649235725,-0.0451817624270916,-0.020387811586260796,-0.13218030333518982,0.04124460741877556,-0.12812289595603943,0.05499967560172081,0.07104712724685669,0.10961494594812393,0.007259645964950323,0.1188422217965126,0.12106765061616898,0.16641665995121002,-0.01484321616590023,-0.06790391355752945,-0.0637797936797142,AM7495
-0.030163180083036423,0.1681147664785385,0.15216374397277832,0.014773198403418064,-0.14798995852470398,-0.015156231820583344,-0.2671562135219574,-0.17309735715389252,-0.20749372243881226,-0.1454765647649765,0.002100560814142227,0.1026291623711586,0.22575148940086365,-0.34707364439964294,-0.09641681611537933,-0.02579321153461933,-0.05109594389796257,-0.11722733825445175,-0.003747986163944006,-0.012940644286572933,-0.04477297142148018,-0.1603158861398697,AM7589
0.011671511456370354,0.13865673542022705,0.02799227088689804,0.15430936217308044,-0.2009575515985489,0.08332509547472,0.049805644899606705,-0.14340510964393616,-0.29675087332725525,-0.13826481997966766,0.08976884931325912,-0.01379227451980114,0.10744526237249374,-0.15372157096862793,-0.04708461835980415,0.02854546159505844,-0.0010401622857898474,-0.06643516570329666,0.10359601676464081,0.032631538808345795,-0.0227754358202219,-0.019382435828447342,AM7591
0.0526549257338047,-0.023257657885551453,-0.1442621499300003,-0.012531764805316925,0.03444710373878479,0.003203736152499914,-0.0791926458477974,-0.11090139299631119,-0.17866049706935883,-0.044464051723480225,0.1024591252207756,0.17760026454925537,-0.04030461609363556,-0.06274539232254028,0.05338168144226074,-0.0030528628267347813,0.10252592712640762,-0.05492371320724487,0.08784234523773193,-0.07049678266048431,-0.059685852378606796,0.0386863648891449,AM7628
-0.033851634711027145,0.13743267953395844,0.11129130423069,0.04613790661096573,-0.12448501586914062,0.14441688358783722,-0.06315837800502777,-0.022424494847655296,-0.2905536890029907,-0.16797024011611938,0.07553932070732117,0.08990626037120819,-0.031904853880405426,-0.2350923866033554,-0.04785579442977905,-0.07218053191900253,0.06506522744894028,-0.11618129163980484,-0.13970424234867096,0.05173453316092491,-0.07113394886255264,-0.07471048831939697,AM7629
0.03448336198925972,0.15846656262874603,-0.026005927473306656,-0.03884351626038551,-0.1495465636253357,0.12305372953414917,0.10325155407190323,-0.050641223788261414,0.005120399408042431,-0.15148086845874786,0.0972922220826149,-0.09681017696857452,0.21931849420070648,-0.12953658401966095,0.07324777543544769,0.14356128871440887,-0.023592278361320496,0.11123808473348618,0.20461921393871307,0.07726559787988663,0.011261899024248123,0.06061745434999466,AM7633
0.056131910532712936,0.07658663392066956,-0.06392455846071243,-0.015022809617221355,-0.12199843674898148,0.09280505776405334,-0.032693054527044296,-0.17133769392967224,0.07476061582565308,0.07122344523668289,0.16247865557670593,0.034627169370651245,0.2148943692445755,-0.06188401207327843,0.021793825551867485,0.1686517745256424,0.04625190049409866,0.030269823968410492,-0.05066096410155296,0.13754768669605255,0.04799247160553932,-0.14630480110645294,AM7634
