V1
1.082015276360183
0.23433557327154564
0.17360887654058432
0.07721192448609929
0.04998628515792853
0.030409373006206136
0.01944578503796744
0.015462704977695209
0.013541789892112624
0.01151782837194944
0.00950266174868348
0.007742445545276164
0.007212350886769415
0.0062016483916319766
0.005752894837791646
0.004597719212483436
0.004859934285287991
0.0040312937047451355
0.0035444752244773014
0.0029915926277619027
0.002735874632018266
0.002491679510460408
0.00264656735739264
0.00209066845244597
0.002083469373260901
0.002081684385569267
0.0020814096163690467
0.0020812895763710625
0.002081160694211391
0.0020810754424778056
0.0020810142505782994
0.002080945133171153
0.0020808879132468887
0.002080842192428371
0.0020807807499840457
0.0020806852240997297
0.0020806325102512486
0.002080584158543459
0.0020805237881177507
0.002080503709452781
0.0020804601189483773
0.002080420360717514
0.0020803798115290677
0.0020803265848634276
0.00208027243646005
0.002080262795698488
0.002080175504651098
0.002080158601936373
0.0020801255896138455
