V1
2.2342182154689754
0.6439913885829401
0.5024743029198482
0.23932455341018477
0.15489704340185684
0.08706851791559209
0.0469066448724263
0.03271355238125545
0.026380544670333763
0.020314270468132407
0.014983737856835754
0.011091111067485592
0.010028868806462695
0.0081981593796189
0.007464476649477808
0.005714020161416536
0.006054250280282522
0.004907395890999441
0.004258983859064651
0.0035780640476521957
0.003277004485079869
0.00301197870032494
0.0031450675861279943
0.002514800006323838
0.002430446564887761
0.0023532612216189213
0.0023410188976121437
0.0023356543756133962
0.0023285526043043117
0.0023252087742002873
0.0023221985255796884
0.002317253076381875
0.0023142775983324318
0.002313019565584601
0.0023089472622437163
0.0023052143797314475
0.0023025542837291036
0.0023002866723841556
0.0022961587970953255
0.0022957175353852475
0.0022932434698408532
0.0022915281432496007
0.0022904496817884017
0.0022875989698264943
0.0022847590091029184
0.0022836060598352454
