V1
1.0436459470021053
0.2264787738245799
0.16797749569073236
0.07524618645737137
0.0489635423855793
0.030020057728237536
0.01933016478024569
0.015417287871436343
0.01352271098826533
0.011518381015059085
0.00951639074733711
0.007763462682521808
0.007235287837736836
0.006227603040859808
0.00577927331211374
0.004625145232707913
0.004888363009288084
0.004059445957727526
0.0035740256204672303
0.00302198501476132
0.002767580891225574
0.0025240564501897472
0.002678359204195137
0.002099885143306203
0.0020838347952969994
0.0020811473442538947
0.0020808425888430185
0.0020807298810285794
0.0020806041066533105
