PEER1,PEER2,PEER3,PEER4,PEER5,PEER6,PEER7,PEER8,PEER9,PEER10,PEER11,PEER12,PEER13,PEER14,PEER15,PEER16,PEER17,PEER18,PEER19,PEER20,PEER21,PEER22,PEER23,PEER24,PEER25,Donor
-0.03237222880125046,-0.34370020031929016,-0.2676834762096405,-0.2006637454032898,0.4301847815513611,0.5883802175521851,-0.5473308563232422,-0.1327417492866516,-0.5465427041053772,-0.2582953870296478,0.8603830933570862,0.09622658044099808,0.9716233015060425,0.05327931046485901,-0.6379777193069458,-1.2972468137741089,0.7531148791313171,0.2871439456939697,0.17449955642223358,0.10858994722366333,0.04231605306267738,0.058222342282533646,-0.21006856858730316,-0.008303793147206306,-4.758084542118013e-4,AM7180
0.21735915541648865,-0.34271031618118286,0.2223406732082367,-0.12665922939777374,0.26650333404541016,-0.7508617639541626,-0.15937656164169312,1.0366190671920776,-0.09890007972717285,-1.7315524816513062,-0.8040337562561035,-0.22782497107982635,0.450216680765152,-0.040739282965660095,-0.05925917252898216,0.773500382900238,0.4208100736141205,0.2472945898771286,-0.38402771949768066,-0.0022279657423496246,-0.3491666913032532,-0.39456021785736084,-0.0948132798075676,0.0299821849912405,-0.00292277242988348,AM7181
0.08136726915836334,0.056552059948444366,-0.5863387584686279,-0.5187029838562012,0.13827161490917206,-0.4586995542049408,0.17799612879753113,0.07372094690799713,-0.2353447824716568,-0.6687865257263184,0.4724734425544739,1.2645938396453857,0.9930428862571716,-0.9236169457435608,-0.7982310652732849,-0.43513092398643494,0.6597617268562317,-0.27321815490722656,0.12293551862239838,-0.22146184742450714,-0.3174583613872528,0.28635936975479126,-0.5693727135658264,0.004091512877494097,5.837465869262815e-4,AM7182
0.10224240273237228,0.3257811367511749,-0.4754929542541504,-0.22603993117809296,0.4958640933036804,0.1455453634262085,-0.14658336341381073,-0.17826774716377258,0.8560578227043152,-0.5861913561820984,-0.25100427865982056,1.2673660516738892,0.40679678320884705,-0.0515722930431366,0.36662840843200684,-0.39875027537345886,2.16787052154541,0.0746491476893425,-0.5664344429969788,0.5826288461685181,-0.10084481537342072,-0.3281373083591461,-0.023012980818748474,0.054131824523210526,0.005579392891377211,AM7188
0.09101604670286179,-0.27790167927742004,-0.13447777926921844,-0.2376958429813385,0.7538720965385437,0.10155484080314636,-0.9470023512840271,0.14288674294948578,-0.9296849370002747,-0.48009902238845825,0.4254341423511505,-0.8306947350502014,0.27330371737480164,0.4285922646522522,0.948462188243866,-1.0433696508407593,1.0357694625854492,0.21075522899627686,0.24133211374282837,-0.08082767575979233,0.3606737554073334,-0.048007264733314514,0.3924894332885742,0.07913947850465775,0.012494204565882683,AM7189
0.08535256236791611,0.6114310026168823,-0.3679370582103729,-0.07972132414579391,-0.1267973780632019,-0.07085120677947998,-0.5654740929603577,-0.1525886356830597,1.6065257787704468,-0.7924027442932129,-1.2800434827804565,-0.8753159642219543,0.7081475257873535,0.13034331798553467,-0.6207213997840881,-0.3775729537010193,0.986308217048645,0.363296240568161,-0.42985254526138306,0.20670504868030548,0.4342353343963623,0.47336989641189575,-0.5005379319190979,-0.030720636248588562,-0.006867631338536739,AM7196
0.07367482781410217,0.14430320262908936,-0.47398605942726135,-0.6982117891311646,0.3442627489566803,0.28489023447036743,-1.4666416645050049,-0.8367059230804443,0.5374032855033875,-0.9094750285148621,-0.408936083316803,0.9325670599937439,0.05584760382771492,-0.32183703780174255,0.1534135341644287,-0.9018568396568298,0.3591914176940918,-0.13826781511306763,-0.6357517838478088,-0.13994024693965912,-0.06152517348527908,0.30603018403053284,-0.34567388892173767,-0.0270757544785738,-0.0034990496933460236,AM7197
0.44547775387763977,0.009785006754100323,0.12879379093647003,0.2956541180610657,0.9551736116409302,-0.6657600998878479,-0.8343034982681274,1.1238354444503784,0.9124153256416321,-0.2759656310081482,0.5799368619918823,-0.6758686304092407,0.17791679501533508,1.0336638689041138,0.15649819374084473,0.37359222769737244,-0.7674320936203003,0.5395947694778442,-0.4191268980503082,-0.02142866887152195,-0.16112469136714935,-0.02257452718913555,0.20385539531707764,0.08390624821186066,0.013758313842117786,AM7203
0.08729174733161926,0.6026838421821594,0.15133528411388397,1.094484567642212,0.7558668255805969,0.35280466079711914,-0.9337224960327148,0.5965810418128967,0.013487285003066063,-0.643760621547699,-0.2369379848241806,1.0337200164794922,-0.15385977923870087,1.4131386280059814,-0.5207570791244507,-0.41453900933265686,0.15844348073005676,-0.5731692314147949,-0.7584819197654724,-0.3139647841453552,0.362319678068161,0.3006231188774109,-0.4126984477043152,0.14853505790233612,0.011174648068845272,AM7204
0.23814333975315094,-0.2010619193315506,-0.008630086667835712,0.2114359736442566,1.0577605962753296,-0.037851352244615555,-0.9777845740318298,0.5306960344314575,-0.1587015986442566,-0.9510324001312256,0.34584465622901917,-0.860832691192627,0.43822234869003296,0.672325074672699,0.30862390995025635,0.005108031444251537,0.5313300490379333,0.5122034549713135,-0.21813909709453583,-0.05413385480642319,0.07258196175098419,0.03559008985757828,-0.01727462001144886,0.039037276059389114,0.012184533290565014,AM7205
0.4972941279411316,0.18115116655826569,0.4502033591270447,-0.647333562374115,-0.36128488183021545,0.6091407537460327,0.026022786274552345,-0.519415020942688,-1.4531333446502686,0.7319655418395996,0.4708656370639801,-2.0199241638183594,0.7299456000328064,1.1897284984588623,-1.1834083795547485,0.2259196788072586,0.4075756371021271,-0.4033629894256592,-0.13594506680965424,0.6266691088676453,0.5656517744064331,0.07347594201564789,-0.05321873351931572,-0.10276588797569275,0.0030998969450592995,AM7208
0.5620068907737732,0.31856074929237366,0.38030096888542175,-0.6453967690467834,0.628361701965332,1.3803625106811523,0.4927312433719635,-0.30932432413101196,-1.7059439420700073,0.8296229243278503,-0.2385835349559784,-1.2583158016204834,0.08071743696928024,0.8286956548690796,-0.08548520505428314,0.1853886842727661,0.91036057472229,-0.6491801738739014,-0.13079237937927246,0.6237378716468811,0.7840846180915833,0.22247499227523804,-0.17198064923286438,-0.04635955020785332,0.00656267860904336,AM7209
0.5693143010139465,0.1875445693731308,0.8014928102493286,-0.38430213928222656,0.2455735057592392,1.3621798753738403,0.6875758171081543,0.09514614194631577,0.10433153808116913,1.2318613529205322,-0.6057100892066956,0.4275819659233093,-0.5808018445968628,0.19774581491947174,-0.3954367935657501,0.09419648349285126,-0.41951021552085876,0.22121983766555786,-0.3112269341945648,-0.07083147019147873,-0.4378708004951477,0.03835877403616905,-0.10940965265035629,0.0758810043334961,0.0017307141097262502,AM7211
0.7018601298332214,0.25452589988708496,0.8313390612602234,-0.43300068378448486,-0.22791387140750885,0.8219769597053528,0.31018078327178955,-0.265167772769928,0.48795995116233826,0.8217199444770813,-0.19552062451839447,0.8622598648071289,-0.9811314940452576,-0.17011722922325134,0.23785623908042908,0.21674327552318573,-0.3701361417770386,0.22418084740638733,-0.14219450950622559,-0.6725329160690308,-0.43356072902679443,-0.04279428347945213,0.08703599870204926,0.06438447535037994,0.001035239896737039,AM7213
0.40916210412979126,-0.08022134751081467,0.9380534291267395,-0.7668973207473755,-1.4466900825500488,-0.40140631794929504,0.9753419756889343,0.004925769753754139,0.8270591497421265,1.7127736806869507,0.1387048214673996,0.26607176661491394,0.5714330673217773,-1.1202123165130615,-0.3705858290195465,-0.6600326895713806,-0.5185647010803223,-0.2621361315250397,0.4578125774860382,0.02173779159784317,-0.018518919125199318,-0.048378851264715195,-0.04411046952009201,0.001783626968972385,0.005698289256542921,AM7214
0.7112458348274231,0.33506569266319275,0.86494380235672,-0.6657947897911072,-0.364687442779541,-0.028307942673563957,0.670272707939148,0.12711621820926666,0.8864940404891968,1.0338908433914185,0.1496497392654419,0.8312503099441528,-0.6060192584991455,0.19942620396614075,0.2239461988210678,-0.7534831166267395,-0.44818639755249023,0.03537214174866676,0.005344782955944538,-0.38342517614364624,-0.18798545002937317,-0.1696164608001709,0.47326767444610596,0.05857408419251442,-4.18167095631361e-4,AM7215
0.6522056460380554,0.24489329755306244,0.6891410946846008,-0.632215142250061,-0.9743017554283142,-0.2431645542383194,0.7762600779533386,-0.7387577295303345,-0.12565241754055023,0.4698781371116638,-0.8718469738960266,-0.0382859967648983,-0.5175643563270569,0.5725955963134766,-0.28116244077682495,0.11978621780872345,-0.39716836810112,-0.5419270396232605,-0.23579129576683044,-0.24271827936172485,0.04543611779808998,0.11597216129302979,-0.1775435209274292,-0.03960565850138664,-0.006724875885993242,AM7216
-0.226568803191185,0.41609784960746765,0.2240617871284485,0.21373534202575684,-0.12052681297063828,0.17163106799125671,0.11370489746332169,1.4561090469360352,-0.4146973192691803,-0.7919226884841919,-0.11048686504364014,0.32090798020362854,-0.6283480525016785,0.052564769983291626,0.41089922189712524,-1.359906792640686,-0.0030966750346124172,-0.3400063216686249,0.06772754341363907,0.49708160758018494,-0.29101383686065674,-0.48876142501831055,-0.3932611048221588,-0.04502210393548012,-0.0012780976248905063,AM7221
0.09283316135406494,0.5807607769966125,-0.2376072108745575,1.0570597648620605,-0.8622282147407532,-0.444276362657547,-1.3108876943588257,-0.04043665900826454,1.5049597024917603,-0.37413856387138367,-0.18633918464183807,-0.4768502116203308,-0.08275629580020905,0.00830600131303072,1.8164074420928955,-0.6342329382896423,-1.2749613523483276,-0.9597898125648499,1.09437894821167,0.16682876646518707,0.8259404301643372,-0.1994505524635315,-0.1985597312450409,-0.08830942213535309,-0.0033674915321171284,AM7223
0.17902828752994537,0.38749492168426514,-0.6581495404243469,0.3024187386035919,-0.4480126202106476,-0.50330352783203125,-1.0431203842163086,-0.7309445738792419,1.7510133981704712,0.5150875449180603,-1.3151793479919434,-0.30338597297668457,0.32282447814941406,0.3450157344341278,0.9083845019340515,0.06580737233161926,-1.7807438780437224e-5,-1.237388014793396,0.09702657163143158,0.8087698221206665,1.3427304029464722,0.4213980734348297,-0.6567705869674683,-0.101815365254879,-0.01122154388576746,AM7224
0.10042639821767807,0.4892543852329254,0.05494385585188866,1.2386722564697266,-0.1923021674156189,-0.4684325158596039,-1.6161255836486816,0.13530637323856354,0.3450574576854706,0.7701115012168884,-0.3537192642688751,0.6296880841255188,-1.0752660036087036,-0.812000036239624,1.7345176935195923,0.10952235758304596,0.5748852491378784,-0.6515390872955322,-0.19100059568881989,0.13433796167373657,0.5501725673675537,0.14927084743976593,-0.3445358872413635,0.012796351686120033,-0.004842143971472979,AM7226
-0.05446149781346321,0.4751189947128296,-0.08533381670713425,0.9798119068145752,-0.09260811656713486,-0.5917804837226868,1.0604735612869263,1.5448006391525269,0.2506999969482422,0.18527179956436157,1.4500232934951782,-0.26525261998176575,0.5612335205078125,1.350991129875183,-1.3591166734695435,-1.3956547975540161,-1.6084849834442139,-1.3363990783691406,-0.5501165986061096,0.05193433165550232,0.28599977493286133,0.07249969244003296,-0.24051561951637268,0.09481094032526016,0.002298831008374691,AM7228
0.04896518215537071,0.321377694606781,-0.5119354724884033,-0.026129519566893578,0.4034911096096039,-0.528503954410553,1.9687142372131348,1.1568633317947388,0.554945707321167,0.37603017687797546,-0.254359632730484,-0.12635137140750885,0.12946723401546478,-0.6400253176689148,0.4066166579723358,-0.019220301881432533,0.5419862866401672,0.050807006657123566,0.23076294362545013,0.5180837512016296,-0.17748059332370758,-0.17936888337135315,0.1327824741601944,0.013340880163013935,-0.006356528960168362,AM7229
0.01432101335376501,0.49734383821487427,-0.03523065522313118,0.9256858229637146,0.11997315287590027,-0.9521202445030212,1.4696686267852783,1.6117268800735474,-0.6831169128417969,0.6746405959129333,0.8265211582183838,-0.059322111308574677,-0.5081335306167603,-0.15608499944210052,-0.8095619678497314,-0.47461339831352234,0.06915795803070068,-0.12602165341377258,-1.0011634826660156,-0.03799298405647278,0.12713003158569336,-0.40231671929359436,-0.16152521967887878,-0.1110134944319725,-0.005223547108471394,AM7230
0.08644825220108032,0.5622758865356445,0.164253830909729,0.8412526845932007,0.3068150281906128,-1.352428674697876,0.49140864610671997,-0.10158760100603104,-1.1653163433074951,-0.6163740158081055,0.6226332187652588,1.3459738492965698,0.21584567427635193,0.8050997853279114,-0.7661125659942627,0.3422107398509979,-0.29265183210372925,0.6636708974838257,-0.11533039808273315,-0.8147267699241638,0.1811157464981079,0.3314858078956604,-0.08126616477966309,-0.017581168562173843,0.00962125789374113,AM7236
0.16435463726520538,0.43127956986427307,-0.8583763241767883,0.08710379898548126,0.41218051314353943,-1.898808479309082,1.9765914678573608,0.917732298374176,0.24748475849628448,-0.25332048535346985,-1.5579999685287476,0.020821452140808105,-0.3843560814857483,0.8845767378807068,-0.9256468415260315,-0.5780787467956543,0.9321277141571045,-1.0672932863235474,2.1996686458587646,0.3820064663887024,-1.322473168373108,0.6915373802185059,1.4562476873397827,-0.20455361902713776,-0.006868240889161825,AM7237
0.22330044209957123,0.08876693993806839,-0.5595972537994385,0.24143759906291962,0.2982028126716614,-0.2134103924036026,-1.141095519065857,-0.6917759776115417,0.15112140774726868,0.31171900033950806,0.7250978350639343,0.4324690103530884,0.3314003348350525,-0.5875861048698425,-0.08682571351528168,0.05639123544096947,-0.03860463201999664,-0.17302708327770233,-0.13402262330055237,-0.03781892731785774,-0.4833041727542877,0.11235785484313965,0.031327370554208755,0.012100374326109886,-0.006966819986701012,AM7241
0.15905234217643738,0.018371649086475372,-0.6986148953437805,-0.18994516134262085,0.2921920716762543,-0.6145975589752197,-0.18909020721912384,-0.41093188524246216,-0.6600989699363708,0.5210644602775574,-0.003525263164192438,-0.2707189619541168,0.08845469355583191,-0.8837254047393799,-0.6792672872543335,-0.7230330109596252,-0.34127554297447205,-0.16579307615756989,-0.27213791012763977,-0.06924161314964294,-0.4783831536769867,0.2711893320083618,-0.48953819274902344,0.012139856815338135,-0.010565940290689468,AM7242
0.13115467131137848,-0.39158502221107483,0.46142110228538513,-0.6320621967315674,-0.32684311270713806,-1.084395408630371,-0.7696239352226257,1.1461927890777588,1.004447102546692,-0.8628177642822266,-0.8119066953659058,-0.32471194863319397,0.06277630478143692,-1.2386773824691772,-0.06318921595811844,0.5770946145057678,-0.29758602380752563,0.26930108666419983,-0.8344035148620605,-0.17370621860027313,-0.7264728546142578,-0.0327548123896122,0.037135496735572815,-0.01630491390824318,-0.007423378061503172,AM7243
0.2562373876571655,-0.25701507925987244,-0.09475952386856079,0.07604358345270157,0.3720604181289673,-0.9568861126899719,-0.42398256063461304,0.7301520705223083,-0.9273890852928162,-0.16576284170150757,0.9032694697380066,-1.072278380393982,0.05126233771443367,0.8138096332550049,0.842566967010498,0.5270127654075623,0.3655143976211548,0.3143198788166046,0.0849764347076416,0.4604281485080719,0.15332716703414917,-0.1230400949716568,-0.13063552975654602,0.04691047966480255,0.007024531252682209,AM7255
0.12299778312444687,-0.09358032792806625,-0.01453592162579298,-1.0345665216445923,0.32880792021751404,-1.1368696689605713,-1.0399746894836426,1.316292405128479,0.013041331432759762,0.33463239669799805,1.0244295597076416,-0.6175616383552551,-0.26325398683547974,0.12178929895162582,0.8272826075553894,-0.10268965363502502,0.04518529772758484,0.5942537188529968,0.23010805249214172,0.05534583330154419,0.1537136435508728,-0.07679209113121033,0.20819182693958282,2.68042174866423e-4,-4.8465607687830925e-4,AM7256
-0.13253840804100037,0.33862999081611633,-0.3145080804824829,-1.1455823183059692,0.03047861158847809,0.45485496520996094,0.4013752043247223,0.681843101978302,1.493179202079773,-0.9871999621391296,-0.1293296217918396,0.5603941082954407,0.4047546684741974,-0.20933839678764343,-0.3559648096561432,-0.514301061630249,-0.0050755711272358894,1.1084648370742798,-0.7623165249824524,-0.03466428071260452,0.19125896692276,-0.24864532053470612,0.425366073846817,-0.002297887811437249,6.753346533514559e-4,AM7260
0.04907114803791046,0.3954002261161804,-0.3413006663322449,0.272085964679718,-0.6112297773361206,-0.2892543077468872,0.9288278818130493,0.49981334805488586,0.3060287535190582,-0.41241252422332764,1.1076819896697998,0.1326262652873993,-0.5827668905258179,1.0419516563415527,0.7810106873512268,0.4795467257499695,0.35391390323638916,1.3809492588043213,0.8223921656608582,0.022491462528705597,0.2716711461544037,-0.338124543428421,-0.049852900207042694,-0.02564433217048645,-0.003302658209577203,AM7261
0.034100525081157684,0.16480161249637604,0.1785513311624527,0.5756667256355286,0.8022583723068237,-0.7708795070648193,1.0921602249145508,-2.544750452041626,0.45513832569122314,-1.7868884801864624,1.3762789964675903,-0.7979451417922974,-2.1857030391693115,-0.11712393164634705,-0.536191999912262,0.40947961807250977,-0.9094389081001282,1.7737305164337158,0.3658427894115448,0.8484445214271545,0.5562045574188232,-0.15215864777565002,0.24845793843269348,-0.027866709977388382,-0.0025917680468410254,AM7266
0.21003633737564087,0.07395223528146744,-0.5018109679222107,0.6190115213394165,0.5955536365509033,0.8189968466758728,-0.3930022120475769,-0.13383442163467407,0.9961874485015869,-0.0950172170996666,1.0335228443145752,1.6014198064804077,0.03669768571853638,1.3358663320541382,-0.7695980668067932,1.6784420013427734,0.4957749843597412,-0.18326139450073242,-0.21036405861377716,0.3655453324317932,-0.47274723649024963,0.07090126723051071,0.18552091717720032,-0.0424455925822258,0.003583339275792241,AM7269
-0.019169701263308525,0.3420177102088928,0.36762356758117676,-0.15224945545196533,1.089172124862671,-0.6801472902297974,0.46398016810417175,-2.0298917293548584,0.7757759094238281,-2.4092016220092773,0.2750679552555084,-0.7205547094345093,-2.0155274868011475,-1.2481589317321777,-0.8740367889404297,-0.2710830569267273,-0.20872727036476135,1.2271312475204468,0.5855810046195984,0.8869864344596863,-0.11079953610897064,-0.6657129526138306,0.571880042552948,-0.022652525454759598,-0.005362974014133215,AM7270
0.04210733622312546,0.5251613259315491,0.029404563829302788,0.7423349022865295,0.6566482782363892,1.0118769407272339,-1.0200444459915161,0.8178073763847351,1.3932784795761108,-0.06449779868125916,0.31300026178359985,-0.265945166349411,-0.21384978294372559,-0.41741833090782166,0.7635353803634644,0.2881244122982025,0.5829237103462219,0.8781793713569641,-0.015675926581025124,-0.8676475882530212,-1.1347981691360474,-0.2052977830171585,-0.25879228115081787,-0.12875130772590637,-7.829541573300958e-4,AM7272
-0.07313008606433868,0.4934307038784027,0.37195926904678345,0.7995938062667847,1.4433060884475708,0.04169760271906853,-0.5739484429359436,-1.9667572975158691,0.6299738883972168,-0.1891815960407257,-2.435387372970581,-0.9914947748184204,1.7769476175308228,1.2538096904754639,-1.0593477487564087,-0.24061983823776245,0.47029849886894226,0.19827543199062347,-0.3167119324207306,-2.4620580673217773,-0.572978675365448,-1.2331756353378296,0.5269984602928162,0.020812584087252617,-0.005383335519582033,AM7273
-0.023441873490810394,-0.29846271872520447,-0.4251711964607239,-0.4167792797088623,0.4643549919128418,-0.28431081771850586,0.578267514705658,0.46669331192970276,-0.4130617678165436,0.9657009243965149,1.788474202156067,0.08295483142137527,0.27764424681663513,-0.550957202911377,-0.24943651258945465,-0.7494490146636963,-0.6010100841522217,0.19950246810913086,0.13529208302497864,-0.15333019196987152,0.0327642560005188,-0.3302209675312042,0.2580224871635437,-0.019689641892910004,-0.0012909079669043422,AM7277
-0.21062517166137695,0.17637401819229126,-0.1376497745513916,0.49827852845191956,-0.3537648916244507,0.8482535481452942,1.2754807472229004,1.362955093383789,1.3434878587722778,-0.2331494688987732,1.9791560173034668,-1.0086560249328613,1.2572840452194214,0.6137628555297852,0.454130083322525,-0.387156218290329,-0.5967975854873657,-0.384891539812088,-0.1738235205411911,-0.3909257650375366,-0.23432236909866333,0.2087455838918686,0.9335652589797974,0.16344811022281647,0.004536174237728119,AM7278
-0.28357064723968506,0.189506396651268,0.7071692943572998,-0.32696354389190674,0.6066715121269226,-1.1787217855453491,1.0119868516921997,0.38306713104248047,-0.16816510260105133,1.179105281829834,0.9516822695732117,1.4648312330245972,2.244886875152588,-0.3828907012939453,-0.40750184655189514,0.501598060131073,-0.2643078565597534,1.4867644309997559,0.2747874855995178,-1.0622804164886475,1.1754521131515503,0.35360029339790344,-0.7657306790351868,-0.13794757425785065,-0.0032055587507784367,AM7280
-0.3858131170272827,-0.0252890232950449,0.772652804851532,-0.7851628661155701,1.151439905166626,-0.21396173536777496,0.7356070876121521,-1.112185001373291,-0.33186495304107666,0.04482748359441757,-0.17347829043865204,1.029450535774231,-0.17642773687839508,1.6056443452835083,2.6221401691436768,-1.0519229173660278,-0.17297397553920746,-1.7907130718231201,-0.7302559614181519,0.1351384073495865,0.11408761143684387,-0.6971590518951416,0.022565403953194618,-0.21997664868831635,-0.02492147870361805,AM7283
-0.453498899936676,0.013679176568984985,0.6603201627731323,-0.09423968940973282,0.7746060490608215,-0.2178438901901245,0.6213388442993164,-0.3991750180721283,-0.8921013474464417,0.8644190430641174,-0.6857299208641052,1.2878588438034058,0.6772750616073608,0.8600993156433105,1.5767741203308105,0.10133574903011322,0.5725686550140381,-0.05859331786632538,0.10857126116752625,-0.27413541078567505,0.664325475692749,-0.22211557626724243,0.6764417886734009,0.02016790769994259,-0.0011472885962575674,AM7284
-0.35637423396110535,-0.16634097695350647,0.48046383261680603,-0.10481315106153488,0.872056782245636,-0.517288088798523,1.515177607536316,-2.27105450630188,0.22386935353279114,-0.3551977872848511,-0.3509258031845093,-0.9311560988426208,0.6711703538894653,-0.5038091540336609,0.7801710963249207,-0.4188693165779114,0.16140420734882355,-1.3176307678222656,0.4650614857673645,0.7018477320671082,-0.7835617661476135,0.8540710806846619,0.08352572470903397,0.22152015566825867,0.037590205669403076,AM7285
0.07616110891103745,0.022779220715165138,-0.1768411099910736,-1.141840934753418,0.818048894405365,-0.5344825983047485,-0.6506644487380981,0.7319055199623108,0.16458851099014282,0.6139138340950012,1.0109684467315674,-0.33366459608078003,-0.49830231070518494,-0.6710211038589478,0.728766679763794,-1.1063424348831177,-0.45565536618232727,0.4452226459980011,-0.16920852661132812,-0.4453958570957184,-0.011648976244032383,-0.10521167516708374,0.5748464465141296,-0.06701253354549408,-0.0039917356334626675,AM7294
-0.1930600255727768,-0.0631246268749237,0.426043301820755,0.261465460062027,0.9745180010795593,-0.6642935276031494,0.9353954792022705,-2.193047046661377,0.7395032048225403,0.033353108912706375,1.4476670026779175,-1.3712177276611328,-1.4104504585266113,-0.16557013988494873,0.3097999393939972,0.20853663980960846,-0.570651650428772,0.023217590525746346,-2.715599775314331,-0.055129315704107285,-0.320061057806015,1.5820751190185547,-0.75382232666015625,-0.07447726279497147,-0.0056228735484182835,AM7295
-0.3937685787677765,-0.2999570071697235,0.6923689246177673,-0.7963711023330688,0.5150914788246155,0.14149418473243713,-0.8028538227081299,0.22356952726840973,2.1905789375305176,-0.2309148609638214,1.728488802909851,-0.8476048111915588,-2.283430337905884,-1.0174330472946167,-2.8910179138183594,0.8968544006347656,1.5725151300430298,-2.654745578765869,1.6990034580230713,-1.5362484455108643,1.6207484006881714,-0.4271456301212311,-0.3527682423591614,0.05189599469304085,-8.096215315163136e-4,AM7302
-0.24873098731040955,0.08244381099939346,0.20634526014328003,1.1604878902435303,-0.17826838791370392,-0.08016248047351837,0.52516770362854,0.8303231000900269,-1.6627446413040161,0.27178528904914856,1.461987853050232,0.5234915018081665,0.06927874684333801,-0.7900285124778748,-0.3331991136074066,0.280085027217865,0.8809765577316284,-0.30426982045173645,-0.8369286060333252,0.4212343394756317,0.11911125481128693,-0.6365803480148315,0.47540706396102905,0.00499926321208477,-0.010176097974181175,AM7303
-0.2190595120191574,-0.21440543234348297,-0.4404619336128235,0.08691868185997009,-0.2724256217479706,0.31807205080986023,1.381070852279663,0.6757838726043701,0.21668903529644012,1.4685137271881104,0.6695465445518494,-0.17730706930160522,-0.12517231702804565,0.2411298006772995,-0.5531225800514221,1.5084941387176514,1.4927079677581787,-0.21331088244915009,-0.7202724814414978,0.44522935152053833,-0.14582028985023499,0.15184982120990753,0.15602557361125946,0.013719666749238968,-0.007091802544891834,AM7304
-0.27272549271583557,0.5131813287734985,0.6257758736610413,-0.48767635226249695,0.5102064609527588,-0.5951796174049377,-0.49287980794906616,1.184839129447937,-1.0288450717926025,0.24408170580863953,-0.7236882448196411,1.3662333488464355,-0.4754454493522644,0.8349515795707703,-0.706695556640625,0.582840085029602,0.18044570088386536,0.8026830554008484,1.149575114250183,0.760719895362854,0.2082180380821228,0.511925995349884,-0.4946238398551941,0.06718260794878006,9.472889942117035e-4,AM7312
-0.40668243169784546,-0.0969158485531807,0.8942639231681824,-0.6275700330734253,1.0778586864471436,-0.19028042256832123,0.01891014352440834,-0.5135126113891602,0.7207540273666382,0.6427714228630066,0.9223222732543945,0.5846993327140808,0.8298044204711914,0.7526711821556091,1.092704176902771,0.9077697396278381,-0.23412123322486877,-1.5532782077789307,1.2540857791900635,1.1139754056930542,-1.500319242477417,-0.522618293762207,-0.9510068893432617,0.0829826071858406,-0.002387266606092453,AM7313
-0.3181489408016205,-0.06891122460365295,0.4039066731929779,0.6916983723640442,-0.3176512122154236,-1.4494861364364624,0.25347664952278137,-1.335298776626587,0.17246878147125244,1.950190544128418,-0.4235493242740631,-0.7023300528526306,1.6287004947662354,-0.8299701809883118,0.0851740911602974,0.8455643653869629,-0.15973927080631256,1.0094935894012451,0.6931469440460205,0.11229827255010605,-0.39728212356567383,-0.1762465387582779,0.03927697613835335,0.006981516722589731,-0.0013280980056151748,AM7318
-0.06901188939809799,-0.2818808853626251,-0.5925663709640503,-0.25998055934906006,-0.3672841787338257,-0.8578566312789917,-1.2160624265670776,-0.09470247477293015,0.3908025920391083,1.7261775732040405,0.42610856890678406,-0.536079466342926,-0.6217225193977356,1.3820751905441284,-0.659149169921875,0.26346516609191895,0.3776545822620392,-0.5510268211364746,0.5028786659240723,0.27583038806915283,-0.820425271987915,0.40537935495376587,0.9863092303276062,-0.13744217157363892,-0.010663257911801338,AM7319
-0.3164459764957428,0.5168878436088562,0.2978249788284302,-0.16807231307029724,-0.04255690798163414,-0.14811727404594421,-0.9008068442344666,1.2010648250579834,-0.8379848003387451,0.4063210189342499,-1.660601019859314,-0.35997503995895386,-1.522961139678955,0.07116539776325226,-0.9763909578323364,-0.5396401882171631,-0.7528547048568726,0.8362759947776794,0.6395096778869629,1.2907596826553345,-0.8721583485603333,-0.29955562949180603,-1.6681581735610962,0.06570075452327728,0.004857656080275774,AM7320
-0.3568148612976074,0.13973262906074524,0.7029828429222107,0.17685966193675995,-0.038911350071430206,-0.41156667470932007,-1.4217414855957031,-0.13868020474910736,0.16427403688430786,1.209761381149292,-0.22799131274223328,0.4600658416748047,1.1814464330673218,-0.022375667467713356,-0.4962536096572876,0.9072930216789246,-0.2011706531047821,1.3746538162231445,-0.2521803379058838,-0.29169684648513794,0.5160295367240906,0.9403826594352722,0.28697553277015686,-0.12793856859207153,-0.011159829795360565,AM7321
-0.24975994229316711,0.3590043783187866,-0.3447493612766266,-0.3746528923511505,-0.753513753414154,0.44162309169769287,1.1806511878967285,0.13537944853305817,0.13759957253932953,-1.3256701231002808,-1.2849540710449219,-0.6745043992996216,-0.1467050313949585,0.45153117179870605,0.7971755266189575,0.17221476137638092,-0.5343313217163086,0.06024332717061043,0.2229481190443039,-1.2956767082214355,0.4040641784667969,0.9368199110031128,-0.5279553532600403,-0.032036710530519485,0.0033002065028995275,AM7323
-0.11720479279756546,-0.024664804339408875,-0.5542687773704529,-0.5634530186653137,-0.8200650215148926,-0.46734338998794556,0.10182919353246689,-0.7949768304824829,0.5167695879936218,0.4526767432689667,-0.6881288290023804,0.6256324648857117,0.509147584438324,0.05640016496181488,-0.5402940511703491,0.8654669523239136,0.17251341044902802,-0.6205276846885681,-0.6953036189079285,-0.1402205377817154,0.09924250096082687,0.08255559206008911,-0.07922125607728958,0.045815981924533844,0.022838633507490158,AM7325
-0.3762960135936737,0.35328924655914307,0.5514529347419739,-0.20735599100589752,0.4062269330024719,0.10576307773590088,-1.077507734298706,0.9462809562683105,-0.4975755214691162,0.45657628774642944,-1.3612720966339111,0.6150566935539246,-0.48700860142707825,0.4978378713130951,-0.2272048145532608,0.01352205965667963,0.04386207088828087,0.7253171801567078,0.14776165783405304,0.6934729218482971,0.761168897151947,0.30262935161590576,0.5606006979942322,0.1002456471323967,-7.949958089739084e-4,AM7327
0.03999370336532593,-0.4148627519607544,-0.6830875873565674,0.17591384053230286,-0.4515034854412079,-0.4133172929286957,-0.4598085880279541,-0.9776697754859924,-1.7432087659835815,1.0244468450546265,0.4887222945690155,-0.24661020934581757,-1.1593300104141235,0.09468632191419601,0.8619927167892456,0.7618896961212158,-0.826111376285553,0.059595659375190735,0.6417146921157837,-0.7890658378601074,0.22675050795078278,-0.32212650775909424,0.3465300500392914,0.06023280695080757,0.002943058731034398,AM7328
0.010913087986409664,-0.18137553334236145,-0.837597668170929,0.02682548016309738,-0.2678815424442291,0.17749913036823273,-0.21891221404075623,-1.3117108345031738,-1.0427216291427612,0.3898696005344391,0.05244993418455124,1.3953711986541748,-1.2557754516601562,0.4207823574542999,0.36870384216308594,1.2032349109649658,-0.8085959553718567,0.013192828744649887,-0.1007409393787384,-0.5028349757194519,-0.2748570740222931,-0.08950492739677429,-0.027855483815073967,0.043004587292671204,1.7205890617333353e-4,AM7329
-0.3097476363182068,0.42245978116989136,-0.016721628606319427,0.47046995162963867,-0.5372036099433899,-0.3197880983352661,-0.11760672181844711,0.5787211060523987,-1.3698869943618774,0.8742088675498962,-1.8741003274917603,-1.0679101943969727,-1.75104558467865,0.352603942155838,-0.97013258934021,-0.20448487997055054,0.0886017233133316,-0.2124224752187729,-1.1163276433944702,-0.34788978099823,0.13799577951431274,-0.1761525720357895,0.5313746929168701,0.11411727219820023,0.008128834888339043,AM7332
-0.3663466274738312,0.2498997300863266,0.33368921279907227,0.12068163603544235,-0.9211768507957458,0.07622760534286499,-1.8849300146102905,0.7289204597473145,-0.004738389514386654,0.6018739342689514,0.3719974458217621,-0.10316288471221924,-1.6450026035308838,0.20126909017562866,0.013234010897576809,0.5517832636833191,-0.6656556725502014,-0.08737318962812424,-0.01806613989174366,-0.11029136180877686,-0.9444929361343384,0.4217900335788727,0.18075606226921082,-0.024913612753152847,0.011223962530493736,AM7333
-0.1594582498073578,-0.07091760635375977,-0.6396952271461487,-0.45895105600357056,-0.45603641867637634,0.28011465072631836,0.24595367908477783,-0.8357899188995361,0.06125297769904137,0.7796277403831482,-0.3108953535556793,0.7712640166282654,-1.1979411840438843,1.3544578552246094,-0.05258811265230179,0.9279972314834595,-0.43800267577171326,0.6453685164451599,-0.6637918949127197,-0.009863984771072865,0.11755936592817307,-0.6676032543182373,0.5533843636512756,0.04955586418509483,0.007230423390865326,AM7334
-0.2067720741033554,0.13536590337753296,-0.41075095534324646,-0.4670254588127136,-0.30394262075424194,0.6976826190948486,0.5354577302932739,0.0718066543340683,0.9231410622596741,-0.02775300294160843,0.011460150592029095,0.01686512865126133,-0.03082236461341381,-0.24619431793689728,0.41177693009376526,0.5563687682151794,0.48715347051620483,0.7801564335823059,-0.8996827602386475,0.23348501324653625,0.4480847120285034,-0.25625452399253845,0.33142200112342834,0.00293961470015347,0.0010039051994681358,AM7336
-0.2959437370300293,0.10544122010469437,-0.08708227425813675,-0.13658130168914795,-0.3730008900165558,1.3877314329147339,0.1592848002910614,1.0119105577468872,1.2806880474090576,-0.3223622739315033,0.4237810969352722,-1.0350695848464966,0.30878812074661255,0.05341646820306778,0.7051534652709961,-0.43783852458000183,-0.6196559071540833,0.32611340284347534,-0.06631419062614441,-0.17538771033287048,-0.18423107266426086,0.3419080674648285,0.06314054131507874,0.015873491764068604,-0.0029110910836607218,AM7337
-0.22792968153953552,0.33631226420402527,0.003219823818653822,0.5764551758766174,-1.1540510654449463,-0.5786224603652954,0.14663906395435333,0.6324917674064636,0.1950766146183014,0.3826713263988495,0.3476724326610565,-0.8930507302284241,-0.5599778890609741,-1.4766772985458374,1.2461358308792114,-0.1572863608598709,0.2409512996673584,-0.5897928476333618,-0.6420108079910278,-0.6970463395118713,-0.37571758031845093,-0.41846293210983276,0.1094478964805603,-0.008809654973447323,0.013229875825345516,AM7343
-0.13375400006771088,9.756993385963142e-4,-0.4969501793384552,-0.8601198196411133,-0.48092201352119446,-0.21923086047172546,0.09677763283252716,-0.30013135075569153,0.6564953327178955,0.28339338302612305,-0.1121545061469078,0.8049423098564148,0.3241520822048187,-0.6037822961807251,-0.15821805596351624,0.0763007253408432,0.33779892325401306,0.0562007874250412,-0.9775004982948303,0.40194669365882874,-2.024126733886078e-4,-0.32627370953559875,-0.30929097533226013,0.04826279729604721,0.009970758110284805,AM7344
0.1861531287431717,0.12635396420955658,-0.7418459057807922,-0.6573398113250732,-0.27496138215065,-1.2282456159591675,0.7020418643951416,-0.46837204694747925,-1.2089329957962036,0.220007985830307,-0.49044495820999146,0.9834275841712952,-1.4371005296707153,-0.7428597211837769,1.3666020631790161,0.4965105652809143,0.8266435861587524,-0.03733177110552788,0.45958733558654785,-1.0159447193145752,0.06235215440392494,0.19000793993473053,-0.5821240544319153,0.09321209043264389,0.004813443869352341,AM7345
-0.1308295726776123,0.19341394305229187,-0.4119311273097992,0.02079940401017666,-0.9689734578132629,-0.04300934448838234,1.2161115407943726,0.1556212306022644,0.056950684636831284,-0.37575846910476685,-0.13620680570602417,-0.642927348613739,-0.25379613041877747,0.21273131668567657,1.199772834777832,0.11584535986185074,0.13790534436702728,0.03349537402391434,0.2953445315361023,-0.829044759273529,0.5612847208976746,0.47970229387283325,-0.27336639165878296,0.1000882238149643,0.0030336559284478426,AM7346
-0.165858656167984,-0.02332806959748268,-0.48832499980926514,-1.0360575914382935,-0.04623227193951607,0.32711416482925415,-0.31211379170417786,-0.09855563193559647,0.5304956436157227,-0.016482608392834663,-0.051262665539979935,1.230010747909546,-0.13471727073192596,0.06591769307851791,-0.2740732729434967,-0.1456138640642166,-0.7932511568069458,-0.21415022015571594,-0.6862655878067017,0.11056278645992279,0.06891568750143051,-0.22746506333351135,0.01666836068034172,0.009963086806237698,0.004635486751794815,AM7353
-0.22378750145435333,-0.17648018896579742,-0.43769028782844543,-0.7778817415237427,-0.5383473038673401,0.4067952632904053,-0.5812091827392578,-0.46167847514152527,0.6534813046455383,-0.6073644757270813,-0.021327372640371323,1.2576031684875488,0.4287496507167816,0.2538164556026459,-0.7673949003219604,-0.5717690587043762,-1.5387934446334839,-0.3420272767543793,-0.12969385087490082,0.7669092416763306,0.2294529676437378,-0.4933303892612457,0.5123336911201477,-0.033992037177085876,0.008476249873638153,AM7354
0.13718925416469574,-0.185393825173378,-0.5542688965797424,0.6621177196502686,1.4695748090744019,1.6182904243469238,-0.04576273635029793,0.28539663553237915,-0.14986854791641235,-0.26465973258018494,0.6383806467056274,1.541369080543518,0.5198727250099182,0.4477614760398865,-0.8597762584686279,0.289458304643631,-1.810046672821045,-0.5386000871658325,0.8674629330635071,0.23164543509483337,0.12144080549478531,0.2542116940021515,-0.1140485629439354,0.028913861140608788,8.427230059169233e-4,AM7356
0.13086672127246857,-0.06801745295524597,-0.42233431339263916,0.885104238986969,2.770382881164551,2.54972505569458,0.9005460143089294,1.2639062404632568,0.020672596991062164,1.4022619724273682,-2.093101739883423,-0.11116764694452286,-0.3798571825027466,-3.5353078842163086,0.7102417945861816,1.3389557600021362,-0.9574229121208191,-0.517471432685852,0.4199041724205017,0.1414196640253067,0.4049936830997467,0.31982937455177307,0.36893630027770996,-0.08538196235895157,0.0022875715512782335,AM7359
-0.24911172688007355,-0.19725362956523895,-0.6242777109146118,-0.009692722000181675,-0.42346030473709106,0.4621422588825226,0.932971715927124,-0.44565072655677795,0.4535077214241028,1.3387806415557861,-2.065800666809082,-1.4284191131591797,0.4154849052429199,0.31317514181137085,-1.213844895362854,0.4241677522659302,0.09501868486404419,0.4235745668411255,-0.11370579898357391,0.7136213183403015,0.03678835555911064,-0.7150417566299438,-0.24764946103096008,0.04725119099020958,-0.0017332083079963923,AM7361
-0.21029649674892426,-0.5326153039932251,-0.4496207535266876,-0.3146999478340149,0.29105719923973083,0.6096923351287842,-0.3769749701023102,-0.36126965284347534,-0.5929644703865051,0.9376451969146729,-0.3255547881126404,-0.8918018937110901,0.3477521538734436,0.080860435962677,-0.8909249305725098,-1.1809297800064087,-2.461426258087158,0.28842005133628845,0.3263837397098541,-0.4512024223804474,0.06154509633779526,-0.2054453194141388,-0.4448857307434082,-0.026620803400874138,2.800537913572043e-4,AM7362
0.04303925111889839,-0.6263245344161987,0.14313305914402008,-0.37003758549690247,-0.03354829177260399,-0.438045471906662,1.032364845275879,1.2525755167007446,-0.7352733016014099,-1.9204429388046265,-0.9622730612754822,0.29934853315353394,-0.1344776451587677,-0.11724255234003067,0.23429641127586365,0.8955793976783752,-1.3861054182052612,-0.2685391306877136,-0.25974950194358826,-0.4414498209953308,0.47046560049057007,-0.004680907353758812,0.2700541913509369,0.0036872776690870523,-0.005914628505706787,AM7365
0.0674644261598587,-0.18276217579841614,-0.6871781945228577,-0.04351796209812164,-0.18723775446414948,-0.2215452641248703,-0.564591109752655,-0.6926195025444031,-0.4323289692401886,-0.12446583062410355,0.33614322543144226,0.24528458714485168,0.6604394912719727,-0.231453537940979,-1.3484781980514526,-0.5973897576332092,-0.4485514461994171,-0.20041237771511078,-0.0997667908668518,-0.49358242750167847,-0.4901781380176544,0.4230511784553528,-0.7313066720962524,-0.05238039419054985,-0.007256208453327417,AM7372
-0.053899336606264114,-0.8683971762657166,0.3013218343257904,0.5966266393661499,-0.6350769400596619,0.16013756394386292,0.2403172254562378,-0.16866058111190796,0.6443191170692444,0.08733845502138138,-0.8741971254348755,0.06838640570640564,0.12834353744983673,0.0575844906270504,-0.664222002029419,-1.3144510984420776,0.9888474941253662,0.49096041917800903,0.13382719457149506,0.27018779516220093,-0.1331903636455536,0.21358388662338257,-0.1494622379541397,-0.022805575281381607,7.281205034814775e-4,AM7373
0.12084371596574783,-0.7738505601882935,0.40678372979164124,1.121977686882019,-0.6600351929664612,-0.06055840477347374,-0.5676866173744202,-0.22914142906665802,1.5770925283432007,0.8819237947463989,-0.055777374655008316,0.25363197922706604,0.08842505514621735,-0.210462287068367,-0.043703626841306686,-0.7937712073326111,0.8906764388084412,0.47192955017089844,0.1932523399591446,0.2172027975320816,-0.17571711540222168,-0.09685805439949036,0.17670604586601257,0.032317519187927246,0.0022995532490313053,AM7380
0.049330685287714005,-0.310032457113266,-0.2879070043563843,0.050523120909929276,0.502404510974884,-0.31118637323379517,-0.46631231904029846,0.08403845131397247,-0.4002353847026825,1.631245493888855,-0.21004849672317505,-1.7334401607513428,0.2831268906593323,-1.0473861694335938,0.20003926753997803,-0.7186251878738403,0.2959243655204773,0.4283049702644348,0.0806976780295372,0.21053387224674225,0.06731750071048737,-0.26297035813331604,-0.12320508062839508,0.04390217363834381,-0.005505406763404608,AM7382
0.10588286072015762,-0.7440568208694458,0.1317487210035324,0.6900912523269653,-0.017747197300195694,-0.06959092617034912,0.2959609925746918,0.41766512393951416,-0.29110217094421387,-0.43987324833869934,-0.3919095993041992,-0.8155951499938965,0.20537441968917847,0.2001001238822937,0.10519788414239883,1.0447700023651123,0.7495890259742737,-0.3743191957473755,-0.5868381261825562,0.19064553081989288,-0.01860734261572361,-0.05657545477151871,-0.22259865701198578,-0.05193937569856644,-0.004311239346861839,AM7383
0.05158132687211037,-0.7882642149925232,0.26710137724876404,0.6729978322982788,-0.3483067452907562,0.649211585521698,0.1307288110256195,-0.33238306641578674,0.21982136368751526,-0.2485230416059494,-0.06680963933467865,1.2005566358566284,-0.5924513936042786,0.045358315110206604,0.2880549430847168,-1.3397471904754639,1.4499790668487549,0.6271556615829468,0.19818155467510223,0.034584060311317444,0.12833993136882782,0.3346540331840515,-0.2879088521003723,0.006001536268740892,9.578734752722085e-4,AM7384
0.01544741727411747,-0.6881645917892456,0.33348315954208374,-0.33198660612106323,-0.4001010060310364,-0.3927997648715973,0.14750616252422333,0.6991873383522034,-0.23128628730773926,-1.801544189453125,-0.7604607939720154,-0.399036705493927,0.814957857131958,-0.8360438942909241,-0.15179599821567535,0.4090634286403656,-0.06406085938215256,-0.2654288709163666,-0.8221346139907837,-0.3098788559436798,0.09075410664081573,-0.02000144124031067,-0.07926017791032791,-0.022595416754484177,-0.0031357863917946815,AM7385
-0.05013594776391983,-0.40594878792762756,-0.34577733278274536,-0.2716125547885895,0.45809173583984375,0.02946886420249939,0.1139957457780838,0.09399005770683289,-0.9601587653160095,0.7640211582183838,0.3507611155509949,-0.9847410321235657,0.3223431706428528,-0.6902613639831543,-0.15870709717273712,-1.2851264476776123,0.05378306284546852,0.20895491540431976,-0.26843374967575073,-0.02590245008468628,0.2372451275587082,0.014475392177700996,0.015846336260437965,-0.004720814526081085,-0.008646946400403976,AM7386
0.15300902724266052,-0.7948455214500427,0.07933283597230911,0.9070051908493042,-0.24855710566043854,-0.4475741982460022,-0.07943955063819885,0.22512470185756683,-0.35644033551216125,-0.9464548826217651,0.4640441834926605,0.0907660722732544,0.9183639287948608,-0.18449747562408447,0.007445278111845255,1.2932618856430054,0.23438766598701477,-0.22736041247844696,0.18872590363025665,-0.00835274439305067,-0.2592164874076843,0.007701012305915356,-0.6597999334335327,0.008159402757883072,0.006990093272179365,AM7387
-0.08946036547422409,-1.1375162601470947,0.20667636394500732,0.9930031895637512,-0.469584584236145,1.2354907989501953,0.4311428368091583,-0.4867890775203705,-0.17732319235801697,0.09208319336175919,-0.40003350377082825,1.1398723125457764,-1.339223861694336,0.5360223650932312,0.22232899069786072,-1.3774518966674805,0.9072397947311401,0.8330764174461365,0.1796213686466217,-0.1838785707950592,0.176077201962471,0.0978197380900383,0.12143128365278244,-0.022478172555565834,-2.608290233183652e-4,AM7388
-0.05672895908355713,-0.8298140168190002,0.33894532918930054,0.215534970164299,-0.45544952154159546,0.05717191845178604,1.34975004196167,0.45270633697509766,0.33965492248535156,-0.017912480980157852,-0.16705860197544098,1.3659682273864746,-0.41119667887687683,-0.287790983915329,0.12492699176073074,-1.2322485446929932,0.49291327595710754,0.4297928214073181,0.39346203207969666,-0.06112823262810707,0.205417662858963,0.38093945384025574,-0.24903604388237,-0.007993074133992195,0.008370594121515751,AM7409
0.024385593831539154,-0.473727285861969,0.23780891299247742,-0.4441572427749634,0.30544495582580566,-0.5544353127479553,-0.20162267982959747,1.1348096132278442,-0.12924671173095703,-0.6702870726585388,-0.46514537930488586,-0.8161370754241943,0.4722169041633606,0.024941319599747658,0.7791408896446228,0.6970860362052917,-0.4827333390712738,-0.11333748698234558,0.07356026023626328,0.16116885840892792,-0.2284320741891861,-0.32407069206237793,0.1318911910057068,0.0572962611913681,0.011425267904996872,AM7416
0.22303766012191772,-0.6330565810203552,0.13017703592777252,1.5173912048339844,-0.7178438901901245,-0.046793073415756226,-0.19226306676864624,-0.8008365631103516,1.2297574281692505,0.09077821671962738,-0.395956814289093,0.2820138931274414,0.07631001621484756,0.6293591856956482,-0.055460501462221146,-0.3471153676509857,-1.6770962476730347,-0.21286457777023315,0.5269746780395508,0.45226147770881653,0.26179173588752747,-0.2861175537109375,0.2139650583267212,0.019535645842552185,-0.0021374786738306284,AM7419
0.09982582181692123,-0.2590758204460144,-0.38258999586105347,-0.24078162014484406,0.3023015558719635,-0.0975826308131218,-0.6103569269180298,-0.7763046026229858,-1.672312617301941,-0.6733115911483765,-0.2664760649204254,-1.128175139427185,0.478261798620224,0.7112233638763428,0.4819898307323456,-1.0521329641342163,0.13351280987262726,-0.2681233286857605,0.3863406181335449,-0.11498821526765823,0.6115201115608215,-0.008190109394490719,-0.07462440431118011,0.052243348211050034,-0.0013650496257469058,AM7420
-0.016720088198781013,-0.7437933683395386,0.40677765011787415,-0.31313031911849976,-0.5901630520820618,-0.041264720261096954,-0.46349796652793884,0.5755642652511597,0.3697229027748108,-1.2565809488296509,-0.5743842124938965,0.5249348878860474,-0.07599616050720215,0.09193193167448044,0.2639025151729584,0.6167855858802795,-0.8684951663017273,-0.4451088011264801,-0.06312854588031769,0.148721843957901,-0.08813048154115677,-0.05225643515586853,0.330787718296051,-0.03940602391958237,-0.008687158115208149,AM7426
0.059197764843702316,-0.7126584053039551,0.12865661084651947,0.09470844268798828,-0.5234659910202026,-0.21122711896896362,0.2883293032646179,0.3211352527141571,-0.7005252242088318,-1.676501750946045,-1.1026149988174438,-0.0701216384768486,0.17314468324184418,0.6005009412765503,-0.6448521018028259,1.2896093130111694,-0.4720788300037384,-0.7083698511123657,-0.0020069254096597433,0.3270934820175171,0.13222496211528778,0.0795326679944992,0.17724484205245972,-0.09017334878444672,-0.01504270639270544,AM7427
-0.03278731182217598,-0.5491349101066589,0.14977440237998962,-0.37818390130996704,-0.07060132175683975,0.08380654454231262,-1.9718793630599976,0.5682899951934814,-0.06266636401414871,0.2876574993133545,0.7924310564994812,-0.863303005695343,-0.14011026918888092,0.05380475893616676,0.5587825775146484,0.7659438252449036,0.36846357583999634,0.4192047715187073,0.2466965913772583,0.05006340518593788,-0.13895124197006226,0.2135152369737625,0.07897111028432846,-0.058665890246629715,5.394688341766596e-4,AM7492
-0.3372581899166107,0.07382649183273315,0.2778763771057129,-0.49360501766204834,-0.7243772745132446,2.9244303703308105,0.05966537818312645,-0.1354730874300003,-0.8470519781112671,-0.33157390356063843,0.783564031124115,-0.8988769054412842,-0.5167654156684875,1.1164442300796509,-0.06736807525157928,0.24192771315574646,0.172588050365448,0.20251435041427612,0.19381357729434967,-0.4882899522781372,-0.7708202004432678,0.6140363216400146,-0.1203983798623085,-0.12663055956363678,-0.006620191037654877,AM7493
-0.10964825749397278,0.45271411538124084,0.0585513561964035,-0.431323379278183,-0.8827305436134338,1.8827118873596191,0.07627386599779129,-0.29310688376426697,-0.11715777963399887,-0.8418684601783752,0.25945428013801575,-0.7992240190505981,0.323123037815094,0.45048263669013977,0.7166575193405151,0.12723681330680847,0.7570212483406067,0.7081964015960693,1.1117563247680664,-0.07991766184568405,-0.2638914883136749,0.019701819866895676,0.3256262242794037,-0.003025980666279793,-0.004456075374037027,AM7495
-0.07696031779050827,0.6521032452583313,0.646880030632019,0.08240794390439987,-0.8618506193161011,-0.07923958450555801,-1.7212631702423096,-1.1165902614593506,-1.3637583255767822,-0.9020429253578186,0.0464288666844368,0.5685081481933594,1.49248206615448,-2.1427299976348877,-0.6178745627403259,-0.2127397060394287,-0.3324712812900543,-0.7055277228355408,0.1154337078332901,0.2553938031196594,-0.009848933666944504,0.7806356549263,1.7630527019500732,0.05970592796802521,0.008310947567224503,AM7589
0.03159656375646591,0.5340116620063782,0.11480192095041275,0.793492317199707,-1.1614644527435303,0.518614649772644,0.34361881017684937,-0.9240866899490356,-1.907422423362732,-0.8910059928894043,0.573157548904419,-0.13183212280273438,0.7128052115440369,-0.9478333592414856,-0.27700555324554443,0.1806487888097763,-0.01968184858560562,-0.45765915513038635,0.6352483034133911,0.07985514402389526,-0.24159209430217743,-0.7231176495552063,-0.5318823456764221,-0.07992536574602127,-0.003424155991524458,AM7591
0.1350065916776657,-0.08890845626592636,-0.6122689843177795,-0.07062534242868423,0.1937994658946991,0.028882671147584915,-0.5086086392402649,-0.7299182415008545,-1.1782363653182983,-0.289111465215683,0.6645057201385498,1.1217246055603027,-0.24503786861896515,-0.4303205609321594,0.30972954630851746,-0.020570872351527214,0.6165525317192078,-0.384356290102005,0.4538419246673584,-0.4710036814212799,-0.35855036973953247,0.1513543576002121,-0.07678813487291336,0.04635763540863991,-0.0027910848148167133,AM7628
-0.08601771295070648,0.5306925773620605,0.47187143564224243,0.24342091381549835,-0.7242307662963867,0.9003340601921082,-0.38072165846824646,-0.1371913105249405,-1.8962445259094238,-1.0926016569137573,0.4829075038433075,0.49063214659690857,-0.14637744426727295,-1.4769718647003174,-0.3055326044559479,-0.5328683257102966,0.3744311034679413,-0.6913179755210876,-0.7610070109367371,0.4818863868713379,-0.41285133361816406,-0.41767463088035583,0.353690505027771,-0.07495462149381638,-0.007596740964800119,AM7629
0.0884828120470047,0.612483561038971,-0.10981862246990204,-0.19805921614170074,-0.8555588722229004,0.7612895369529724,0.6802133321762085,-0.3293113708496094,0.06659945100545883,-0.9740326404571533,0.6275724172592163,-0.6275646090507507,1.375809907913208,-0.7859775424003601,0.5006229877471924,0.9423683881759644,-0.14750424027442932,0.5865193605422974,1.2395038604736328,0.2528250515460968,0.03632798790931702,0.06689374893903732,-0.713139533996582,0.05824609100818634,-0.004174464847892523,AM7633
0.144343763589859,0.29592135548591614,-0.26884832978248596,-0.07986734807491302,-0.6951821446418762,0.5833144783973694,-0.20070119202136993,-1.0979326963424683,0.5020511746406555,0.4834578335285187,1.0746008157730103,0.22400642931461334,1.3460568189620972,-0.3920530080795288,0.16891412436962128,1.0362058877944946,0.2721030116081238,0.17705360054969788,-0.15008977055549622,0.9348697066307068,0.33680516481399536,-0.7534487843513489,0.26384174823760986,0.03625306487083435,-0.005857730749994516,AM7634
