V1
5.871186387295766
2.6690381245798114
2.3233749532962915
1.4240855543799382
1.1016606909057791
0.7608797556073172
0.5034945559545501
0.39020062710389786
0.3336103938910295
0.26993916833355214
0.2104389838410228
0.16237929673877427
0.14731794697078793
0.12144694971348821
0.11233336282963997
0.08945037263168831
0.09108602988378144
0.07775339596804637
0.06897120573714646
0.06079490902006985
0.05676260809962385
0.054127220152098594
0.054184754502201955
0.04809535997123202
0.046298507251803234
0.044589786264347536
0.043453115725183046
0.042786760691426375
0.04165123478122154
0.04114709390722613
0.04068881856073456
0.039927362978346356
0.03944944084423585
0.03925284765600931
0.0386177974004906
0.03802821478142596
0.0376160398522473
0.03725700581693025
0.036616987807723655
0.036538651851087824
0.03615460651123301
0.03587938638617465
0.03571829062232729
0.0352763276899337
0.034829228576378664
0.03464608867896786
0.0339625279089558
