V1
5.8378408096250585
2.661682772017201
2.318408440075434
1.4245190389099178
1.1038101057886092
0.7644780072665713
0.5074754954227371
0.39411053238087146
0.33743223988486626
0.27343163381226687
0.21361810967277647
0.16518015303851954
0.14996234408836512
0.12383000347076778
0.11461464125703419
0.09144659156118586
0.0930741269929046
0.07957170230122745
0.07065563678586714
0.0623546130803539
0.05825470767811954
0.05557927213551094
0.055620664117230635
0.049435257848062165
0.04760757601609269
0.04577393375418145
0.0446023119039685
0.043915348568781695
0.04274644054154449
0.04223123949229204
0.041755434502995424
0.04097543301269955
0.04048617260925339
0.04028310226172169
0.039633177213493305
0.03902489857425228
0.038597916091819645
0.03823330242804165
0.037571567124936096
0.037491977441369624
