V1
1.0392957386140136
0.2255378289433001
0.16728925614165127
0.07501335620270065
0.04884501670206141
0.029974654457446907
0.01931607233476496
0.015410990512867633
0.013519949176411757
0.011518089504392265
0.00951741896357637
0.00776534017856159
0.007237436417327618
0.006230139860631802
0.005781901209385708
0.004627896266089347
0.0048911642076878955
0.004062226899447178
0.0035769848620009546
0.0030250124811305986
0.0027707194950066082
0.0025272638381539252
0.0026815171390254687
0.002101236400124453
0.0020839242491500353
0.0020810862802951653
0.0020807693868327964
