PEER1,PEER2,PEER3,PEER4,PEER5,PEER6,PEER7,PEER8,PEER9,PEER10,PEER11,PEER12,PEER13,PEER14,PEER15,PEER16,PEER17,PEER18,PEER19,PEER20,Donor
-0.011946960352361202,-0.08224987238645554,-0.05834024026989937,-0.03511236980557442,0.06675790995359421,0.08271215856075287,-0.07380024343729019,-0.01618797518312931,-0.06900735944509506,-0.03322163596749306,0.10863395780324936,0.01712803915143013,0.1225188672542572,0.0018796880031004548,-0.08533308655023575,-0.16404135525226593,0.0919521152973175,0.03749648854136467,0.012253107503056526,0.012005527503788471,AM7180
0.08092796057462692,-0.08190648257732391,0.04818948358297348,-0.02067386545240879,0.04093728959560394,-0.10475970804691315,-0.018119951710104942,0.13947825133800507,-0.012944858521223068,-0.22144605219364166,-0.1011158749461174,-0.02559332735836506,0.05677070841193199,-0.0031326166354119778,-0.011230798438191414,0.09662985056638718,0.05342889577150345,0.030149834230542183,-0.045717790722846985,0.006156890653073788,AM7181
0.030481966212391853,0.013179654255509377,-0.12681260704994202,-0.0904129222035408,0.021505257114768028,-0.06529390066862106,0.02458873577415943,0.01108520571142435,-0.031016426160931587,-0.08390851318836212,0.05840711668133736,0.16796685755252838,0.12317237257957458,-0.11713100969791412,-0.10088494420051575,-0.05139733850955963,0.08452095091342926,-0.03011029213666916,0.017253775149583817,-0.022115863859653473,AM7182
0.03794329613447189,0.07707333564758301,-0.10327907651662827,-0.03894729167222977,0.0773802399635315,0.019775262102484703,-0.017050012946128845,-0.02289522998034954,0.11110692471265793,-0.07535441964864731,-0.03437167778611183,0.15978622436523438,0.05351070314645767,-0.001834076945669949,0.0439421646296978,-0.04674466326832771,0.279125452041626,0.013006838969886303,-0.07798168063163757,0.0698404386639595,AM7188
0.03389617055654526,-0.06689705699682236,-0.02952186018228531,-0.0410664938390255,0.1178881898522377,0.01416412927210331,-0.12660686671733856,0.021322276443243027,-0.11661110818386078,-0.06336930394172668,0.056909576058387756,-0.10698551684617996,0.03746684640645981,0.05104045197367668,0.11382845044136047,-0.13430432975292206,0.13196370005607605,0.028049051761627197,0.023107990622520447,-0.01678459532558918,AM7189
0.031605660915374756,0.14521624147891998,-0.07979598641395569,-0.013000808656215668,-0.019795076921582222,-0.01130137499421835,-0.07070939987897873,-0.019211428239941597,0.20561376214027405,-0.10692601650953293,-0.16642582416534424,-0.1119045689702034,0.08998794108629227,0.01225297525525093,-0.08552491664886475,-0.048543740063905716,0.12117937207221985,0.042371656745672226,-0.05989832431077957,0.004345235414803028,AM7196
0.027652733027935028,0.03338463231921196,-0.10360965877771378,-0.12200892716646194,0.05370381847023964,0.03768905997276306,-0.1922316551208496,-0.10721641778945923,0.07161078602075577,-0.1211915835738182,-0.056654904037714005,0.12079858779907227,0.005185691639780998,-0.039938028901815414,0.02167961187660694,-0.10820619761943817,0.048144612461328506,-0.02024921216070652,-0.08174967020750046,-0.024268589913845062,AM7197
0.16494135558605194,0.0018342069815844297,0.027427038177847862,0.054942961782217026,0.14861902594566345,-0.09304020553827286,-0.10879785567522049,0.14671725034713745,0.12210289388895035,-0.035747773945331573,0.07546479254961014,-0.08719439059495926,0.02762528881430626,0.12886308133602142,0.017083100974559784,0.04420267045497894,-0.10236136615276337,0.06102318316698074,-0.05471673980355263,-7.940577925182879e-4,AM7203
0.03154868260025978,0.14327110350131989,0.03294752165675163,0.19383297860622406,0.11978095024824142,0.0492434948682785,-0.12227991223335266,0.07486168295145035,0.0063329036347568035,-0.08253301680088043,-0.030824996531009674,0.13221050798892975,-0.018945183604955673,0.18273551762104034,-0.0643012598156929,-0.052689891308546066,0.017776958644390106,-0.07932869344949722,-0.08629832416772842,-0.05332273617386818,AM7204
0.08816462010145187,-0.04870455339550972,-0.0022639683447778225,0.03903379663825035,0.16509421169757843,-0.004762397147715092,-0.12865671515464783,0.07169916480779648,-0.01681719347834587,-0.12384036183357239,0.04572676867246628,-0.10913944244384766,0.05880452319979668,0.08376570791006088,0.03222230076789856,-0.0026101928669959307,0.06471863389015198,0.061886731535196304,-0.030806604772806168,-0.011492469348013401,AM7205
0.1847050040960312,0.0434262715280056,0.0964469313621521,-0.11334892362356186,-0.055839069187641144,0.08685978502035141,-0.0038469024002552032,-0.06716026365756989,-0.18681497871875763,0.0917731374502182,0.06305207312107086,-0.2562655806541443,0.0931316539645195,0.14566855132579803,-0.16178476810455322,0.023263728246092796,0.04483863338828087,-0.053697481751441956,-0.018456997349858284,0.06303486227989197,AM7208
0.20874543488025665,0.07574420422315598,0.08101695030927658,-0.11316134035587311,0.09908279776573181,0.1965261846780777,0.056950896978378296,-0.03943173587322235,-0.2182179093360901,0.10667591542005539,-0.02642558328807354,-0.16211076080799103,0.010299368761479855,0.10530390590429306,-0.01831168495118618,0.02043112926185131,0.11492165923118591,-0.08216286450624466,-0.01648656092584133,0.05591641366481781,AM7209
0.21131102740764618,0.04508255049586296,0.171940416097641,-0.06688027083873749,0.037790972739458084,0.1944798082113266,0.08527486026287079,0.010329143144190311,0.014917457476258278,0.16190935671329498,-0.0769764631986618,0.05330277606844902,-0.07495039701461792,0.02939736470580101,-0.045439839363098145,0.012959233485162258,-0.05431796982884407,0.024711046367883682,-0.037939757108688354,-0.001312426757067442,AM7211
0.2604013681411743,0.06108522787690163,0.17827124893665314,-0.074756719172000885,-0.036212727427482605,0.11758314818143845,0.03653242066502571,-0.03677143529057503,0.06460949033498764,0.10821370035409927,-0.024573637172579765,0.10750968754291534,-0.12438289076089859,-0.014956125989556313,0.03726225346326828,0.029029183089733124,-0.0452946200966835,0.02706662006676197,-0.01054074615240097,-0.07323538511991501,AM7213
0.1521640121936798,-0.017875485122203827,0.20202131569385529,-0.13480296730995178,-0.2276260107755661,-0.05504101142287254,0.1251448094844818,-0.0023530852049589157,0.1035340279340744,0.2234712392091751,0.017242833971977234,0.034968387335538864,0.07173935323953629,-0.14748400449752808,-0.043867889791727066,-0.07945656031370163,-0.06539430469274521,-0.030394824221730232,0.05399337038397789,0.007901748642325401,AM7214
0.26410841941833496,0.08038846403360367,0.18570783734321594,-0.11570031940937042,-0.05771982669830322,-0.0021175697911530733,0.08480251580476761,0.01402748841792345,0.11551308631896973,0.13669022917747498,0.02059086598455906,0.1030612513422966,-0.0748533084988594,0.026569144800305367,0.0345880389213562,-0.09344879537820816,-0.0566285140812397,0.002792828483507037,9.288986911997199e-4,-0.03959805145859718,AM7215
0.24226506054401398,0.058967750519514084,0.14836926758289337,-0.11014632880687714,-0.1523156613111496,-0.03315398469567299,0.09972833096981049,-0.09624144434928894,-0.018013371154665947,0.0608837716281414,-0.10935604572296143,-0.008158134296536446,-0.06673098355531693,0.07509185373783112,-0.03317154198884964,0.014590558595955372,-0.05065254867076874,-0.07198293507099152,-0.021585704758763313,-0.03181225061416626,AM7216
-0.08410639315843582,0.0996256098151207,0.04898005351424217,0.03691495209932327,-0.017693838104605675,0.024415479972958565,0.014645825140178204,0.18852628767490387,-0.05315496027469635,-0.09858759492635727,-0.01137548591941595,0.04362970590591431,-0.08087362349033356,0.004623392131179571,0.05454844981431961,-0.1687345951795578,0.002432794077321887,-0.041221294552087784,-0.0016751561779528856,0.07537911832332611,AM7221
0.03337628394365311,0.13883304595947266,-0.05085616931319237,0.18819448351860046,-0.1343667209148407,-0.06481921672821045,-0.16925270855426788,-0.008767034858465195,0.1931610107421875,-0.05352539196610451,-0.024773338809609413,-0.06679452210664749,-0.00617179274559021,-0.007593896705657244,0.23388198018074036,-0.08293168246746063,-0.1574697643518448,-0.1174696609377861,0.13478659093379974,0.016564734280109406,AM7223
0.06590507179498672,0.09220385551452637,-0.14229106903076172,0.055438026785850525,-0.07054457068443298,-0.07376900315284729,-0.1335962861776352,-0.09698011726140976,0.2244829535484314,0.05948638170957565,-0.17157450318336487,-0.04695075377821922,0.043947238475084305,0.040311556309461594,0.11489493399858475,0.008041596971452236,0.0034403668250888586,-0.1560307890176773,0.011756079271435738,0.0669904574751854,AM7224
0.03613025322556496,0.11693288385868073,0.012366637587547302,0.2198040932416916,-0.028670435771346092,-0.06838425248861313,-0.21254317462444305,0.012417369522154331,0.047618452459573746,0.09648365527391434,-0.04650412127375603,0.07428307086229324,-0.1350414901971817,-0.09825702756643295,0.22406204044818878,0.020936673507094383,0.08176717162132263,-0.07887249439954758,-0.021539079025387764,-4.8039774992503226e-4,AM7226
-0.020907804369926453,0.11394615471363068,-0.017103999853134155,0.17291219532489777,-0.013827945105731487,-0.08211489766836166,0.14073537290096283,0.19734281301498413,0.03139573335647583,0.028682515025138855,0.18839314579963684,-0.028085773810744286,0.07196146994829178,0.15953142940998077,-0.17342893779277802,-0.1751982718706131,-0.21052946150302887,-0.17854569852352142,-0.06680280715227127,0.0021582345943897963,AM7228
0.018286844715476036,0.07687288522720337,-0.10989849269390106,-0.004317956976592541,0.06276518851518631,-0.07277819514274597,0.2619430124759674,0.15092241764068604,0.06791853904724121,0.05348997563123703,-0.029658881947398186,-0.01752709597349167,0.017491981387138367,-0.0826062560081482,0.05033542960882187,-6.50741858407855e-4,0.07158111780881882,0.011150390841066837,0.02156921662390232,0.07045875489711761,AM7229
0.0047723595052957535,0.11927549540996552,-0.0059966398403048515,0.16318629682064056,0.020259788259863853,-0.1326099932193756,0.19373548030853271,0.20669157803058624,-0.08908513188362122,0.0935167595744133,0.1099826991558075,-0.003554709954187274,-0.0660959929227829,-0.020695198327302933,-0.10420563817024231,-0.053022559732198715,0.007057501934468746,-0.022115908563137054,-0.12398479878902435,-0.013769766315817833,AM7230
0.03163683041930199,0.13375429809093475,0.03672441095113754,0.14813104271888733,0.050729069858789444,-0.19040001928806305,0.06630971282720566,-0.014470282010734081,-0.1487472802400589,-0.07693228870630264,0.0809573233127594,0.17257234454154968,0.02777223475277424,0.10840174555778503,-0.09414757788181305,0.03987773507833481,-0.04227795824408531,0.07939863204956055,-0.0044343057088553905,-0.10995866358280182,AM7236
0.061116356402635574,0.10276492685079575,-0.1840013861656189,0.016633687540888786,0.06498215347528458,-0.2667657136917114,0.2669715881347656,0.12230604887008667,0.02818298526108265,-0.02841620147228241,-0.19422122836112976,-0.0016625338466838002,-0.04875584691762924,0.11041748523712158,-0.11557455360889435,-0.08608460426330566,0.11898663640022278,-0.11834978312253952,0.27350053191185,0.0995805561542511,AM7237
0.08235552161931992,0.020703764632344246,-0.1213020384311676,0.04446638375520706,0.046825677156448364,-0.031798217445611954,-0.15028981864452362,-0.09135795384645462,0.02170037478208542,0.03746981546282768,0.0891852080821991,0.0564773753285408,0.04147066920995712,-0.075199127197265625,-0.010743562132120132,0.01083267293870449,-0.003765224711969495,-0.02058410830795765,-0.016559144482016563,0.00504161836579442,AM7241
0.059009578078985214,0.004013658035546541,-0.15088236331939697,-0.032170943915843964,0.046104125678539276,-0.0877387523651123,-0.024941157549619675,-0.052578218281269073,-0.08535865694284439,0.06601922959089279,-0.001675151288509369,-0.030421089380979538,0.006740226875990629,-0.11609596014022827,-0.08653008192777634,-0.0853039100766182,-0.04341350123286247,-0.022722018882632256,-0.037906061857938766,-0.001831678906455636,AM7242
0.04923029989004135,-0.0933145061135292,0.09926123172044754,-0.11005131155252457,-0.0526697039604187,-0.15276466310024261,-0.09890805929899216,0.15214990079402924,0.12960319221019745,-0.1111641451716423,-0.10470060259103775,-0.03633197769522667,0.0056647807359695435,-0.15731750428676605,-0.008510895073413849,0.07970429211854935,-0.03617073968052864,0.030054133385419846,-0.1040419340133667,-0.013016762211918831,AM7243
0.09493522346019745,-0.06135673075914383,-0.020222822204232216,0.015273301862180233,0.05819914862513542,-0.1346368044614792,-0.05676377937197685,0.09689860045909882,-0.11717406660318375,-0.021369094029068947,0.11956662684679031,-0.13935665786266327,0.011116454377770424,0.10317253321409225,0.09984459728002548,0.06250016391277313,0.045500773936510086,0.040603604167699814,0.005394090432673693,0.05446992442011833,AM7255
0.04625771567225456,-0.022661609575152397,-0.0039045806042850018,-0.18087968230247498,0.05083411559462547,-0.161119744181633,-0.13895423710346222,0.17259001731872559,0.006405621767044067,0.042706821113824844,0.13279780745506287,-0.07970321923494339,-0.02901848405599594,0.014523247256875038,0.10265666991472244,-0.014204844832420349,0.004740848205983639,0.07647830992937088,0.022251425310969353,0.004032929427921772,AM7256
-0.04839286580681801,0.08039570599794388,-0.06887345761060715,-0.20226672291755676,0.00350286066532135,0.06416971981525421,0.054807182401418686,0.09034265577793121,0.19138836860656738,-0.1256105899810791,-0.018810488283634186,0.07539188116788864,0.051471393555402756,-0.027063317596912384,-0.04429591819643974,-0.06160617992281914,-0.0038168763276189566,0.13331866264343262,-0.10340804606676102,-0.017505787312984467,AM7260
0.017851993441581726,0.09492520987987518,-0.07311385124921799,0.04861678555607796,-0.09555473178625107,-0.04054265841841698,0.12366309762001038,0.06353134661912918,0.03773041069507599,-0.05048761144280434,0.14473563432693481,0.011069373227655888,-0.06736128777265549,0.13715998828411102,0.09900177270174026,0.05167543515563011,0.041767653077840805,0.17854367196559906,0.0975712463259697,0.00277699320577085,AM7261
0.01266375370323658,0.03782922402024269,0.03902021422982216,0.09977959096431732,0.12674441933631897,-0.10704445093870163,0.14917512238025665,-0.3275759816169739,0.058390893042087555,-0.23303689062595367,0.1786176711320877,-0.10040153563022614,-0.27887895703315735,-0.015323658473789692,-0.06525503844022751,0.0490746945142746,-0.12070716172456741,0.22564058005809784,0.030877742916345596,0.09091699868440628,AM7266
0.07717787474393845,0.01741565577685833,-0.10890461504459381,0.11099305003881454,0.09223439544439316,0.1152329370379448,-0.050739835947752,-0.01987278275191784,0.1315121352672577,-0.010991566814482212,0.12866143882274628,0.2023063749074936,0.008162991143763065,0.17929238080978394,-0.09585315734148026,0.20727293193340302,0.06075960770249367,-0.020903879776597023,-0.01678556017577648,0.05599501356482506,AM7269
-0.00649323919788003,0.07954633980989456,0.07916834205389023,-0.0287828017026186,0.1717214435338974,-0.09463334828615189,0.06672129034996033,-0.25868305563926697,0.1007792130112648,-0.3139188885688782,0.03636465221643448,-0.08540376275777817,-0.261523574590683,-0.16073806583881378,-0.10796274989843369,-0.03350888565182686,-0.02708061784505844,0.16221500933170319,0.056670837104320526,0.11813507229089737,AM7270
0.014861306175589561,0.1249813437461853,0.005812933202832937,0.13170546293258667,0.10290733724832535,0.14263054728507996,-0.13426941633224487,0.10332652181386948,0.18269290030002594,-0.009629078209400177,0.038296740502119064,-0.035785939544439316,-0.02333933673799038,-0.05104260519146919,0.09514661133289337,0.0361175462603569,0.0745314285159111,0.11207061260938644,-7.657441892661154e-5,-0.07995263487100601,AM7272
-0.0273443590849638,0.11574143916368484,0.08034506440162659,0.13928285241127014,0.2282794862985611,0.006004763767123222,-0.07133980095386505,-0.2553505599498749,0.08207972347736359,-0.0328095369040966,-0.31451666355133057,-0.13221123814582825,0.22643984854221344,0.1561111956834793,-0.14159725606441498,-0.03968188911676407,0.05223419889807701,0.013728467747569084,-0.015499453991651535,-0.28106626868247986,AM7273
-0.008469000458717346,-0.07117653638124466,-0.09193366765975952,-0.07331354171037674,0.07190031558275223,-0.0395812913775444,0.07418417930603027,0.06047741323709488,-0.05259557068347931,0.12792356312274933,0.2294304072856903,0.014587435871362686,0.03532467409968376,-0.0746811032295227,-0.03135575354099274,-0.0912911593914032,-0.07837340235710144,0.02467155084013939,0.012635927647352219,-0.016253534704446793,AM7277
-0.07862057536840439,0.042812034487724304,-0.02929748222231865,0.08716405183076859,-0.05676967278122902,0.12176959961652756,0.16852730512619019,0.17501074075698853,0.16992589831352234,-0.026369737461209297,0.2555117905139923,-0.1266183704137802,0.16601835191249847,0.06726823002099991,0.050368256866931915,-0.05049455165863037,-0.07831409573554993,-0.0534508191049099,-0.021290211006999016,-0.04187227785587311,AM7278
-0.10458891838788986,0.044805943965911865,0.15302155911922455,-0.06046634539961815,0.09612251073122025,-0.16494637727737427,0.1322578340768814,0.0470002144575119,-0.020493771880865097,0.15512758493423462,0.11935263127088547,0.18685710430145264,0.2883149981498718,-0.04668358713388443,-0.05070604011416435,0.06165829300880432,-0.04067731276154518,0.184015691280365,0.04053361341357231,-0.16811680793762207,AM7280
-0.14193542301654816,-0.007382678333669901,0.1664412021636963,-0.14228910207748413,0.18139433860778809,-0.029249142855405807,0.09693797677755356,-0.14307411015033722,-0.04045720025897026,0.0049193003214895725,-0.019040796905755997,0.12029407918453217,-0.016506455838680267,0.20537057518959045,0.3373342752456665,-0.13012352585792542,-0.011332067660987377,-0.23115406930446625,-0.0882338359951973,0.022089146077632904,AM7283
-0.1676807701587677,0.002699805423617363,0.14300493896007538,-0.020311987027525902,0.12279940396547318,-0.030111350119113922,0.08094505965709686,-0.0529007650911808,-0.11323695629835129,0.11231106519699097,-0.08695916086435318,0.15463440120220184,0.09048900008201599,0.11532452702522278,0.20293322205543518,0.009797956794500351,0.07709679007530212,-0.00757289445027709,0.0188568327575922,-0.04705009609460831,AM7284
-0.13139687478542328,-0.041126549243927,0.10410770773887634,-0.022656381130218506,0.13744807243347168,-0.07106993347406387,0.2032579928636551,-0.2916163206100464,0.025442123413085938,-0.04951068013906479,-0.04305846616625786,-0.1214873194694519,0.08493474125862122,-0.07285051047801971,0.09532046318054199,-0.05149751156568527,0.027432195842266083,-0.16055180132389069,0.050921399146318436,0.10931334644556046,AM7285
0.028967754915356636,0.00466502271592617,-0.03926236182451248,-0.2006121128797531,0.12749826908111572,-0.0758519321680069,-0.08811484277248383,0.09631196409463882,0.025498943403363228,0.07889150083065033,0.12992671132087708,-0.04110252112150192,-0.0619334913790226,-0.08909911662340164,0.09371134638786316,-0.13451294600963593,-0.057084616273641586,0.05336373299360275,-0.02746913768351078,-0.05615140497684479,AM7294
-0.07129362970590591,-0.016459288075566292,0.09218454360961914,0.04307319223880768,0.1531733125448227,-0.09237207472324371,0.12579789757728577,-0.28366538882255554,0.09584525227546692,-2.3250756203196943e-4,0.1871885061264038,-0.17501245439052582,-0.18014046549797058,-0.022662896662950516,0.03489440307021141,0.04112028703093529,-0.07127135246992111,-0.015436811372637749,-0.34143194556236267,-0.036662712693214417,AM7295
-0.14525608718395233,-0.07237712293863297,0.14827905595302582,-0.14257945120334625,0.078936867415905,0.020310159772634506,-0.10564474016427994,0.029743950814008713,0.28837043046951294,-0.030988182872533798,0.22027382254600525,-0.09716256707906723,-0.2938281297683716,-0.13041789829730988,-0.3667120039463043,0.10768749564886093,0.19856086373329163,-0.31678223609924316,0.2573748528957367,-0.20829465985298157,AM7302
-0.09300532937049866,0.02051120437681675,0.04602953419089317,0.203302264213562,-0.02614002302289009,-0.010381262749433517,0.0669945627450943,0.10466733574867249,-0.21440498530864716,0.040106091648340225,0.1892199069261551,0.07277583330869675,0.006541101727634668,-0.09795965999364853,-0.04550734534859657,0.0434076227247715,0.11450984328985214,-0.03783681243658066,-0.1038288027048111,0.04447847604751587,AM7303
-0.08136100322008133,-0.05024200305342674,-0.09457022696733475,0.0145026296377182,-0.04374587908387184,0.045601844787597656,0.18109531700611115,0.0860963836312294,0.025487815961241722,0.1931275725364685,0.08639653027057648,-0.02479271963238716,-0.01412239670753479,0.03670511394739151,-0.0758383572101593,0.1918843537569046,0.18989376723766327,-0.02571006864309311,-0.08427982032299042,0.04876581206917763,AM7304
-0.10056613385677338,0.12205426394939423,0.13520009815692902,-0.08778217434883118,0.08205718547105789,-0.08466563373804092,-0.06738746166229248,0.15300717949867249,-0.12733037769794464,0.033285655081272125,-0.09271795302629471,0.17297519743442535,-0.060306135565042496,0.1151440367102623,-0.08250390738248825,0.06490545719861984,0.01922791823744774,0.11046220362186432,0.1377324014902115,0.09194615483283997,AM7312
-0.14995624125003815,-0.024180255830287933,0.19230617582798004,-0.11406834423542023,0.16923046112060547,-0.026006851345300674,0.001985179726034403,-0.06739833950996399,0.09683539718389511,0.08074618130922318,0.11679390072822571,0.06837567687034607,0.11214891076087952,0.09411407262086868,0.14026176929473877,0.10846121609210968,-0.02347627840936184,-0.1807986944913864,0.1549680382013321,0.19751088321208954,AM7313
-0.11823692917823792,-0.016485545784235,0.08826419711112976,0.11953523755073547,-0.04811711609363556,-0.20484070479869843,0.035189732909202576,-0.17694240808486938,0.019499657675623894,0.2463943362236023,-0.057402584701776505,-0.09550539404153824,0.20877546072006226,-0.1090092882514,0.006400858983397484,0.10399183630943298,-0.022750813513994217,0.13109801709651947,0.08007089048624039,0.02651206962764263,AM7318
-0.025661256164312363,-0.06702059507369995,-0.12810927629470825,-0.0447198748588562,-0.058037590235471725,-0.12356728315353394,-0.1608663946390152,-0.013968024402856827,0.053217146545648575,0.21868452429771423,0.05317378416657448,-0.07408712059259415,-0.0759759396314621,0.17603513598442078,-0.08518140017986298,0.02705203741788864,0.045100871473550797,-0.06591406464576721,0.06415853649377823,0.059100016951560974,AM7319
-0.11714571714401245,0.1234663799405098,0.06463247537612915,-0.030846768990159035,-0.004368552938103676,-0.022717151790857315,-0.12064169347286224,0.15521219372749329,-0.10548035800457001,0.05117388069629669,-0.21250350773334503,-0.043990474194288254,-0.19846893846988678,0.01036147028207779,-0.11843175441026688,-0.06954476237297058,-0.09941277652978897,0.11044269055128098,0.05942302569746971,0.18649666011333466,AM7320
-0.13236673176288605,0.03306392580270767,0.1517682522535324,0.02917683683335781,-0.00472039682790637,-0.05964694172143936,-0.1889774054288864,-0.021980708464980125,0.024929555132985115,0.15174157917499542,-0.03440690413117409,0.056927405297756195,0.15132015943527222,3.32325987983495e-4,-0.06294774264097214,0.11327700316905975,-0.03198321536183357,0.16752302646636963,-0.031950607895851135,-0.06461938470602036,AM7321
-0.09226692467927933,0.08588108420372009,-0.07394490391016006,-0.06722013652324677,-0.1178484857082367,0.06228954717516899,0.1581462025642395,0.02046508900821209,0.012105689384043217,-0.1709689199924469,-0.1614270955324173,-0.0891614556312561,-0.017766833305358887,0.058324649930000305,0.10154365748167038,0.016154438257217407,-0.06739811599254608,0.003044840646907687,0.04015691950917244,-0.1742016077041626,AM7323
-0.043174613267183304,-0.005739600397646427,-0.1197538822889328,-0.09941845387220383,-0.12879455089569092,-0.06778059899806976,0.01527482271194458,-0.1032392680644989,0.06363368034362793,0.056112367659807205,-0.09161367267370224,0.07812048494815826,0.06357624381780624,0.010956062003970146,-0.06815757602453232,0.11161699891090393,0.02319793403148651,-0.08213510364294052,-0.07519959658384323,-0.0246179960668087,AM7325
-0.1392461657524109,0.08399616181850433,0.11903674155473709,-0.03844202309846878,0.06508105248212814,0.013627488166093826,-0.14419981837272644,0.12152978032827377,-0.05931892991065979,0.05808195099234581,-0.17536905407905579,0.07676643878221512,-0.06279061734676361,0.06820014119148254,-0.024060068652033806,-0.001044806675054133,0.003083252813667059,0.09144356846809387,0.010130497626960278,0.06357764452695847,AM7327
0.014492489397525787,-0.09852895140647888,-0.14695052802562714,0.031959474086761475,-0.0701134130358696,-0.06013500317931175,-0.06267480552196503,-0.1272425502538681,-0.22448036074638367,0.13006973266601562,0.06390228122472763,-0.03681518882513046,-0.14707107841968536,0.017171025276184082,0.11337398737668991,0.09297158569097519,-0.10312091559171677,0.009420301765203476,0.09263622015714645,-0.09421201050281525,AM7328
0.003824037965387106,-0.04315339773893356,-0.18077021837234497,0.005498554557561874,-0.04159562289714813,0.022841010242700577,-0.029173336923122406,-0.170707106590271,-0.13423430919647217,0.04935353249311447,0.005042646080255508,0.1733429729938507,-0.16062282025814056,0.06575889140367508,0.055969152599573135,0.15132124722003937,-0.09995467960834503,9.77815710939467e-4,0.0013949294807389379,-0.05451124906539917,AM7329
-0.11515232920646667,0.10137836635112762,-0.002294753910973668,0.0816069170832634,-0.08179935067892075,-0.04644139111042023,-0.016362590715289116,0.07380583882331848,-0.1771787703037262,0.11175805330276489,-0.23708446323871613,-0.13654009997844696,-0.22832046449184418,0.04817572236061096,-0.12314067035913467,-0.02212914265692234,0.009554289281368256,-0.03612009435892105,-0.13193507492542267,-0.054045289754867554,AM7332
-0.13615430891513824,0.060268353670835495,0.07202360779047012,0.02042323909699917,-0.14299556612968445,0.00803473312407732,-0.2512192726135254,0.09088509529829025,0.003535333788022399,0.0745377466082573,0.046209510415792465,-0.013563447631895542,-0.20942579209804535,0.030112482607364655,0.0059557827189564705,0.07062923163175583,-0.0839213877916336,-0.010132367722690105,0.00147915817797184,0.00794094055891037,AM7333
-0.05899617075920105,-0.016727078706026077,-0.13827593624591827,-0.08125658333301544,-0.07176895439624786,0.03784860670566559,0.0326513946056366,-0.10926022380590439,0.0072379461489617825,0.0996801033616066,-0.04117497056722641,0.09143814444541931,-0.15078377723693848,0.18242496252059937,-8.011197205632925e-4,0.11491038650274277,-0.057709723711013794,0.0748906284570694,-0.07721954584121704,-0.004692273214459419,AM7334
-0.07648501545190811,0.03243101388216019,-0.08902417868375778,-0.08308003842830658,-0.04850444197654724,0.09818080067634583,0.07131539285182953,0.009244520217180252,0.11672019213438034,-0.0034002417232841253,1.346252829534933e-4,8.29489843454212e-4,-0.0024012282956391573,-0.027981659397482872,0.05025686323642731,0.07393849641084671,0.0626399889588356,0.09400542825460434,-0.11599685996770859,0.00803769938647747,AM7336
-0.10981450974941254,0.02563655748963356,-0.01920822076499462,-0.02491375431418419,-0.059754882007837296,0.19613628089427948,0.020716480910778046,0.13084499537944794,0.1632154881954193,-0.041119534522295,0.054101087152957916,-0.13112933933734894,0.04205573350191116,5.587947671301663e-4,0.08678949624300003,-0.05582357570528984,-0.0799861028790474,0.03733684495091438,-0.014478248544037342,-0.020592350512742996,AM7337
-0.08503242582082748,0.08114471286535263,0.001738369232043624,0.10103412717580795,-0.17969831824302673,-0.08222918957471848,0.01992209255695343,0.07949423789978027,0.02202264778316021,0.04910296946763992,0.04645484313368797,-0.11390281468629837,-0.071306973695755,-0.19017453491687775,0.15537330508232117,-0.010316193103790283,0.038226041942834854,-0.07589203119277954,-0.07399799674749374,-0.07824483513832092,AM7343
-0.049106135964393616,1.9094912568107247e-4,-0.10774534940719604,-0.15172013640403748,-0.07600671052932739,-0.032412152737379074,0.013763392344117165,-0.03888644278049469,0.0828133150935173,0.036041513085365295,-0.017787756398320198,0.10368997603654861,0.039906661957502365,-0.07438284158706665,-0.01939745433628559,0.01735672727227211,0.04509986564517021,0.0036111564841121435,-0.1250528246164322,0.04179872199892998,AM7344
0.06944423913955688,0.030179033055901527,-0.15984322130680084,-0.1147092878818512,-0.04216362535953522,-0.17458312213420868,0.0929887592792511,-0.05887274444103241,-0.15725912153720856,0.029854154214262962,-0.06012294813990593,0.11948641389608383,-0.18309079110622406,-0.08220496028661728,0.17922508716583252,0.06421304494142532,0.1130680963397026,0.0018765332642942667,0.07080468535423279,-0.1266213357448578,AM7345
-0.0485885851085186,0.04689985513687134,-0.08813958615064621,0.003258981741964817,-0.1517653912305832,-0.006012869067490101,0.1619091033935547,0.0207454152405262,0.002199767855927348,-0.04735982418060303,-0.014198665507137775,-0.08698136359453201,-0.02929108403623104,0.027368953451514244,0.1506901979446411,0.011174749583005905,0.019738895818591118,0.0036872723139822483,0.04437297582626343,-0.11712516844272614,AM7346
-0.06090906262397766,-0.005868098232895136,-0.10632869601249695,-0.1827762871980667,-0.008143159560859203,0.0444597452878952,-0.04098447412252426,-0.012259511277079582,0.06905440241098404,-0.002028315095230937,-0.010198262520134449,0.15869960188865662,-0.018891559913754463,0.010909592732787132,-0.02838240936398506,-0.013814224861562252,-0.09995696693658829,-0.03196651488542557,-0.08425260335206985,0.009487240575253963,AM7353
-0.08259443193674088,-0.04219496622681618,-0.0952400267124176,-0.13730961084365845,-0.08534320443868637,0.05546260625123978,-0.07522445917129517,-0.05944684147834778,0.08352835476398468,-0.07928571850061417,-0.007452822290360928,0.16462984681129456,0.05187052860856056,0.029137389734387398,-0.08991850167512894,-0.07050959020853043,-0.1969442218542099,-0.04668308049440384,-0.021962355822324753,0.09589242935180664,AM7354
0.05028656870126724,-0.044699374586343765,-0.12017670273780823,0.117970310151577,0.2288493663072586,0.22906585037708282,-0.006756527815014124,0.036322467029094696,-0.01647447980940342,-0.03012053854763508,0.07902872562408447,0.20120513439178467,0.06433861702680588,0.05644092336297035,-0.09977877885103226,0.03196858614683151,-0.23269756138324738,-0.06558174639940262,0.11323606222867966,0.035398006439208984,AM7356
0.04794817790389061,-0.01687263697385788,-0.09153968840837479,0.1563173085451126,0.4322103261947632,0.3626037836074829,0.11696233600378036,0.16385918855667114,0.003192158415913582,0.18551529943943024,-0.2688514292240143,-0.010436823591589928,-0.05615352839231491,-0.44826027750968933,0.0985201746225357,0.1782095730304718,-0.11097056418657303,-0.059067100286483765,0.058522071689367294,0.004820883274078369,AM7359
-0.09238091111183167,-0.04660280793905258,-0.13429051637649536,-0.002562513342127204,-0.0670289397239685,0.06480607390403748,0.12472542375326157,-0.05769030377268791,0.05266508460044861,0.1702020764350891,-0.26586928963661194,-0.1855546087026596,0.050693612545728683,0.036996252834796906,-0.1583818793296814,0.05027903616428375,0.00672146724537015,0.050433069467544556,-0.020453231409192085,0.09056853502988815,AM7361
-0.07778485864400864,-0.12719286978244781,-0.09734798222780228,-0.05593767389655113,0.04478985816240311,0.08518756181001663,-0.05124866962432861,-0.04595314711332321,-0.07672251760959625,0.11878946423530579,-0.04363308846950531,-0.1106037050485611,0.040124088525772095,4.011801502201706e-4,-0.10906088352203369,-0.15044476091861725,-0.31981131434440613,0.02815363183617592,0.03705025091767311,-0.049632295966148376,AM7362
0.016574691981077194,-0.14900265634059906,0.031522370874881744,-0.06475921720266342,-0.006654679775238037,-0.05978093296289444,0.13877691328525543,0.1688796728849411,-0.09753499925136566,-0.24177874624729156,-0.1192561686038971,0.042586106806993484,-0.019883902743458748,-0.012028896249830723,0.03454265743494034,0.1129499226808548,-0.17417190968990326,-0.039073288440704346,-0.02063962072134018,-0.06738786399364471,AM7365
0.024871714413166046,-0.04371487721800804,-0.14846888184547424,-0.006392823997884989,-0.02930550090968609,-0.0328308530151844,-0.07389756292104721,-0.0894346609711647,-0.05651301145553589,-0.017665453255176544,0.03992500156164169,0.03697746992111206,0.07965963333845139,-0.03256266564130783,-0.17128270864486694,-0.07363790273666382,-0.06074702367186546,-0.027970103546977043,-0.009705008938908577,-0.052179981023073196,AM7372
-0.02032136544585228,-0.20624390244483948,0.06552165746688843,0.10526305437088013,-0.10139820724725723,0.0234534852206707,0.03407873585820198,-0.021565429866313934,0.08004520833492279,0.012954342179000378,-0.11264978349208832,0.00877884030342102,0.014618921093642712,0.004950702656060457,-0.08519919216632843,-0.16623103618621826,0.12310843169689178,0.06281288713216782,0.004747970029711723,0.03438755124807358,AM7373
0.04390966147184372,-0.18358521163463593,0.08813665807247162,0.19904612004756927,-0.1055060401558876,-0.008215140551328659,-0.07252011448144913,-0.03286673501133919,0.20263151824474335,0.11377988010644913,-0.009723997674882412,0.029623456299304962,0.012871515937149525,-0.02863347716629505,-0.005920516327023506,-0.09926410019397736,0.11227337270975113,0.06213743984699249,0.014529893174767494,0.031824469566345215,AM7380
0.018197059631347656,-0.073992520570755,-0.06221121922135353,0.009579185396432877,0.07840659469366074,-0.0442805178463459,-0.06323197484016418,0.010816600173711777,-0.05110905319452286,0.20771415531635284,-0.026761634275317192,-0.22150428593158722,0.034994591027498245,-0.14064541459083557,0.019274849444627762,-0.08698136359453201,0.03673349320888519,0.054291799664497375,-0.0017347687389701605,0.023842934519052505,AM7382
0.038903724402189255,-0.1768803894519806,0.029141103848814964,0.12257982790470123,-0.004218897316604853,-0.00828400906175375,0.040536075830459595,0.056500423699617386,-0.039497554302215576,-0.05528080090880394,-0.04790157079696655,-0.10427374392747879,0.02619331330060959,0.027263374999165535,0.00690472312271595,0.13199301064014435,0.09642157703638077,-0.04909222945570946,-0.06788481771945953,0.01905021443963051,AM7383
0.01866619847714901,-0.1871904730796814,0.05785011872649193,0.11908084899187088,-0.05631481111049652,0.0924062430858612,0.018155770376324654,-0.04342764616012573,0.027572425082325935,-0.02851417288184166,-0.00871648732572794,0.15155240893363953,-0.07535769045352936,0.00979793444275856,0.03938042372465134,-0.16843365132808685,0.1856248378753662,0.0829094648361206,0.015358690172433853,-0.0030299329664558172,AM7384
0.0062416112050414085,-0.1638328582048416,0.07219307869672775,-0.05811125040054321,-0.06411261111497879,-0.054148077964782715,0.021750301122665405,0.09619225561618805,-0.03277827054262161,-0.2301483005285263,-0.09613946080207825,-0.04367347061634064,0.09980539977550507,-0.10799393802881241,-0.022797465324401855,0.056294579058885574,-0.006217553745955229,-0.03871261700987816,-0.09682747721672058,-0.048405297100543976,AM7385
-0.018410131335258484,-0.09690651297569275,-0.07471222430467606,-0.04793359339237213,0.07125405222177505,0.004342220723628998,0.01272951066493988,0.013577555306255817,-0.12405338883399963,0.09876277297735214,0.045775216072797775,-0.12202192842960358,0.03834215924143791,-0.09481930732727051,-0.024399684742093086,-0.15754486620426178,0.005388529505580664,0.022926807403564453,-0.04316519573330879,-0.012918416410684586,AM7386
0.05617597699165344,-0.18898320198059082,0.017934409901499748,0.1614292562007904,-0.04013488441705704,-0.062092456966638565,-0.008183525875210762,0.03098253346979618,-0.04758899658918381,-0.12014834582805634,0.05983535572886467,0.013897872529923916,0.11744026839733124,-0.02193908579647541,-0.002643104875460267,0.16122011840343475,0.03055907040834427,-0.02519124746322632,0.03075685352087021,0.006831029430031776,AM7387
-0.0338578037917614,-0.2700994610786438,0.045194391161203384,0.17490454018115997,-0.07574297487735748,0.17531846463680267,0.05736936628818512,-0.06363159418106079,-0.02450638636946678,0.01638445071876049,-0.05048327147960663,0.14209994673728943,-0.17125335335731506,0.07411658018827438,0.034317806363105774,-0.17508910596370697,0.11547337472438812,0.10581870377063751,0.015481372363865376,-0.028379876166582108,AM7388
-0.021016376093029976,-0.196873277425766,0.07371069490909576,0.037653714418411255,-0.07353278249502182,0.010036556050181389,0.17961572110652924,0.0594872310757637,0.040812332183122635,0.0047998554073274136,-0.020063575357198715,0.1742931604385376,-0.05317700654268265,-0.03438074514269829,0.022088274359703064,-0.1543506383895874,0.0642014741897583,0.057172439992427826,0.042111098766326904,-0.013675983995199203,AM7409
0.0095676239579916,-0.11307734996080399,0.05122159421443939,-0.077702097594738,0.04671932011842728,-0.07725507020950317,-0.025750616565346718,0.15128806233406067,-0.016164807602763176,-0.08569984883069992,-0.05733107402920723,-0.10386476665735245,0.06176801398396492,0.0012813572539016604,0.09619999676942825,0.085942342877388,-0.05963890254497528,-0.014343827031552792,0.009046049788594246,0.030621284618973732,AM7416
0.08156062662601471,-0.15015137195587158,0.028877371922135353,0.26927584409713745,-0.11405233293771744,-0.0062772599048912525,-0.02111208066344261,-0.10630537569522858,0.15581627190113068,0.011025351472198963,-0.0524648055434227,0.03266748785972595,0.01043219119310379,0.0746133103966713,-8.715696167200804e-4,-0.047270141541957855,-0.2150176465511322,-0.028478901833295822,0.06171700358390808,0.06067143753170967,AM7419
0.03719644621014595,-0.06233799085021019,-0.08268994837999344,-0.04169941693544388,0.047965820878744125,-0.014539465308189392,-0.08152374625205994,-0.0971381664276123,-0.2151893824338913,-0.09010498970746994,-0.0315292589366436,-0.14485472440719604,0.06063840910792351,0.0847068727016449,0.05573130026459694,-0.13731399178504944,0.01591193489730358,-0.03437565267086029,0.04534564167261124,-0.024056781083345413,AM7420
-0.005861985497176647,-0.17691196501255035,0.08766590803861618,-0.05468839779496193,-0.0943349152803421,-0.005493022967129946,-0.05947033315896988,0.07781599462032318,0.046955011785030365,-0.1604863554239273,-0.07376369833946228,0.06901450455188751,-0.010549326427280903,0.013464467599987984,0.038075704127550125,0.07741664350032806,-0.10765144973993301,-0.05656640604138374,-0.0034968641120940447,0.022610174492001534,AM7426
0.02208555117249489,-0.16943703591823578,0.02840336039662361,0.017402801662683487,-0.08309578150510788,-0.028786521404981613,0.04053758829832077,0.04640432074666023,-0.0932014137506485,-0.2141266018152237,-0.13927650451660156,-0.005972117651253939,0.019005093723535538,0.07897808402776718,-0.08169299364089966,0.15808624029159546,-0.06034142151474953,-0.0895078107714653,0.009360761381685734,0.03852712735533714,AM7427
-0.012076780200004578,-0.13090068101882935,0.03143845498561859,-0.06570787727832794,-0.012059874832630157,0.01045420952141285,-0.26280784606933594,0.07426169514656067,-0.0036533712409436703,0.033741213381290436,0.10031763464212418,-0.11058781296014786,-0.014706112444400787,0.008008722215890884,0.06656492501497269,0.09415484964847565,0.04631076753139496,0.05621018260717392,0.029493922367691994,0.007658373564481735,AM7492
-0.12492948770523071,0.01838974468410015,0.059148550033569336,-0.08958915621042252,-0.11330599337816238,0.4128445088863373,9.338143281638622e-4,-0.018336938694119453,-0.10954909026622772,-0.04322359338402748,0.10145023465156555,-0.11383651942014694,-0.06457429379224777,0.14400115609169006,-0.012309843674302101,0.023373328149318695,0.019335726276040077,0.025888992473483086,0.028068527579307556,-0.0436294786632061,AM7493
-0.04062788560986519,0.10844264924526215,0.011909781023859978,-0.07720452547073364,-0.1378670632839203,0.26554298400878906,0.006638324353843927,-0.03847885876893997,-0.017400432378053665,-0.11034898459911346,0.03389804810285568,-0.10411737859249115,0.044541168957948685,0.05697449669241905,0.08596673607826233,0.0059136017225682735,0.09519147872924805,0.09714805334806442,0.13342294096946716,0.005079953465610743,AM7495
-0.02863449417054653,0.15517036616802216,0.13957062363624573,0.013218832202255726,-0.1316724419593811,-0.013206154108047485,-0.22978881001472473,-0.14705780148506165,-0.1746761053800583,-0.1211409643292427,0.001527913031168282,0.08324657380580902,0.18241897225379944,-0.2779828608036041,-0.07841372489929199,-0.0195335503667593,-0.037992607802152634,-0.08499790728092194,0.012841860763728619,0.02697271667420864,AM7589
0.011026551015675068,0.12805511057376862,0.025752771645784378,0.13918456435203552,-0.17895588278770447,0.07314984500408173,0.04267334192991257,-0.1219065859913826,-0.24984480440616608,-0.11513509601354599,0.07402068376541138,-0.011214022524654865,0.08673740923404694,-0.1228926032781601,-0.0380428209900856,0.02273123897612095,-1.8470252689439803e-4,-0.05066054314374924,0.08184180408716202,0.02745833992958069,AM7591
0.04992661625146866,-0.021458735689520836,-0.13243211805820465,-0.011322945356369019,0.030829662457108498,0.0027330436278134584,-0.0681605115532875,-0.09417955577373505,-0.15056541562080383,-0.03721846267580986,0.08400661498308182,0.14398257434368134,-0.03268956393003464,-0.04924797639250755,0.041981831192970276,-0.0018491874216124415,0.08257710188627243,-0.04161561653017998,0.06354766339063644,-0.0467563234269619,AM7628
-0.032105349004268646,0.12694105505943298,0.1021101102232933,0.04167218506336212,-0.11072802543640137,0.12681210041046143,-0.05433794856071472,-0.01922352984547615,-0.24466362595558167,-0.13977143168449402,0.06215869262814522,0.0729774460196495,-0.026045219972729683,-0.18777231872081757,-0.039313122630119324,-0.056315258145332336,0.05371367186307907,-0.08553531020879745,-0.09848707169294357,0.06591878086328506,AM7629
0.0327531062066555,0.14636783301830292,-0.023875299841165543,-0.035069745033979416,-0.13326755166053772,0.1077241450548172,0.08869964629411697,-0.04318327084183693,0.0043576848693192005,-0.12650813162326813,0.08011232316493988,-0.07845308631658554,0.17698223888874054,-0.10346156358718872,0.05878649279475212,0.11288923025131226,-0.01941467821598053,0.08366335183382034,0.14965443313121796,0.03802412748336792,AM7633
0.05319720506668091,0.07077114284038544,-0.058686379343271255,-0.013599450699985027,-0.10879550874233246,0.0814032331109047,-0.028051359578967094,-0.14575470983982086,0.06310591101646423,0.0594966746866703,0.13334743678569794,0.027718668803572655,0.17365862429141998,-0.050671037286520004,0.01682375557720661,0.13223013281822205,0.03469134867191315,0.02546987496316433,-0.024319251999258995,0.10959360003471375,AM7634
