V1
1.0675051344827906
0.23146568303640658
0.17151505763616876
0.07650059058406904
0.049612365542964554
0.030269341530048337
0.01940482417265011
0.015447005863927237
0.013535406107620688
0.011518657356501883
0.009508530996090296
0.00775115774757998
0.0072217004517199195
0.006212189260200072
0.0057636198234187865
0.004608687702618125
0.004871427785632202
0.004042619733062246
0.003556336591282634
0.0030037737841536265
0.0027486065928476336
0.0025046538039200338
0.0026593426534766472
0.0020934701721388557
0.0020835401157455876
0.002081465410596811
0.002081177084492436
0.002081085090773111
0.0020809391863812286
0.0020808739060774496
0.0020808152365866858
0.0020807195754133216
0.002080661046739884
0.002080648099532292
0.0020805543031466923
0.0020804837632680206
0.0020804313237988694
0.0020803794152907252
0.0020802951520323856
0.0020802914541147113
0.0020802406090798236
