V1
1.0712794923719011
0.23222263586918607
0.1720768340813798
0.07668138535413446
0.04970910547920086
0.030306022105694195
0.019416136775093625
0.015451612975478793
0.013537310124745437
0.011518532849375445
0.009507317120583902
0.007749044287296857
0.007219466561882173
0.006209584662962607
0.005760944704916845
0.004605964307712376
0.004868546423613757
0.004039797329601255
0.0035533709418666863
0.00300073864617676
0.0027454079056319653
0.002501439541508606
0.0026561271076139203
0.0020926797591987734
0.00208352050873304
0.00208152689348246
0.002081225992510686
0.0020811177370385035
0.002080997598546045
0.0020809414329423163
0.002080881570354347
0.002080779032290429
0.002080724199715234
0.002080686016809566
0.0020806152037806647
0.002080537922673552
0.0020804924814209315
0.0020804409661225507
0.002080351811057735
0.0020803499619965367
0.002080302415837521
0.002080259890281019
0.002080249193132105
