V1
0.4286297809476324
0.1862789928410808
0.12199273634481339
0.06780849140048886
0.03254223822233257
0.024871158473180468
0.016271082753461664
0.013882675126421821
0.011024588064608298
0.009119654060974189
0.008035454284069543
0.006584870231756566
0.0061596590081347425
0.005146751042724411
0.004728780592835078
0.004294235321946428
0.0038200238121967735
0.0032664616488812907
0.003229042780185337
0.002684068552526258
0.0028287490615222705
0.0021006909752666844
0.0020842041899322658
0.0020841482487824765
0.002084022193360855
0.002083946381881012
0.0020838950929765207
0.0020838023287610254
0.002083739916343896
0.002083706790252795
0.002083685457607671
0.0020835791983917374
0.0020834910989061227
0.0020834442038725944
