V1
0.8925941654237616
0.43479866310656573
0.29326695567053557
0.16681005299355017
0.0731453164092152
0.051741803379804975
0.02773840042215394
0.021827792882769287
0.015463907187297775
0.011834123993399283
0.010006980424653825
0.00781388698550718
0.0072044056629161305
0.005858271241462573
0.00534135318736221
0.004801867992299543
0.004238970678361437
0.0036018825024333703
0.00355729753513195
0.0029876828289475904
0.003125537130156378
0.0023311457736564733
0.0022120473683805487
0.002210377211043333
0.002207347743830989
0.0022051937939892184
0.0022042027570562
0.0022019657086579224
0.0022003095528271037
0.0021993233429500035
