V1
4.078320391491353
2.7645438021800515
2.153223003625921
1.6232691971098692
0.9948150742220803
0.7885728026589184
0.5393450993942002
0.4478676201832494
0.3395972914180495
0.27352185975123444
0.23352779581105776
0.1910500495719359
0.17541261425563737
0.14660346420478312
0.136620945072198
0.12286315910838627
0.11194120592881354
0.09985718172508896
0.09885478177349877
0.0895350925227094
0.09073738402616854
0.07608742896753759
0.07265347497135817
0.07180409346113102
0.07045422446775473
0.06935414507981068
0.06878122726727097
