V1
0.44330156886096667
0.1909488953264343
0.12496302625761373
0.0690591928411784
0.032872485194189734
0.02504609006441908
0.01631184557060876
0.013898122705816213
0.011019285599349362
0.009107017952578778
0.00801853993712758
0.006566420278952627
0.006139765672230611
0.005126159801868166
0.004708036845043476
0.004271989131250309
0.003797848480820042
0.0032442122127442057
0.0032059927644046355
0.002659449706225278
0.0028048077870393537
0.002093779975724216
0.0020846715882000006
0.002084607930149348
0.00208447571949654
0.002084359170553796
0.002084339017792131
0.002084224737791133
0.002084160709347354
0.0020841103377673255
0.002084105035637382
0.0020839960828403707
0.0020838940327674023
0.0020838680579809833
0.0020838378432278325
0.0020838227361798254
0.0020837567448016093
0.0020837128853744887
0.002083676580175987
0.0020836096706246007
0.0020835544237984543
0.0020835109703198243
0.002083499842281453
0.00208343797785457
0.0020833924098342125
0.0020833532017377385
0.0020833408832823656
0.002083290683771758
0.0020832852533628483
