V1
0.43573105520200134
0.18856101152008992
0.12345892106489818
0.06842522966306165
0.032704869381821405
0.02495864567661424
0.016291266040878806
0.013890945185600311
0.011022419563718317
0.009113929824576043
0.008027678439639602
0.006576344286715606
0.006150420269959303
0.005137188712357253
0.004719157015231119
0.00428388475973483
0.0038096992002514996
0.0032560786411356766
0.0032183129550060834
0.0026725971440696083
0.0028175922037443845
0.0020968988959156674
0.002084416979321792
0.0020843762741901317
0.0020842236772465653
0.0020841421511135355
0.002084090587470207
0.0020840113249428896
0.0020839433336326627
0.002083909803489366
0.0020838992012970443
0.0020837862946409464
0.002083691022603418
0.002083637493876517
0.002083630736732735
0.0020835864851489463
0.002083527530120796
0.002083474672156982
0.00208347228765041
0.0020834007549911686
0.002083347506089729
