PEER1,PEER2,PEER3,PEER4,PEER5,PEER6,PEER7,PEER8,PEER9,PEER10,PEER11,PEER12,PEER13,PEER14,PEER15,PEER16,PEER17,PEER18,PEER19,PEER20,PEER21,PEER22,PEER23,PEER24,PEER25,PEER26,PEER27,PEER28,PEER29,PEER30,Donor
-0.01994563452899456,0.2145092934370041,-0.5576701164245605,0.16622242331504822,0.3127511739730835,-0.250940203666687,-0.7393289804458618,-0.17860354483127594,0.03419704735279083,-0.7023897767066956,0.0057069240137934685,0.24055249989032745,0.4017139971256256,-0.5673025846481323,-0.0529417060315609,-0.06159724295139313,-0.4281836748123169,0.11625362932682037,0.4847319424152374,0.22936087846755981,0.002256242325529456,-0.025818057358264923,-0.001114877057261765,-8.20065091829747e-4,-5.672046099789441e-4,-1.0826590732904151e-4,-2.4841868435032666e-4,-1.4967183233238757e-4,5.160059663467109e-5,-2.0059908274561167e-4,AM7180
0.019172877073287964,0.2019437998533249,-0.22616448998451233,-0.25833433866500854,0.5839540362358093,-0.39624691009521484,-0.8902469873428345,0.3599773645401001,0.03505177050828934,-0.1510280817747116,0.9589585065841675,-0.24667257070541382,-0.41161689162254333,0.058665063232183456,-0.08147067576646805,-0.2553911805152893,-0.2602619528770447,-0.8464643359184265,0.545559823513031,0.1803666353225708,-0.19244500994682312,-0.04828164726495743,-0.001704381313174963,-0.0016641401452943683,-7.385879289358854e-4,-3.4175493055954576e-5,-2.4257089535240084e-4,-1.4728782116435468e-4,8.139201236190274e-5,-3.933854750357568e-4,AM7181
-0.00356232188642025,0.1184750571846962,-0.14144976437091827,-0.6053401231765747,0.42723891139030457,0.019246987998485565,-0.30407020449638367,0.43613502383232117,0.8436977863311768,-0.1789359152317047,1.1552622318267822,-0.518275797367096,0.21857064962387085,-1.0206269025802612,-0.5507237911224365,-0.16048619151115417,-0.5001925230026245,-0.24592207372188568,0.05309697985649109,-0.047983769327402115,0.1438961923122406,-0.05549447238445282,-0.001169513794593513,-0.002128241118043661,-5.228932714089751e-4,-1.2502245954237878e-4,9.2234085968812e-6,1.9719293050002307e-5,3.160912892781198e-4,-3.052269166801125e-4,AM7182
0.11519180983304977,0.1725422888994217,-0.31973186135292053,0.028262652456760406,0.6121024489402771,-0.4523187279701233,-1.0974407196044922,-0.26462721824645996,-0.28929221630096436,-1.0507187843322754,0.2607685625553131,0.7559875249862671,0.041176509112119675,-0.4428011178970337,-0.03733335807919502,0.17255376279354095,0.36348778009414673,0.144316166639328,0.5595138669013977,0.16969068348407745,-0.09314118325710297,-0.039445675909519196,-0.001300605945289135,-0.0014236877905204892,-6.56135322060436e-4,-1.743665779940784e-4,-1.9652920309454203e-4,-1.0498648771317676e-4,1.1158842244185507e-4,-3.1369811040349305e-4,AM7188
-0.09689556062221527,-0.42344945669174194,-0.1416027843952179,-0.12386670708656311,0.1755656599998474,-0.6857863068580627,-0.858625054359436,-0.21550318598747253,-0.6450808644294739,-0.5881595015525818,0.2228865623474121,-0.6434945464134216,0.831598699092865,-0.413334459066391,-0.35843417048454285,-0.2551984190940857,0.5766004920005798,0.10820695012807846,0.6782740354537964,0.2241545170545578,-0.08937224745750427,-0.05963528901338577,-0.0020780579652637243,-0.002042159205302596,-9.394869557581842e-4,-2.489820763003081e-4,-2.758556220214814e-4,-1.391333935316652e-4,1.9680330296978354e-4,-4.438914475031197e-4,AM7189
-0.05440319702029228,0.1761711835861206,0.39474445581436157,-0.37024185061454773,0.14877818524837494,0.5965796709060669,0.6891787052154541,0.05889011546969414,0.3717382550239563,-0.9584136605262756,1.3343629837036133,0.13934388756752014,0.55442047119140625,0.04066522419452667,0.18502697348594666,-1.3675100803375244,0.2044631391763687,-0.453580766916275,0.9465047121047974,-0.18467891216278076,-0.08420596271753311,0.07979147881269455,0.0021494589745998383,0.002884532557800412,0.0010330689838156104,4.449481493793428e-4,1.1412238382035866e-4,1.1039276432711631e-4,-4.997270880267024e-4,3.544980427250266e-4,AM7196
0.008790039457380772,0.2594081163406372,-0.38280248641967773,0.022152287885546684,0.49059340357780457,0.24521644413471222,-0.9582905769348145,-0.0358196385204792,-0.5479034781455994,-0.9449827075004578,-0.3927631676197052,0.3418160378932953,0.3223826587200165,-0.29921722412109375,0.2919016182422638,0.17719264328479767,-0.2917395234107971,0.5166128873825073,0.45794644951820374,0.0786055326461792,-0.7263228893280029,-0.19337978959083557,-0.003932740539312363,-0.0078095318749547005,-0.002535787411034107,-8.606517221778631e-4,-5.419159424491227e-5,-9.59926110226661e-5,7.70031358115375e-4,-0.0013910969719290733,AM7197
0.21656328439712524,-0.2873075008392334,0.7512077689170837,-0.02075585536658764,0.13294649124145508,-0.3002239763736725,-0.7674140930175781,-1.058749794960022,0.15931841731071472,-0.65386962890625,0.225354865193367,-0.45492833852767944,0.04161735996603966,-0.39145544171333313,-1.0086735486984253,0.6128265857696533,0.26782265305519104,0.28493499755859375,-0.337478905916214,0.6811994314193726,-0.4459889531135559,0.1861518770456314,0.0026403400115668774,0.00772442203015089,0.0012594549916684628,4.729864886030555e-4,-5.18659595400095e-4,-4.375491989776492e-4,-0.0011641638120636344,0.001055738190189004,AM7203
-0.03213650360703468,0.4360160827636719,0.29508042335510254,-0.09779511392116547,0.3293144702911377,-0.045426007360219955,-0.039925940334796906,0.17288795113563538,-0.5182972550392151,0.8026185631752014,0.0037652866449207067,-0.87699127197265625,-1.0005943775177002,1.1199697256088257,-0.021872639656066895,-0.6539276838302612,0.06434153765439987,0.2243562936782837,0.6163282990455627,0.3482687175273895,0.1175040677189827,-0.08317799866199493,-0.0028883249033242464,-0.0027881620917469263,-0.0012810659827664495,-3.56215110514313e-4,-4.038502520415932e-4,-2.1395887597464025e-4,3.4899203456006944e-4,-5.262958002276719e-4,AM7204
0.0138833187520504,0.4007677733898163,0.1708502322435379,-0.12477658689022064,0.44499659538269043,-0.10834448039531708,-0.06803540140390396,-0.20081192255020142,-0.5219466090202332,0.56535804271698,-0.0761878564953804,-0.9682202935218811,-1.3326996564865112,0.23987512290477753,-0.9486364722251892,-0.2067030519247055,0.18959000706672668,0.40906617045402527,0.10826242715120316,0.37681469321250916,-0.040627896785736084,-0.11071739345788956,-0.00339378765784204,-0.0038853774312883615,-0.0016406909562647343,-5.428807926364243e-4,-3.740068059414625e-4,-2.4174248392228037e-4,4.971090820617974e-4,-6.784462602809072e-4,AM7205
0.6671838164329529,-0.04288462921977043,-0.13743239641189575,-0.1322191059589386,-0.16055867075920105,0.27107974886894226,0.3878921866416931,0.5136595368385315,-0.8917306661605835,-0.1028825044631958,0.17578814923763275,1.1651606559753418,0.07989313453435898,0.3092219829559326,0.5913294553756714,-0.027333833277225494,-0.5859805941581726,-0.36426326632499695,0.48376330733299255,0.3184325098991394,0.5362052917480469,-0.10422809422016144,-0.0036648069508373737,-0.0034060277976095676,-0.0013282469008117914,-2.689417451620102e-4,-4.3958844617009163e-4,-1.8906386685557663e-4,5.612724926322699e-4,-5.335172754712403e-4,AM7208
0.643399178981781,0.005027696955949068,0.0702347457408905,-0.11095131188631058,-0.38538581132888794,0.009724363684654236,0.03496250882744789,0.9016379117965698,-1.0636738538742065,0.15335343778133392,-0.11865462362766266,1.3682496547698975,0.30954378843307495,0.5431995391845703,1.1248079538345337,0.37453779578208923,0.4980807900428772,-0.2683503031730652,1.3447715044021606,0.4156656861305237,0.6719444990158081,-0.11286252737045288,-0.004429766908288002,-0.003574289847165346,-0.0014850363368168473,-2.794807660393417e-4,-6.203967495821416e-4,-2.1640003251377493e-4,5.705577787011862e-4,-6.342242704704404e-4,AM7209
0.8006845116615295,-0.10980712622404099,-0.08606193214654922,-0.13294664025306702,0.04939107224345207,0.4114427864551544,0.3223525285720825,0.2336059957742691,-0.05180315673351288,-0.33114659786224365,0.39802491664886475,0.5840908288955688,-0.4067979156970978,0.39832159876823425,0.26323336362838745,0.38422054052352905,-0.5937933921813965,0.1895998865365982,-0.47352296113967896,0.18965008854866028,0.3047274947166443,-0.08671671152114868,-0.002538464032113552,-0.0030141950119286776,-0.0010746933985501528,-3.700876550283283e-4,-1.9059939950238913e-4,-1.1342819925630465e-4,5.350905121304095e-4,-3.902856260538101e-4,AM7211
0.7738183736801147,-0.1333930492401123,0.06608085334300995,0.14219246804714203,-0.47968530654907227,-0.4733172059059143,0.8687559366226196,0.21229559183120728,-0.49669668078422546,0.31902822852134705,0.44268348813056946,-0.7817966341972351,0.3324829041957855,-0.07595299929380417,-0.7632688283920288,0.451457142829895,0.2127770334482193,-0.0237736813724041,-0.5749430656433105,-0.16877713799476624,-0.31537023186683655,0.06773842126131058,0.002210584469139576,0.002301896922290325,8.690676768310368e-4,2.08518686122261e-4,2.5350810028612614e-4,9.539201710140333e-5,-3.5222191945649683e-4,3.817482211161405e-4,AM7213
0.6121293902397156,-0.27379870414733887,-0.7084174156188965,-0.08306045085191727,8.960884297266603e-4,-0.5158020853996277,1.0904871225357056,-0.0053885322995483875,0.6921056509017944,0.35201403498649597,0.868597686290741,-0.6929647922515869,-0.20483291149139404,-0.5603484511375427,-0.6251384615898132,0.03158576413989067,-0.3326331377029419,-0.8744616508483887,-0.8121281266212463,0.12115451693534851,0.18708525598049164,-0.028537031263113022,-0.0012125818757340312,-7.276982069015503e-4,-2.60035099927336e-4,7.296069270523731e-6,-1.1978505790466443e-4,-1.0079862840939313e-4,2.03867515665479e-4,-3.826951433438808e-5,AM7214
0.8113543391227722,-0.21464858949184418,-0.10972051322460175,-0.05868416279554367,0.15858706831932068,-0.5530632138252258,0.5814347863197327,0.12796323001384735,-0.26688119769096375,0.13801813125610352,0.33520036935806274,-0.39291778206825256,-0.25912997126579285,0.3878229856491089,0.47870004177093506,0.6432445645332336,-0.259868323802948,0.15153346955776215,-0.5029504895210266,-0.035312216728925705,-0.2536458671092987,-0.029701227322220802,-2.803947136271745e-4,-0.0013457474997267127,-3.6864762660115957e-4,-1.842719502747059e-4,9.993368439609185e-5,5.936839443165809e-6,1.388488308293745e-4,-1.911043655127287e-4,AM7215
0.6861068606376648,-0.0991281196475029,-0.12365280091762543,-0.06073756888508797,-0.5110201835632324,0.4397963881492615,0.6533485651016235,0.5335613489151001,-0.1388668417930603,-0.053236331790685654,0.2562948167324066,-0.300525963306427,0.27747297286987305,0.3621487021446228,0.3695598840713501,0.1840319037437439,-0.7297529578208923,-0.025360992178320885,-0.1607351452112198,-0.01366699580103159,-0.2158445417881012,-0.055778976529836655,-9.875280084088445e-4,-0.0023005285765975714,-6.976901204325259e-4,-2.195587585447356e-4,3.737122460734099e-5,-1.6443122149212286e-5,2.3759473697282374e-4,-3.749609168153256e-4,AM7216
-0.11373031139373779,-0.32582369446754456,0.018135540187358856,-0.10133028030395508,-0.06408501416444778,-0.9947555661201477,-0.6217092871665955,-0.5519939064979553,0.06961869448423386,-0.41367509961128235,-0.18103916943073273,-0.03993156552314758,0.11183623969554901,0.3278880715370178,-0.6041549444198608,-0.12751753628253937,0.0034565506502985954,-0.17369680106639862,0.406274676322937,0.6707190275192261,0.14795851707458496,-0.014720425009727478,-0.0023812386207282543,2.8921355260536075e-4,-7.849826943129301e-4,-7.994609040906653e-5,-7.007529493421316e-4,-0.00042078382102772593,-5.2592844440368935e-5,-7.84938019933179e-5,AM7221
-0.09925732016563416,-0.3279140889644623,-0.07354062050580978,-0.22250288724899292,-0.04722976312041283,-1.0380243062973022,-0.5357665419578552,-0.8489329218864441,0.7584019303321838,-0.02539600059390068,-0.5514382123947144,-0.4614578187465668,-0.09735933691263199,0.28656917810440063,-0.170599102973938,-0.7311350107192993,0.2755213677883148,-0.17554564774036407,0.04880261421203613,0.4132017195224762,0.28873804211616516,-0.08203630149364471,-0.003265150124207139,-0.002470224630087614,-0.0011999518610537052,-3.113693092018366e-4,-4.63499512989074e-4,-2.5997450575232506e-4,4.106209671590477e-4,-4.1375606087967753e-4,AM7223
0.05488919839262962,-0.3575875461101532,-0.02623712830245495,0.2976071536540985,0.3121053874492645,0.4129783511161804,-0.26997941732406616,-1.407763957977295,0.7083038091659546,1.0527328252792358,0.36804381012916565,-0.78568035364151,0.013413388282060623,-0.807949960231781,0.9977948665618896,-0.5617277026176453,-0.20154546201229095,0.35571402311325073,1.3277537822723389,0.5890986323356628,0.7422406673431396,-0.05433144420385361,-0.0032386635430157185,-0.0012300212401896715,-0.0010696660028770566,-1.8357015505898744e-4,-7.31393345631659e-4,-3.305140708107501e-4,2.716145827434957e-4,-2.595895202830434e-4,AM7224
0.054835762828588486,0.1135365292429924,0.3089407980442047,-0.4274846911430359,0.17781208455562592,-0.27119967341423035,0.5398226976394653,-0.32642295956611633,0.617173969745636,0.3623776137828827,0.0557439923286438,-0.11472629010677338,0.6524200439453125,-1.0940898656845093,-0.16948272287845612,-0.18225742876529694,0.8319227695465088,0.6581256985664368,0.48222777247428894,0.10158824920654297,-0.300490140914917,0.010502741672098637,2.518269175197929e-4,3.025311743840575e-4,-1.2112529657315463e-4,-1.0800489690154791e-4,-6.87980791553855e-5,-6.0196194681338966e-5,-1.577718649059534e-4,-5.747039904235862e-5,AM7226
0.09350179135799408,-0.3232722282409668,0.4539295434951782,0.5315373539924622,0.4300674498081207,-0.2891765832901001,-0.5238200426101685,-0.9649541974067688,0.5260100364685059,1.9073619842529297,-0.09605543315410614,-0.2678197920322418,0.5810693502426147,-0.4284662902355194,1.466346263885498,-0.6803914904594421,-1.0033684968948364,-0.18714694678783417,-0.14154024422168732,0.3265646696090698,0.5166993141174316,0.1478683203458786,0.0021155138965696096,0.00631316751241684,0.0014390340074896812,5.96553785726428e-4,-3.22694395435974e-4,-1.9281751883681864e-4,-6.935688434168696e-4,0.0010427914094179869,AM7228
0.04467664659023285,0.24990779161453247,0.6717014312744141,-0.27603259682655334,0.14944106340408325,-0.5059443116188049,-0.007822324521839619,0.37532180547714233,0.20550879836082458,-0.09374281764030457,1.1335140466690063,-0.25051459670066833,0.022507142275571823,-0.2754420042037964,0.2387247234582901,-0.1479501724243164,0.46372997760772705,0.14997166395187378,0.1852177232503891,-0.120738185942173,-0.45246872305870056,-0.08167983591556549,-0.001215005642734468,-0.0034943947102874517,-9.279679507017136e-4,-3.575999871827662e-4,1.3310796930454671e-4,5.158723070053384e-5,3.185961686540395e-4,-6.25310349278152e-4,AM7229
0.2633741497993469,0.14931100606918335,0.5825966000556946,-0.39943158626556396,0.5279549956321716,-0.6845747232437134,-0.06190985068678856,-0.12168809026479721,0.4387122690677643,0.5480083227157593,-0.37939685583114624,-0.6475024223327637,0.6462748646736145,-0.5537504553794861,-0.37596508860588074,-0.463412880897522,0.11068371683359146,-0.13682785630226135,0.35341209173202515,0.08010661602020264,-0.19832512736320496,0.012053008191287518,1.7528163152746856e-4,4.587062285281718e-4,-2.202282530561206e-6,5.6213291827589273e-5,-7.980165537446737e-5,-6.700013909721747e-5,-1.6562032396905124e-4,-1.3326322005013935e-5,AM7230
-0.024566683918237686,-0.17243994772434235,0.527704656124115,0.6106999516487122,0.11376460641622543,-0.19350457191467285,-0.5951262712478638,-0.2190457582473755,-0.634277880191803,2.228299856185913,-1.1519417762756348,-0.470742404460907,1.331734538078308,-0.5201741456985474,0.6556119918823242,-0.844257652759552,0.5612511038780212,0.6874886155128479,-0.5965901017189026,-0.1563684493303299,-0.47007113695144653,-0.1955922394990921,-0.003426146227866411,-0.00792334508150816,-0.0021591028198599815,-9.327100124210119e-4,2.2276824165601283e-4,5.9906698879785836e-5,9.914146503433585e-4,-0.0012303495313972235,AM7236
0.00949158426374197,0.07803954929113388,0.38175803422927856,-0.16996914148330688,-0.009310382418334484,-0.3203187882900238,0.7276886701583862,-0.4566556513309479,0.05314389988780022,0.7983015179634094,-0.43730658292770386,-0.2305702418088913,1.8811129331588745,-0.425705224275589,-0.32057735323905945,0.2685224413871765,0.21315070986747742,-1.151896357536316,0.2980547249317169,0.09068553894758224,0.37652698159217834,-0.0042878747917711735,-9.193356381729245e-4,2.2984565293882042e-4,9.083125769393519e-5,2.3642354062758386e-4,-2.0211294759064913e-4,-5.389888247009367e-5,3.9480739360442385e-5,4.0187449485529214e-5,AM7237
0.14423155784606934,0.24232126772403717,-0.17616425454616547,-0.16676753759384155,0.7240957617759705,-0.7118485569953918,-1.0235508680343628,-0.5752538442611694,0.074277363717556,0.4356754422187805,-0.5381247997283936,0.22456084191799164,-0.7796145081520081,-0.003276113886386156,0.4962178170681,0.07166785001754761,0.6815749406814575,0.013350101187825203,-0.08943330496549606,-0.11448312550783157,-0.17812927067279816,-0.02814388833940029,-2.914050710387528e-4,-0.001249859924428165,-2.1930431830696762e-4,-1.278189301956445e-4,1.2082960165571421e-4,6.809726619394496e-5,1.3467870303429663e-4,-2.0452134776860476e-4,AM7241
0.220174640417099,0.24077416956424713,-0.2758568227291107,-0.13107742369174957,0.6602935194969177,0.5140883922576904,-0.7010028958320618,-0.9239246249198914,0.22627177834510803,-0.7125840783119202,-0.6404914259910583,0.355980783700943,-0.08230867981910706,-0.5404831767082214,0.4635775089263916,-0.16311515867710114,0.27766355872154236,-0.24588046967983246,-0.40274348855018616,-0.23077230155467987,-0.08265328407287598,-0.049737315624952316,-4.894374287687242e-4,-0.0021371247712522745,-2.903536951635033e-4,-1.4785522944293916e-4,2.325800887774676e-4,1.2913784303236753e-4,3.0449836049228907e-4,-2.8095144079998136e-4,AM7242
0.043107982724905014,-0.39881759881973267,0.1343260109424591,-0.027418948709964752,0.09527026861906052,1.00105881690979,-0.09733053296804428,-1.3013720512390137,-0.2701508104801178,-0.6583163738250732,0.42862966656684875,-0.3341645300388336,-0.33088964223861694,-1.5242047309875488,-0.24111418426036835,-0.2887016236782074,1.0496530532836914,-0.4319676458835602,-0.35477033257484436,0.21212033927440643,-0.5822272896766663,-0.09224576503038406,-0.0023708424996584654,-0.0034651027526706457,-0.0012859769631177187,-3.997881431132555e-4,-1.581318792887032e-4,-1.887150719994679e-4,3.030141815543175e-4,-6.560991168953478e-4,AM7243
0.15846998989582062,0.35737958550453186,0.21101467311382294,-0.3346068263053894,0.49562934041023254,0.439336359500885,-0.41866621375083923,-0.22557756304740906,0.3776647746562958,0.47115471959114075,-0.6150737404823303,-0.46043121814727783,-0.42339128255844116,0.20122121274471283,-0.5218459963798523,-1.2626162767410278,0.18724186718463898,0.2781904637813568,-0.2991922199726105,0.139358788728714,-0.19066427648067474,0.06196848303079605,0.0011834189062938094,0.002527119591832161,4.835531872231513e-4,1.0680551349651068e-4,-6.601445784326643e-5,-1.0038966865977272e-4,-3.665775584522635e-4,3.5827766987495124e-4,AM7255
0.2231190800666809,0.22745487093925476,-0.21582479774951935,0.0757659450173378,0.5192750692367554,0.5999276638031006,-0.3444106876850128,-1.2838090658187866,0.268080472946167,-0.8639519810676575,-0.9701026082038879,0.7171980142593384,-0.11311651766300201,-0.06932287663221359,0.5367944240570068,-0.004188322927802801,0.2833355665206909,0.19760331511497498,-0.13497047126293182,0.03642784804105759,-0.14541023969650269,-0.12251540273427963,-0.002667022868990898,-0.004768227227032185,-0.0014291986590251327,-5.262490594759583e-4,-3.094467683695257e-5,-3.804459993261844e-5,6.077946163713932e-4,-7.556164055131376e-4,AM7256
-0.1375686526298523,-0.42496737837791443,-0.23073984682559967,-0.31618666648864746,0.1525195688009262,-0.21527527272701263,-0.47193506360054016,-0.18317371606826782,0.31383016705513,-1.6293895244598389,1.0968867540359497,-0.5356653332710266,-0.25446397066116333,0.38221731781959534,-0.9133232235908508,-0.6035095453262329,-0.26077765226364136,-0.6625812649726868,-0.5456185340881348,-0.2678234875202179,1.3230395317077637,-0.05934682488441467,-0.0015765867428854108,-0.0018279380165040493,1.0091267176903784e-4,3.9313919842243195e-5,1.083456227206625e-4,2.1987230866216123e-4,7.239066180773079e-4,2.708381725824438e-5,AM7260
0.08529176563024521,-0.259502112865448,0.04550914838910103,0.3040964901447296,1.0409576892852783,1.2683117389678955,-0.3487214744091034,1.121843695640564,2.040649890899658,-0.46134620904922485,-0.46527618169784546,0.14218319952487946,0.556715190410614,2.719802141189575,-1.4585145711898804,-0.3605833351612091,0.9541894197463989,0.41607728600502014,0.4913366436958313,-0.5202121734619141,0.20147068798542023,-0.2571042776107788,-0.004352082498371601,-0.010467997752130032,-0.0022652840707451105,-9.309211745858192e-4,3.9205647772178054e-4,3.543375351000577e-4,0.0014554322697222233,-0.001560058444738388,AM7261
0.013462290167808533,-0.21572159230709076,0.33294689655303955,-0.21364325284957886,-0.29068994522094727,-0.14523184299468994,-0.41888168454170227,-0.2840794622898102,0.28131037950515747,-0.850984513759613,-0.49432864785194397,-0.5068186521530151,0.056418243795633316,1.9395123720169067,-0.40181222558021545,0.2595514953136444,1.226635456085205,0.3116375505924225,-0.06682345271110535,-0.3601272404193878,-0.3712490499019623,-0.23043183982372284,-0.004009400960057974,-0.009415814653038979,-0.0022716005332767963,-9.312907932326198e-4,3.297179355286062e-4,2.1978668519295752e-4,0.0011850839946419,-0.0014782650396227837,AM7266
-0.03921833261847496,-0.22511091828346252,0.29004624485969543,-0.11460886895656586,-0.5517024397850037,-0.14379900693893433,-0.621677815914154,-0.21286612749099731,0.8141463994979858,-0.38625118136405945,-0.7475300431251526,-0.01041959784924984,0.33380359411239624,1.1978836059570312,-0.5989416241645813,-1.1102570295333862,-0.6209508180618286,-1.130866289138794,0.04611911624670029,-0.023583609610795975,1.1678465604782104,0.1268998235464096,0.0018838867545127869,0.005567292682826519,0.001862701727077365,8.045764989219606e-4,-1.2388936011120677e-4,5.97246216784697e-5,-4.0053657721728086e-4,0.001047908328473568,AM7269
-0.02372860722243786,-0.38967281579971313,-0.02516397275030613,0.289000004529953,0.20289063453674316,-0.16211535036563873,-0.6245989799499512,-0.5612808465957642,-0.8233911395072937,0.38806477189064026,1.002453088760376,-0.7285211682319641,0.3405821621417999,0.011607597582042217,0.07553920894861221,-0.05080564692616463,1.1414927244186401,0.5118860006332397,0.3245413601398468,-0.7385435104370117,0.8662702441215515,0.026128986850380898,0.0019968056585639715,5.595270777121186e-4,0.0012733093462884426,2.0219699945300817e-4,6.075996207073331e-4,5.539307021535933e-4,2.4349094019271433e-4,3.295440401416272e-4,AM7270
0.12156490236520767,0.26669833064079285,0.4290352463722229,-0.21645034849643707,0.9692697525024414,-0.44651368260383606,0.1527874618768692,-0.3807196617126465,-1.1644718647003174,0.29458189010620117,-0.20551736652851105,-0.71955406665802,-1.1019235849380493,0.5046778917312622,-0.584284245967865,-0.2726183831691742,-0.06626377999782562,0.6554234027862549,-0.3623689115047455,-0.5644049048423767,-0.27318108081817627,-0.01456002239137888,0.0016684751026332378,-0.0014012607280164957,2.7041061548516154e-4,-1.4535681111738086e-4,6.254588370211422e-4,3.52930132066831e-4,1.6072444850578904e-4,-1.3435352593660355e-4,AM7272
0.012632797472178936,0.34831956028938293,0.4277329444885254,-0.18196766078472137,0.45864155888557434,0.3992794156074524,1.2674674987792969,-0.7151259183883667,-1.157717227935791,-0.21753652393817902,0.5290576815605164,-0.5989505052566528,-0.6111695766448975,1.1724636554718018,0.1659221053123474,-1.2501691579818726,0.5135607123374939,0.1741027683019638,0.18408863246440887,-0.6061372756958008,0.47071799635887146,0.2896144688129425,0.007796992547810078,0.0107278386130929,0.003940838389098644,0.0011719028698280454,5.905292928218842e-4,4.440277407411486e-4,-0.0012649183627218008,0.0018252287991344929,AM7273
0.03493603691458702,-0.12612870335578918,0.24603788554668427,0.6436846852302551,0.47184228897094727,0.33581119775772095,-0.2015189230442047,1.7420823574066162,1.2872183322906494,-1.490455150604248,-0.8991246223449707,-1.2647218704223633,-0.5802009105682373,-1.0409972667694092,0.4767678380012512,-1.28397536277771,0.37763333320617676,-0.03940587490797043,-1.4049533605575562,-0.45464402437210083,1.7234137058258057,0.3074255883693695,0.006741125136613846,0.012438653036952019,0.004447614308446646,0.0012905389303341508,4.041222855448723e-4,3.9747607661411166e-4,-9.211233118548989e-4,0.002425545360893011,AM7277
-0.05234614014625549,-0.27986210584640503,0.5819158554077148,0.4667653739452362,-0.27052074670791626,-0.22233934700489044,-0.6944684386253357,-0.3872145712375641,0.35368627309799194,0.4165070652961731,-0.06850465387105942,0.16487495601177216,-1.0301395654678345,0.10748590528964996,0.9407706260681152,0.822830080986023,-1.1443103551864624,-0.14596815407276154,-0.609309732913971,0.967951774597168,0.2475317269563675,-0.12085971236228943,-0.005375850014388561,-0.003495799144729972,-0.002219890244305134,-5.505418521352112e-4,-9.346079896204174e-4,-6.331484182737768e-4,5.43744012247771e-4,-5.771122523583472e-4,AM7278
-0.1688731610774994,-0.24279411137104034,0.13354066014289856,0.9034478664398193,0.38329437375068665,0.1220163106918335,0.6354755163192749,0.9393827319145203,1.171581506729126,0.613645613193512,1.037147879600525,1.6417016983032227,-1.0971341133117676,0.639836311340332,-0.8747360706329346,-0.028598064556717873,0.03728007152676582,0.09798825532197952,-0.03322604298591614,0.22544080018997192,-0.44520455598831177,-0.5434988737106323,-0.012364333495497704,-0.020910149440169334,-0.006365182809531689,-0.002122265752404928,-2.94930039672181e-4,-2.1125146304257214e-4,0.0026468003634363413,-0.0033702587243169546,AM7280
-0.22630786895751953,-0.16643346846103668,-0.09251037240028381,0.7080565690994263,0.8081417083740234,-0.435352623462677,0.6778544783592224,2.3217902183532715,-1.4221473932266235,-1.7646667957305908,-1.194727897644043,-1.1528257131576538,0.9145320653915405,0.31846368312835693,2.328233003616333,-0.28993791341781616,1.4270238876342773,-0.9891279339790344,-0.5515565872192383,2.0855565071105957,-0.7350339889526367,-0.04386124014854431,-0.006273210514336824,4.176526563242078e-4,-0.0025319219566881657,-4.367557412479073e-4,-0.0019195893546566367,-0.0014104240108281374,-3.5040033981204033e-4,-3.3536695991642773e-4,AM7283
-0.18356627225875854,0.3388592302799225,0.6074768900871277,-0.2704858183860779,0.018336111679673195,-0.1853732168674469,0.32707011699676514,0.8877450227737427,-1.064518928527832,-0.6063953042030334,1.1037414073944092,0.6182936429977417,0.23315614461898804,-0.0997883751988411,1.0582385063171387,-0.5211471319198608,0.14397844672203064,0.49397820234298706,-0.33951935172080994,-0.11539425700902939,-0.7391979098320007,-0.12974072992801666,-0.0020382835064083338,-0.005445743445307016,-0.0015874821692705154,-6.60252757370472e-4,1.95992091903463e-4,2.374540054006502e-5,5.406187265180051e-4,-9.300981764681637e-4,AM7284
0.042998380959033966,0.4495961666107178,0.3526466190814972,0.47243571281433105,-0.43883317708969116,0.5212537050247192,-0.5511578917503357,0.11119376868009567,-0.9350605607032776,-1.3505042791366577,1.069400668144226,1.6621450185775757,0.21340680122375488,-0.21695521473884583,-0.11844039708375931,-0.0426529124379158,0.5821882486343384,-0.642316460609436,-1.5276151895523071,-0.7661913633346558,0.513228714466095,0.051052045077085495,0.00263651879504323,0.0016212589107453823,0.00164154137019068,3.5861533251591027e-4,7.568368455395103e-4,5.061278352513909e-4,1.253376540262252e-4,5.801898660138249e-4,AM7285
-0.012802141718566418,-0.3115212619304657,-0.10181867331266403,0.6260776519775391,1.2574924230575562,-0.3908604681491852,0.18735040724277496,0.5859634876251221,0.15698285400867462,0.27547910809516907,0.6340988278388977,0.48244422674179077,0.7506859302520752,0.6556068658828735,-1.5194250345230103,0.9137979745864868,-0.5000445246696472,-0.15766224265098572,0.9739980101585388,-0.23207825422286987,-0.1811980903148651,0.06899452209472656,0.0022382650058716536,0.002202976495027542,8.767340914346278e-4,3.7970358971506357e-4,1.8561822071205825e-4,1.5850433555897325e-4,-4.496308683883399e-4,2.544989692978561e-4,AM7294
-0.03157687932252884,0.03822905942797661,0.4200422763824463,0.8550906777381897,0.09284617751836777,0.25903838872909546,1.1476982831954956,1.164785385131836,-0.0314212404191494,-1.1577651500701904,-2.7098500728607178,-2.2188804149627686,-1.9974443912506104,-2.0515055656433105,-0.3475929796695709,1.93709135055542,-0.09247246384620667,-0.18186184763908386,1.3785722255706787,-1.1148921251296997,0.39891645312309265,-0.11672146618366241,-1.633468345971778e-4,-0.00563638424500823,-1.5675407485105097e-4,-8.237290603574365e-5,8.725053048692644e-4,7.55112327169627e-4,8.171010413207114e-4,-7.692540530115366e-4,AM7295
-0.28274834156036377,-0.39360082149505615,0.114956796169281,0.23837773501873016,-0.38141870498657227,0.09116411954164505,-0.17105084657669067,-0.37083494663238525,-0.769843339920044,-1.1749801635742188,2.4349660873413086,0.340467631816864,-0.9958065152168274,-1.6176562309265137,-0.1464664787054062,0.08286833018064499,0.22135482728481293,-0.6776514053344727,0.22951042652130127,0.17512057721614838,0.003403368638828397,0.006341689266264439,-4.4768620864488184e-4,4.771698440890759e-4,-2.739530464168638e-5,1.3565247354563326e-4,-2.060827100649476e-4,-1.2786537990905344e-4,-1.0530576400924474e-4,1.959949076990597e-5,AM7302
-0.17938365042209625,0.01978112943470478,0.4899682104587555,-0.2074223905801773,-0.5379342436790466,-0.4929020404815674,0.23346540331840515,0.6815055012702942,0.7523120641708374,-0.41446390748023987,0.15310359001159668,1.0830860137939453,0.361206591129303,-1.1383737325668335,-0.7189024090766907,0.0318121463060379,-0.2608253061771393,1.8223333358764648,0.17493946850299835,0.07534411549568176,0.5354306101799011,-0.2573709487915039,-0.00578730832785368,-0.009827610105276108,-0.0029498182702809572,-0.0012182049686089158,-1.1919579992536455e-4,-3.19321748065704e-6,0.0015158695168793201,-0.001424692920409143,AM7303
-0.12470196932554245,0.21358144283294678,0.5741351246833801,-0.36071330308914185,-0.14060643315315247,0.11125043779611588,0.021397048607468605,1.0178321599960327,0.549439013004303,-0.8425130248069763,1.229422926902771,0.806480348110199,0.2330029457807541,-1.1604194641113281,0.8698689937591553,-1.0480639934539795,-1.408881425857544,0.6519140601158142,0.882493793964386,-0.3337651491165161,-0.19272910058498383,-0.07064879685640335,-1.727401395328343e-4,-0.003406391479074955,-6.990143447183073e-4,-2.698522002901882e-4,3.048460930585861e-4,1.885975361801684e-4,3.1280459370464087e-4,-5.747481482103467e-4,AM7304
0.06702930480241776,-0.2051108181476593,0.13947120308876038,-0.6449497938156128,0.8284006714820862,-0.018794523552060127,-0.17253026366233826,-0.7073066830635071,-0.4362950623035431,-0.814586341381073,-1.3950444459915161,-0.08862912654876709,1.449617862701416,-0.8970429301261902,-0.9618791341781616,-0.25578218698501587,-1.1760939359664917,0.08629307895898819,-0.8917406797409058,-0.45845335721969604,-0.4461005628108978,-0.07669621706008911,1.4059757813811302e-4,-0.00370966293849051,-5.446444265544415e-4,-3.165227244608104e-4,5.517520476132631e-4,2.3608890478499234e-4,4.2626491631381214e-4,-4.964231629855931e-4,AM7312
-0.19618859887123108,-0.20898449420928955,-0.1130158081650734,0.8384960889816284,0.9627538323402405,-1.12105393409729,0.652305543422699,1.2672683000564575,-0.5061362981796265,0.2649638056755066,-0.43214866518974304,1.1949965953826904,0.06145482882857323,-0.36445680260658264,-0.6108432412147522,0.05247156694531441,-1.319894790649414,-0.14166715741157532,-0.09872512519359589,-0.2457316815853119,0.12802980840206146,0.23105905950069427,0.0060341935604810715,0.00855391938239336,0.0028073685243725777,9.534633136354387e-4,3.0397321097552776e-4,1.6280011914204806e-4,-0.0011238503502681851,0.0014176917029544711,AM7313
-0.1558334231376648,-0.19556555151939392,0.04514878988265991,0.8088511228561401,0.49909448623657227,1.1774264574050903,1.1671741008758545,-0.3224189877510071,0.8633713722229004,1.1325823068618774,0.3916899859905243,1.8381414413452148,-0.13429827988147736,0.041545283049345016,-1.3019213676452637,-0.19594882428646088,1.4842281341552734,-0.10161923617124557,-0.4772331714630127,0.8751768469810486,-0.36151590943336487,0.08746883273124695,-5.27293304912746e-4,0.0044221593998372555,9.396347013534978e-5,1.1766031821025535e-4,-7.670428603887558e-4,-5.62594854272902e-4,-6.650611176155508e-4,5.071000196039677e-4,AM7318
0.009056557901203632,0.4026086926460266,-0.26449477672576904,0.4957112967967987,-0.15598487854003906,0.5143817067146301,0.7269687056541443,-1.4523383378982544,-0.5650418996810913,-0.39417514204978943,-1.0680841207504272,0.5948379635810852,0.6236774921417236,-0.09621603786945343,0.12025519460439682,-0.01021511573344469,-0.09784951061010361,0.36336880922317505,0.5274741649627686,0.4381546676158905,0.4909195303916931,0.07609029859304428,3.184477973263711e-4,0.003533328417688608,5.018398514948785e-4,2.421615063212812e-4,-4.671914502978325e-4,-2.3628206690773368e-4,-3.741535765584558e-4,5.369377904571593e-4,AM7319
-0.07201072573661804,-0.37725701928138733,-0.2710639536380768,0.31248751282691956,1.6582845449447632,0.4138783812522888,0.19113685190677643,0.02778792381286621,-0.15056967735290527,0.35493505001068115,-0.0203363336622715,0.9418820142745972,1.2105464935302734,0.19013716280460358,-0.08695638924837112,0.26673322916030884,-1.442396640777588,0.21455760300159454,0.4307577610015869,-0.31907570362091064,-0.8462315201759338,0.5181096792221069,0.013040409423410892,0.01911327987909317,0.005643285810947418,0.0019048459362238646,5.083379219286144e-4,1.97614572243765e-4,-0.002880317624658346,0.0028387107886373997,AM7320
-0.2801685929298401,-0.37755149602890015,-0.30582213401794434,0.4996417164802551,0.4909379482269287,0.4748294949531555,0.4144616723060608,-0.9838305115699768,-0.8265733122825623,0.6403061151504517,1.2804704904556274,0.09052914381027222,-1.397212266921997,0.09207068383693695,1.175585150718689,0.18565909564495087,-0.6164018511772156,0.7921294569969177,0.34263530373573303,-0.8088203072547913,0.03629985451698303,-0.09472841769456863,3.210520080756396e-4,-0.004723555874079466,-3.744039568118751e-4,-3.372514620423317e-4,7.592245237901807e-4,5.276601295918226e-4,6.510638631880283e-4,-6.139518809504807e-4,AM7321
-0.11906004697084427,0.3746781349182129,0.05537395179271698,-0.3752235174179077,0.09019852429628372,1.0518397092819214,-0.20834104716777802,0.8454177379608154,-0.0355900414288044,0.34030163288116455,0.6665861010551453,-0.8739252686500549,0.38948553800582886,0.531980574131012,-0.06158295273780823,0.33745479583740234,-1.1561282873153687,-0.6072543263435364,-0.3862484097480774,0.020409181714057922,-0.24890770018100739,0.22841531038284302,0.0052627259865403175,0.008694319985806942,0.0024577397853136063,9.264157270081341e-4,7.905759412096813e-5,-3.534397910698317e-5,-0.001253996160812676,0.0013439009198918939,AM7323
-0.1049288734793663,0.12637585401535034,0.3104794919490814,-0.1555858999490738,-0.5103757381439209,0.4563756287097931,0.873503565788269,-0.06797551363706589,-0.040929581969976425,0.8391498327255249,-0.8925674557685852,-0.0022615098860114813,1.7796282768249512,-0.2634490132331848,-0.5482898354530334,-0.11764594912528992,-0.09689757972955704,-1.311155915260315,0.008815442211925983,-0.5770174860954285,-0.25507068634033203,-0.03030291758477688,7.53927743062377e-4,-0.0017783563816919923,2.7669951668940485e-4,1.8284074030816555e-4,5.122644361108541e-4,3.236483898945153e-4,1.4209204528015107e-4,-2.643343177624047e-4,AM7325
-0.2176898717880249,0.14390112459659576,0.04424555227160454,-0.5175021290779114,0.6445977091789246,-0.48057037591934204,1.0435758829116821,-0.28824853897094727,-0.7223832011222839,0.11049607396125793,0.38786762952804565,0.38975614309310913,0.4891989827156067,0.15236227214336395,0.276400625705719,1.0526528358459473,0.7863209843635559,0.9083454608917236,0.2551952004432678,0.005203793291002512,0.6594361066818237,0.2157999575138092,0.004488569684326649,0.008485499769449234,0.0025281538255512714,7.162228575907648e-4,-4.0347445064981e-6,9.310115274274722e-5,-9.092002874240279e-4,0.0014403212117031217,AM7327
-0.2036880999803543,0.42415836453437805,-0.09858985990285873,-0.14834509789943695,-0.3710666000843048,0.1276302933692932,-0.412479966878891,0.9743760228157043,-0.6940271258354187,1.298132300376892,0.07008465379476547,-0.9866030812263489,0.21815630793571472,0.37964609265327454,-1.302983045578003,0.6149346828460693,0.0792369470000267,0.473338782787323,0.14883683621883392,0.6990193128585815,0.19949771463871002,0.08635061979293823,-1.0897956599364989e-5,0.004126978572458029,2.8772425139322877e-4,1.6719171253498644e-4,-6.554097635671496e-4,-4.095239273738116e-4,-5.15009684022516e-4,5.682976916432381e-4,AM7328
-0.09911712259054184,0.39135146141052246,-0.24791985750198364,0.1827852725982666,-0.6253207325935364,0.22018133103847504,-1.3162909746170044,0.905903160572052,-0.42903590202331543,-0.08365392684936523,-0.11946775019168854,0.44746866822242737,1.1282187700271606,0.09721364825963974,-0.005849608685821295,1.1206128597259521,0.4904947578907013,0.48842665553092957,0.37303104996681213,-0.1829131543636322,-0.06986484676599503,0.06914593279361725,0.0021274369210004807,0.002312407363206148,8.83781467564404e-4,2.1189521066844463e-4,1.9165220146533102e-4,1.4920880494173616e-4,-3.419339482206851e-4,3.5560704418458045e-4,AM7329
-0.2521684765815735,-0.20004279911518097,0.3040672838687897,0.3146349787712097,-0.40385425090789795,0.5405295491218567,0.09663242846727371,-0.7635706067085266,-1.7906330823898315,0.4845335781574249,0.48026126623153687,-1.0474896430969238,0.7447403073310852,1.1804908514022827,0.38606685400009155,1.277441143989563,-0.9171498417854309,0.10714171826839447,0.42691799998283386,0.0652955174446106,1.1358451843261719,-0.4236966371536255,-0.010336640290915966,-0.015853866934776306,-0.004477153532207012,-0.0014319790061563253,-3.1544201192446053e-4,2.315635356353596e-6,0.0024442379362881184,-0.0023008594289422035,AM7332
-0.21117481589317322,0.3952573537826538,-0.3637678325176239,-0.09423299133777618,0.17156504094600677,0.23118117451667786,0.3625766336917877,-0.14850924909114838,-0.8546863198280334,0.725411057472229,0.3898750841617584,-0.7185850739479065,-0.5829837322235107,-0.4087120294570923,-1.5949511528015137,0.4338805675506592,-0.45626741647720337,-0.13514955341815948,-0.4089495539665222,0.7746747136116028,0.38925236463546753,0.10425568372011185,5.6437562307110056e-5,0.0050616138614714146,5.385184776969254e-4,3.2588938483968377e-4,-7.216559024527669e-4,-4.749480285681784e-4,-5.547249456867576e-4,7.818051963113248e-4,AM7333
-0.013033456169068813,0.46971216797828674,-0.1856989562511444,0.36892372369766235,-0.4920055866241455,0.5420763492584229,-0.44864118099212646,-0.24078616499900818,-1.0973291397094727,-0.4668863117694855,-0.33429160714149475,0.4106128215789795,1.2524268627166748,0.19799956679344177,-0.7191836833953857,0.9528627395629883,0.6044522523880005,0.5668283700942993,-0.22711573541164398,0.08859920501708984,0.9013143181800842,0.070827916264534,8.130386704578996e-4,0.0031988031696528196,9.709678706713021e-4,2.2289538173936307e-4,-1.2653176963794976e-4,2.9006554541410878e-5,-8.909282769309357e-5,6.811838829889894e-4,AM7334
-0.2580864131450653,-0.19801034033298492,-0.2800849676132202,-0.49938705563545227,0.2262219488620758,-0.7098491191864014,0.18497145175933838,-0.10611440241336823,0.36059653759002686,-0.5520204901695251,-0.11212095618247986,0.10680055618286133,0.1955200880765915,-0.08079997450113297,0.3967147171497345,1.2219387292861938,0.052905675023794174,-0.2054080218076706,-0.44979923963546753,-0.21346884965896606,0.7336814999580383,-0.14810149371623993,-0.003319771261885762,-0.00556799303740263,-0.0011565375607460737,-4.269686178304255e-4,1.0474084410816431e-4,1.7160334391519427e-4,0.0010380818275734782,-6.594472797587514e-4,AM7336
-0.24499520659446716,-0.05381030589342117,-0.3814350664615631,-0.6352927088737488,0.28356117010116577,-0.6181966662406921,0.7510378360748291,-0.2175445854663849,0.6016882658004761,0.19173510372638702,0.41555559635162354,0.0816049724817276,0.19265693426132202,-0.23828691244125366,0.8230289816856384,0.7761591672897339,0.24635152518749237,-0.07179958373308182,-0.46841198205947876,-0.12905430793762207,0.6169707179069519,0.1005135327577591,0.002087453380227089,0.00406176270917058,0.001467719441279769,4.407585656736046e-4,1.0541790834395215e-4,1.304707839153707e-4,-2.850665186997503e-4,8.094601216726005e-4,AM7337
-0.12461134791374207,0.4180363416671753,0.03537696599960327,-0.05959870293736458,0.08360306918621063,-0.3956858515739441,-0.14107875525951385,0.2652530074119568,-0.9957523345947266,1.2816665172576904,-0.035446345806121826,-0.04097715765237808,-0.9135854840278625,-0.49264487624168396,-0.40673792362213135,0.6453492045402527,-0.037846922874450684,-1.2210346460342407,-1.198857307434082,-0.3878110647201538,-0.45839232206344604,-0.13465245068073273,-0.0018579456955194473,-0.00563921220600605,-0.0010616100626066327,-3.4579081693664193e-4,4.1897574556060135e-4,1.770200178725645e-4,6.979063036851585e-4,-8.108399924822152e-4,AM7343
-0.26589858531951904,0.01867893896996975,-0.22920890152454376,-0.5677255988121033,0.045777782797813416,-0.38409414887428284,0.7899013757705688,0.5151722431182861,0.31403571367263794,0.1032416969537735,0.33428052067756653,0.4380614459514618,1.0225684642791748,-0.8014037609100342,-0.3237720727920532,0.7994334697723389,0.5768232345581055,-0.3347567021846771,-0.33091530203819275,0.10053548961877823,0.043280910700559616,-0.19751043617725372,-0.004911521915346384,-0.007373907137662172,-0.0021923226304352283,-7.084236713126302e-4,-1.5016818360891193e-4,-7.56230074330233e-5,0.0010374024277552962,-0.0011356101604178548,AM7344
-0.014607514254748821,-0.377699613571167,0.2349167764186859,-0.21645212173461914,-0.6052283048629761,1.1438238620758057,-1.587937831878662,0.23321709036827087,-0.36189648509025574,-0.22131457924842834,0.6532984375953674,-1.303090214729309,1.1775834560394287,0.203257754445076,-0.0867125391960144,1.6584140062332153,0.6869964003562927,-0.7785974740982056,-0.21877345442771912,-0.11064965277910233,-0.466239333152771,0.1999763548374176,0.004787683952599764,0.007435447536408901,0.0023039074148982763,8.337891777046025e-4,1.816292351577431e-4,6.432546797441319e-5,-0.001134736929088831,0.0011032482143491507,AM7345
-0.12015672773122787,-0.20115894079208374,0.11596190184354782,0.40990570187568665,-0.0997333899140358,1.440643310546875,-0.7363008260726929,0.46856874227523804,0.4149756133556366,1.4165087938308716,0.7650192975997925,-0.27049314975738525,1.3140161037445068,-0.682632565498352,0.9242845177650452,0.1695897877216339,-0.43137314915657043,0.3546460270881653,-1.3156696557998657,-0.5167195796966553,0.2877037823200226,-0.02551737241446972,7.628570310771465e-4,-0.001367919030599296,3.169537230860442e-4,-1.282956509385258e-4,5.625143530778587e-4,3.362802672199905e-4,4.281338769942522e-4,4.832194827031344e-5,AM7346
-0.050980694591999054,0.3821563124656677,-0.27971094846725464,-0.31964144110679626,0.40036967396736145,1.0103936195373535,-0.25792396068573,-0.28649473190307617,0.20294755697250366,0.16821353137493134,-0.4030829071998596,-0.7541223168373108,-0.9792153835296631,0.0703461766242981,0.008364974521100521,0.5145949721336365,-0.27832239866256714,0.020396476611495018,-0.07064048945903778,0.38796883821487427,-0.49278828501701355,-0.016331225633621216,-0.00101703021209687,-4.775802372023463e-4,-7.209783070720732e-4,-1.6870463150553405e-4,-3.0977296410128474e-4,-2.795025357045233e-4,-1.154687415692024e-4,-2.0776112796738744e-4,AM7353
-0.2644244432449341,0.12560096383094788,-0.47778981924057007,-0.5916045308113098,0.37378573417663574,-0.04497396573424339,0.2307392805814743,0.3740396499633789,0.563174843788147,0.4840821325778961,0.24884086847305298,-0.5468464493751526,-0.270286500453949,0.8045923709869385,1.065384864807129,0.22606022655963898,0.19564956426620483,-0.04201078042387962,-0.3566548824310303,0.14306963980197906,-0.4578634202480316,-0.04712454229593277,-0.0012947649229317904,-0.001781729399226606,-7.869626278989017e-4,-2.6407139375805855e-4,-8.835436892695725e-5,-1.1932503548450768e-4,1.239354896824807e-4,-3.55514173861593e-4,AM7354
0.12814809381961823,0.39001184701919556,0.2150968611240387,0.30060189962387085,-0.4499962329864502,-0.5650153160095215,-1.4365570545196533,0.13959303498268127,1.1040276288986206,-0.08510744571685791,-0.4455098807811737,0.9717884659767151,-0.8979482650756836,0.3093205988407135,0.6792302131652832,0.3412007987499237,-0.10265055298805237,0.5676575303077698,0.30184146761894226,-0.3515574634075165,0.24602577090263367,0.11374752223491669,0.003513241885229945,0.003956563770771027,0.0016058349283412099,4.210201441310346e-4,3.452653472777456e-4,2.659934980329126e-4,-4.5653246343135834e-4,7.060564239509404e-4,AM7356
0.03457366302609444,-0.16056391596794128,0.8456907868385315,0.08363964408636093,-0.8223046064376831,-0.7918330430984497,-0.7620783448219299,0.2533023953437805,1.575295090675354,-0.6123879551887512,0.3219074010848999,0.5940358638763428,-0.8709189295768738,0.8117703199386597,0.7319785952568054,1.8755234479904175,-0.4852961003780365,0.3794510066509247,0.14055077731609344,0.06339140236377716,-1.1547480821609497,0.4037858247756958,0.009840977378189564,0.014850038103759289,0.003989953547716141,0.0013315962860360742,1.854435686254874e-4,-5.5801756388973445e-5,-0.002400635974481702,0.0021157977171242237,AM7359
-0.23749293386936188,-0.0927218571305275,0.25003281235694885,-0.13296107947826385,-0.40865451097488403,0.08707939088344574,1.1958255767822266,-1.1343053579330444,-0.39176008105278015,-0.8005673885345459,-0.6811582446098328,0.32798177003860474,-0.16374796628952026,1.3843252658843994,0.5256240963935852,0.4562048614025116,-0.3441201448440552,-1.0948344469070435,0.3734411299228668,-0.15970970690250397,-0.03380540758371353,0.10751635581254959,0.0025197321083396673,0.004030440468341112,0.0013968683779239655,6.471831584349275e-4,1.0324246977688745e-4,9.586863598087803e-5,-6.117978482507169e-4,5.912347696721554e-4,AM7361
-0.38658407330513,-0.2940175235271454,-0.2549551725387573,-0.2768496572971344,-0.12837359309196472,0.02414724975824356,0.3176010251045227,-0.632415771484375,0.056152328848838806,-0.31042274832725525,-0.9801174402236938,0.245949387550354,-0.6829519867897034,1.7309812307357788,1.5400351285934448,-0.1236499473452568,-0.8741897940635681,-0.37089428305625916,-1.3774274587631226,-0.7202571034431458,-0.35742634534835815,-0.08112592995166779,4.4325977796688676e-4,-0.004008989781141281,-2.3967436573002487e-4,-2.4845937150530517e-4,7.89271027315408e-4,4.063416563440114e-4,5.442731780931354e-4,-4.526160773821175e-4,AM7362
-0.11647175997495651,0.3032788634300232,-0.290033757686615,-0.3419685363769531,0.15396206080913544,0.23974798619747162,-0.8875699043273926,0.9976661205291748,0.9454007744789124,0.4378707706928253,0.6060750484466553,-1.001837968826294,-0.5141280889511108,0.26294222474098206,0.2463008016347885,0.18054790794849396,-0.8715875744819641,-0.05441107228398323,0.09123338013887405,0.5633676648139954,0.22694136202335358,-0.11037658154964447,-0.004103776067495346,-0.0035542664118111134,-0.001751215779222548,-4.349220253061503e-4,-5.947345634922385e-4,-3.6505417665466666e-4,5.067220190539956e-4,-6.029381765983999e-4,AM7365
-0.07373671978712082,-0.10417838394641876,0.02063155174255371,-0.5709482431411743,0.011454648338258266,0.1428641974925995,0.39779606461524963,-0.5349551439285278,0.8552002310752869,-0.28241267800331116,-1.414712905883789,0.21252621710300446,1.0294911861419678,-0.4748183786869049,0.20713239908218384,0.2756291925907135,-0.8184274435043335,-0.1916537880897522,-0.10476817190647125,-0.39298921823501587,-0.5077215433120728,-0.25238659977912903,-0.00418415293097496,-0.010424021631479263,-0.0025820534210652113,-8.870537276379764e-4,3.707818978000432e-4,1.8884263408835977e-4,0.0012354736682027578,-0.0016445982037112117,AM7372
-0.00262846308760345,0.2649809420108795,-0.08680510520935059,0.6894959807395935,-0.8922415375709534,-0.05696620047092438,1.1969692707061768,-0.669077455997467,0.30637621879577637,-0.6242751479148865,0.4501999020576477,-0.47940781712532043,0.2561321258544922,-0.07954305410385132,-0.14522452652454376,-0.947781503200531,-0.3221552073955536,0.2705826163291931,0.15892334282398224,-0.021744105964899063,-0.4784415662288666,-0.09313233196735382,-0.0015925777843222022,-0.003854164620861411,-0.001211733790114522,-4.3170852586627007e-4,5.218404839979485e-5,-2.696928640943952e-5,3.462966706138104e-4,-6.986563676036894e-4,AM7373
0.0882096216082573,0.3728899359703064,0.05343787372112274,0.5361942052841187,-0.20449203252792358,-0.04413982853293419,0.1513170748949051,-1.1178959608078003,-0.17959900200366974,-0.31353235244750977,0.010470539331436157,1.0621062517166138,-0.7139459848403931,0.08419913798570633,0.1605677604675293,0.3678056597709656,0.7672193050384521,-0.19780780375003815,-0.4839340150356293,-0.33130717277526855,0.10374289751052856,0.14518070220947266,0.003947045188397169,0.005356379318982363,0.0020477534271776676,5.895286449231207e-4,3.6035836092196405e-4,2.3414318275172263e-4,-6.176421884447336e-4,9.428235935047269e-4,AM7380
-0.043258871883153915,0.2637578547000885,-0.2608542740345001,0.27549389004707336,0.22343407571315765,-0.883711576461792,-0.13060764968395233,-0.5616850256919861,-0.4119627773761749,-0.28814834356307983,0.5567222833633423,0.9484161138534546,-1.0247063636779785,0.3017137348651886,0.5102914571762085,0.310757577419281,0.5293179154396057,-0.06948135048151016,0.14016564190387726,-0.27244803309440613,-0.055350225418806076,0.12613455951213837,0.0034814251121133566,0.004542205017060041,0.0016678195679560304,5.155493854545057e-4,2.783162926789373e-4,1.9169547886122018e-4,-6.218838389031589e-4,7.239173864945769e-4,AM7382
-0.170522540807724,0.12898842990398407,0.13759061694145203,-0.18966907262802124,-0.6024169325828552,0.1978423297405243,1.1666369438171387,-0.005764621775597334,1.2226203680038452,0.23345813155174255,0.14278735220432281,0.32070380449295044,0.06164780259132385,0.03978222981095314,0.3996381163597107,-0.1921614706516266,0.7545657157897949,-0.5616498589515686,1.1582273244857788,0.39782267808914185,0.22671611607074738,0.15891459584236145,0.002017280086874962,0.006702751852571964,0.001464872620999813,7.181913242675364e-4,-4.7853795695118606e-4,-2.2312902729026973e-4,-9.451154619455338e-4,9.022305603139102e-4,AM7383
-0.04730943590402603,0.1555464118719101,-0.6821497678756714,0.2856304347515106,-0.4976993501186371,-0.29574114084243774,-0.26457080245018005,0.053121406584978104,0.6708576679229736,-0.32839077711105347,0.5266562104225159,-0.39907392859458923,0.40108543634414673,-0.03925033658742905,0.33045461773872375,0.03671809285879135,-0.09937679767608643,0.3347713351249695,0.10623352229595184,0.13287417590618134,-0.053499601781368256,-0.020357299596071243,-6.91803521476686e-4,-7.172248442657292e-4,-4.1670980863273144e-4,-1.514464383944869e-4,-1.1803432425949723e-4,-8.364993846043944e-5,6.9821035140194e-5,-1.4272330736275762e-4,AM7384
-0.006370629649609327,0.20605669915676117,-0.4473333954811096,0.45150226354599,-0.844231903553009,0.1791125386953354,0.6304755210876465,-0.5333150029182434,0.9438682198524475,-0.4430218040943146,0.7092018723487854,-0.584747314453125,0.010820952244102955,-0.44765880703926086,-0.048589542508125305,-0.42291519045829773,-0.1118132621049881,-0.09673881530761719,-0.010079912841320038,0.11735637485980988,-0.5482112169265747,-0.2170836478471756,-0.004802316427230835,-0.00845799595117569,-0.0026833435986191034,-8.644949411973357e-4,-1.1025600542780012e-4,-1.3450418191496283e-4,9.457414271309972e-4,-0.0014386748662218451,AM7385
-0.11098822951316833,-0.00960296019911766,-0.02069704793393612,-0.44263285398483276,0.1128108873963356,0.9261873364448547,0.9718056917190552,-1.0803829431533813,1.346889615058899,-0.6213515996932983,-0.35838818550109863,-0.5000802874565125,-0.5829834938049316,0.2669408917427063,0.5661033987998962,1.4204121828079224,0.35740935802459717,1.0149948596954346,0.0928516536951065,0.6663103699684143,0.2605736255645752,0.14247892796993256,0.00150628003757447,0.006124987732619047,9.337813244201243e-4,2.852334873750806e-4,-5.828498397022486e-4,-3.6522664595395327e-4,-7.489522686228156e-4,9.303739061579108e-4,AM7386
0.012923181056976318,0.36649656295776367,-0.2662338614463806,0.35253003239631653,-0.4742129147052765,-0.17720003426074982,-0.3786648213863373,-0.46655479073524475,0.6846253871917725,0.7485438585281372,-0.8749432563781738,0.8730353713035583,-0.26443636417388916,-1.1908807754516602,-0.8373839259147644,-0.25660237669944763,0.32225123047828674,-0.6161363124847412,-0.021379483863711357,0.1656726598739624,0.3777881860733032,0.00131798698566854,-7.986101554706693e-4,5.035689100623131e-4,5.464678179123439e-5,1.2492186215240508e-4,-2.213890984421596e-4,-9.960636816686019e-5,4.3790143536170945e-5,1.0949434363283217e-4,AM7387
-0.01688738912343979,0.096466563642025,-0.5484181046485901,0.38792064785957336,-0.7744214534759521,-0.5799322724342346,0.06332577019929886,0.37664365768432617,0.5531952977180481,-0.6340612173080444,0.874724805355072,-1.3190053701400757,1.1296966075897217,0.42258530855178833,-0.29163941740989685,-0.5505218505859375,-0.1151592954993248,0.7680505514144897,0.013653283007442951,-0.45993301272392273,-0.35132500529289246,0.10141187906265259,0.003929738886654377,0.003163491375744343,0.0013778795255348086,2.670791291166097e-4,5.344459787011147e-4,2.9535728390328586e-4,-5.053913337178528e-4,5.070557817816734e-4,AM7388
-0.06425067782402039,0.46789249777793884,0.28158074617385864,0.14094088971614838,-0.3239467740058899,-0.057299498468637466,-0.4634871184825897,0.7243961095809937,-0.09890440851449966,0.7073233723640442,0.2417650669813156,0.6633919477462769,-0.8633412718772888,-0.139637753367424,-0.47206467390060425,-0.4089212715625763,-0.6800367832183838,-1.283185362815857,-0.6730259656906128,-0.07615426182746887,0.16410568356513977,-0.027681298553943634,-7.036986062303185e-4,-8.951222989708185e-4,-5.095621236250736e-5,1.2188621622044593e-4,4.530121441348456e-5,1.1343129699525889e-5,1.9585656991694123e-4,-6.03989974479191e-5,AM7409
-0.21802984178066254,-0.2112703025341034,0.05587673559784889,-0.017891842871904373,-0.4156089425086975,-1.1631029844284058,0.07948368787765503,-0.2706834375858307,-0.6351932287216187,-0.056145139038562775,-0.2624533474445343,0.500521719455719,-0.028657935559749603,0.7480252385139465,-0.6871511936187744,-0.009761418215930462,-0.27664685249328613,-0.7934247255325317,-0.6523386240005493,-0.3128606081008911,0.09437905997037888,-0.03152718394994736,-1.4476606156677008e-4,-0.0013433920685201883,7.92300415923819e-5,4.14404712500982e-5,2.86038062768057e-4,1.8347715376876295e-4,2.646826615091413e-4,-1.079684734577313e-4,AM7416
-0.04850832745432854,0.151009663939476,-0.3363190293312073,0.7468585968017578,-0.7954139113426208,-1.5796054601669312,0.6409556865692139,-0.4039168953895569,0.6060994863510132,0.9240803718566895,-0.4427032172679901,-1.1373330354690552,0.4080873131752014,0.47809162735939026,-0.09927117824554443,-0.5825247168540955,0.3529915511608124,0.5247366428375244,-0.30586284399032593,-0.3191349506378174,-0.398965448141098,0.11182648688554764,0.0037448366638273,0.0037651141174137592,0.0014090875629335642,2.929377951659262e-4,0.00041809843969531357,1.9861897453665733e-4,-5.780768115073442e-4,5.95583114773035e-4,AM7419
-0.021398035809397697,0.1831606775522232,-0.3613738715648651,0.4758773744106293,-0.7114999294281006,0.19136664271354675,0.7182660698890686,-0.2724186182022095,0.2802871763706207,-0.9750847816467285,0.5145534873008728,-1.4327409267425537,0.7021136283874512,0.5474975109100342,0.015288176015019417,-0.6868413090705872,-0.6593157052993774,0.754568338394165,-0.16260947287082672,-0.4083235561847687,-0.8463672995567322,0.06720269471406937,0.0034956063609570265,0.0016257286770269275,7.845859508961439e-4,7.979226211318746e-5,5.511240451596677e-4,2.1908682538196445e-4,-4.6474626287817955e-4,1.9386324856895953e-4,AM7420
-0.016361773014068604,0.29439252614974976,-0.6003574132919312,0.11411536484956741,-0.1930331587791443,-0.27632367610931396,-1.0270968675613403,-0.023686306551098824,0.3457164466381073,0.09976009279489517,-0.9779984951019287,0.7203805446624756,0.4604467451572418,-0.20917072892189026,0.15705172717571259,-0.37633076310157776,0.004973809700459242,-0.006546217482537031,0.25306016206741333,-0.32767048478126526,0.08792801946401596,0.06829430907964706,0.0023533483035862446,0.0022957604378461838,0.0010898783802986145,3.26612003846094e-4,3.0266435351222754e-4,2.1977194410283118e-4,-2.894438221119344e-4,3.983233473263681e-4,AM7426
-0.0656607523560524,0.45196592807769775,-0.13394811749458313,0.02387801930308342,-0.3830036520957947,0.44005534052848816,-0.31260913610458374,0.020256282761693,0.24463708698749542,1.0663917064666748,-1.1020846366882324,0.17138603329658508,-0.351224422454834,0.36520153284072876,0.7375730872154236,-0.8430467247962952,-0.6673200130462646,-0.9232807755470276,0.779236912727356,0.1579834520816803,-0.031673919409513474,0.02545599266886711,-4.581109169521369e-5,0.0011914361966773868,1.2319153756834567e-4,2.9179922421462834e-4,-2.347095578443259e-4,-1.2732662435155362e-4,-2.81991611700505e-4,6.489230872830376e-5,AM7427
-0.22866591811180115,-0.2607385516166687,0.13926710188388824,-0.11323000490665436,-0.5852697491645813,-0.06446146965026855,0.45065802335739136,-0.5427847504615784,-0.412100613117218,-0.5204148888587952,-0.751045823097229,0.8458263278007507,-0.3444203734397888,-0.32423272728919983,-1.00551176071167,-0.6861661076545715,-0.7913222908973694,0.33013269305229187,-0.20952171087265015,0.930422842502594,-0.5473501682281494,-0.03448454290628433,-0.0027217010501772165,-5.717742606066167e-4,-0.0015227339463308454,-3.8259560824371874e-4,-7.979791262187064e-4,-6.429431377910078e-4,-1.2675013567786664e-4,-3.0565954511985183e-4,AM7492
-0.03679975867271423,-0.3521687686443329,-0.1068466380238533,-0.2237396091222763,-0.7313368916511536,0.8569861650466919,0.19216156005859375,0.3493003249168396,-1.2650295495986938,-0.6572393774986267,-1.1110546588897705,0.2192075252532959,-0.5743169784545898,-0.6104720234870911,-1.1225037574768066,-0.5972025990486145,-1.3730220794677734,1.1834911108016968,0.4749074876308441,0.6694662570953369,-0.377994179725647,0.19958515465259552,0.0034460171591490507,0.00798910204321146,0.0012338795932009816,4.475182213354856e-4,-5.05841220729053e-4,-4.2985728941857815e-4,-0.001267156796529889,0.0010631291661411524,AM7493
-0.03283676505088806,-0.4992060661315918,-0.1684863567352295,-0.37108010053634644,-0.4946158230304718,0.05918758362531662,-0.45318832993507385,0.6464467644691467,-1.5348528623580933,-0.3287163972854614,-0.0547141395509243,0.40921249985694885,-0.8606389760971069,0.5631626844406128,-0.7663658857345581,-1.7679463624954224,0.03309803083539009,0.5180853605270386,0.4620370864868164,0.3727470338344574,0.18922989070415497,0.23973272740840912,0.004258434753865004,0.009763219393789768,0.0022587915882468224,7.797027938067913e-4,-3.3023927244357765e-4,-2.0395622414071113e-4,-0.0012835597153753042,0.00144687679130584,AM7495
-0.043597638607025146,-0.5981454849243164,-0.5190759897232056,-0.399219810962677,-0.21769511699676514,0.41477492451667786,-0.2075471729040146,0.572675347328186,-1.1005313396453857,0.749373197555542,-0.40459707379341125,0.2261604219675064,-1.055214285850525,-0.9726381897926331,0.30389776825904846,-0.7813138961791992,0.7743021845817566,-0.27121758460998535,0.20667487382888794,-1.1957615613937378,-0.5079127550125122,-0.030160583555698395,0.0027634715661406517,-0.002653030911460519,7.311917725019157e-4,5.290378976496868e-5,0.0011548923794180155,7.304826867766678e-4,2.2429905948229134e-4,-3.574355214368552e-4,AM7589
-0.050196364521980286,-0.1254800260066986,-0.12848442792892456,-0.753935694694519,-0.3857479989528656,0.22660362720489502,0.7670100927352905,1.1882842779159546,-0.0015867723850533366,1.074769377708435,-0.9298955798149109,0.81537926197052,-0.033927612006664276,-0.02006709948182106,0.3444407880306244,-0.34364521503448486,0.7094309329986572,0.9371106028556824,-0.40153443813323975,-0.1633632481098175,0.635614275932312,0.06232935190200806,0.0015828941250219941,0.0024892219807952642,0.0010116759222000837,1.1088617611676455e-4,1.6733817756175995e-4,1.6796895943116397e-4,-4.4042437366442755e-5,5.780667415820062e-4,AM7591
-0.03561220318078995,-0.4940755367279053,-0.2634015381336212,-4.061999061377719e-5,-0.7156871557235718,-0.10583554208278656,-0.7458825707435608,0.803531289100647,-0.5270242094993591,1.3635071516036987,-0.3760563135147095,-0.33559513092041016,-0.27758821845054626,0.08700960874557495,0.2175990641117096,-0.05632568150758743,0.8286517262458801,0.5952255725860596,1.1115485429763794,-0.35916560888290405,-0.19793809950351715,0.1167636513710022,0.0038196661043912172,0.0038378348108381033,0.0015164013020694256,4.1479498031549156e-4,3.4176281769759953e-4,2.5871506659314036e-4,-6.476876442320645e-4,5.281266057863832e-4,AM7628
-0.023931637406349182,-0.40788722038269043,-0.09436597675085068,-0.5581839084625244,-0.6552742719650269,0.04752269387245178,-0.25618699193000793,0.582404613494873,-0.5972376465797424,0.26031777262687683,-1.2594802379608154,0.7713328003883362,-0.6237592697143555,0.08726902306079865,-0.45696982741355896,-0.3969029486179352,-0.19463010132312775,0.39613455533981323,-0.3170211911201477,-0.09075090289115906,-0.11153482645750046,-0.1764473021030426,-0.003541511483490467,-0.006928759627044201,-0.0019355297554284334,-7.452307036146522e-4,9.106635843636468e-5,3.9622005715500563e-05,9.357206290587783e-4,-0.0010575421620160341,AM7629
0.014775262214243412,-0.5082780718803406,-0.180526465177536,-0.19732829928398132,-0.6174798011779785,0.7856878042221069,-0.4499511420726776,0.13489358127117157,0.8710204362869263,0.757010817527771,-0.14985930919647217,0.3166128396987915,-1.3501032590866089,-0.44393327832221985,-0.06256767362356186,0.3463886082172394,0.8791561722755432,-0.8787891268730164,-0.0843043103814125,0.2376198172569275,-0.7701252102851868,0.192712664604187,0.003987818956375122,0.007409475278109312,0.0018106483621522784,7.386729121208191e-4,-1.2444429739844054e-4,-1.935702166520059e-4,-0.0012646294198930264,9.765478316694498e-4,AM7633
-0.01938329078257084,-0.10291720926761627,-0.260377436876297,-0.8019673824310303,-0.04638076573610306,-0.13357862830162048,1.0626486539840698,0.5079647302627563,0.7488794326782227,0.9310972690582275,-0.01765109784901142,0.8016769886016846,-0.586824357509613,-0.3955424427986145,0.5660640597343445,0.6217057108879089,0.6406240463256836,0.48276904225349426,-0.08878143876791,-0.16097477078437805,0.43560656905174255,0.14411328732967377,0.0034475771244615316,0.005508251953870058,0.001881311647593975,5.050901672802866e-4,1.6886346566025168e-4,1.6017862071748823e-4,-5.592562374658883e-4,9.850739734247327e-4,AM7634
