V1
0.42647647370801434
0.185576683984132
0.12155222709619504
0.06762413175231383
0.03249007784349686
0.024844025891450874
0.016265044579899617
0.013880374327026034
0.0110245593187436
0.009121177803259746
0.008037697310592073
0.00658731983148539
0.006162313432660393
0.005149464997333571
0.004731506021125868
0.0042971938083847345
0.003822994246374992
0.003269356329508974
0.003232139588028458
0.00268730079792364
0.002831931339492807
0.0021019433546536127
0.002084145862733859
0.002084092310635587
0.002083966924656786
0.002083880780244444
0.0020838361204832227
0.0020837477342550118
0.0020836804226371324
0.0020836441185698297
0.0020836227872079245
0.002083527662600265
