PEER1,PEER2,PEER3,PEER4,PEER5,PEER6,PEER7,PEER8,PEER9,PEER10,PEER11,PEER12,PEER13,PEER14,PEER15,PEER16,PEER17,PEER18,PEER19,PEER20,PEER21,PEER22,PEER23,PEER24,PEER25,PEER26,PEER27,Donor
-0.009062660858035088,0.08544421195983887,-0.20599175989627838,0.05354046821594238,0.08384541422128677,-0.0672183632850647,-0.16649995744228363,-0.04206052049994469,0.00796370580792427,-0.14841879904270172,0.0033898253459483385,0.048143818974494934,0.08240096271038055,-0.11647907644510269,-0.012205754406750202,-0.012157228775322437,-0.09640200436115265,0.02066696621477604,0.09871476143598557,0.054866671562194824,-0.004063958767801523,-0.009239021688699722,7.653436623513699e-4,-8.993526571430266e-4,-0.0048286691308021545,0.0010978723876178265,-0.0015785888535901904,AM7180
0.00917709432542324,0.08102890104055405,-0.08329249173402786,-0.08258719742298126,0.15807846188545227,-0.10261787474155426,-0.20173399150371552,0.07856052368879318,0.005062970332801342,-0.03147068992257118,0.20439930260181427,-0.04960662126541138,-0.08769047260284424,0.01651414856314659,-0.018677866086363792,-0.05288456007838249,-0.051906730979681015,-0.18114617466926575,0.11736053228378296,0.04732125997543335,-0.038784757256507874,-0.018734348937869072,-0.008657367900013924,0.002283653011545539,-0.0031262142583727837,0.004261189140379429,-0.0037003206089138985,AM7181
-0.001673058490268886,0.04765748605132103,-0.05219273269176483,-0.19408917427062988,0.11673979461193085,0.004389103502035141,-0.06793180853128433,0.09620083123445511,0.17994168400764465,-0.03690771013498306,0.24546097218990326,-0.10366741567850113,0.040491215884685516,-0.20965811610221863,-0.119615837931633,-0.03143377602100372,-0.10752008110284805,-0.05616772547364235,0.01313902996480465,-0.009426233358681202,0.027749255299568176,-0.027526620775461197,0.004437715280801058,-5.268894019536674e-4,-0.002301435684785247,0.0030042428988963366,8.714240975677967e-4,AM7182
0.05428462103009224,0.06922492384910583,-0.11784886568784714,0.00948493741452694,0.16442565619945526,-0.11830854415893555,-0.24891723692417145,-0.06169646605849266,-0.062349624931812286,-0.22248175740242004,0.05600811913609505,0.15587061643600464,0.008974685333669186,-0.09297581762075424,-0.010314934886991978,0.03418300673365593,0.07093240320682526,0.02759372629225254,0.11686521023511887,0.04985880106687546,-0.02026974782347679,-0.01518178079277277,-0.0060441079549491405,-3.8988966844044626e-4,-0.002378239994868636,-2.4195873993448913e-4,-0.0021183076314628124,AM7188
-0.045188698917627335,-0.16775263845920563,-0.051910195499658585,-0.03981562331318855,0.04918805509805679,-0.17583778500556946,-0.19619566202163696,-0.04709739610552788,-0.14019758999347687,-0.12253891676664352,0.04862342029809952,-0.13312450051307678,0.17574620246887207,-0.08661553263664246,-0.0777108445763588,-0.05381472408771515,0.11416278779506683,0.019619110971689224,0.14179107546806335,0.06435316801071167,-0.014141805469989777,-0.02657747082412243,-0.012852875515818596,0.004695262294262648,-0.002208764897659421,-9.425498428754508e-4,-0.0035217960830777884,AM7189
-0.025478100404143333,0.07001576572656631,0.14556218683719635,-0.1182028278708458,0.03997531905770302,0.1531311571598053,0.15850132703781128,0.01152113452553749,0.08068553358316422,-0.20181816816329956,0.2847423851490021,0.03234808146953583,0.11308946460485458,0.00819837860763073,0.034973204135894775,-0.28604012727737427,0.04006132110953331,-0.1001705452799797,0.20764076709747314,-0.028702743351459503,-0.009476026520133018,0.042518071830272675,7.640249095857143e-4,0.013482144102454185,0.001279930816963315,0.0022452089469879866,-0.0018312804168090224,AM7196
0.004576434381306171,0.10374485701322556,-0.14190568029880524,0.007886545732617378,0.13142865896224976,0.06118004396557808,-0.21662577986717224,-0.01082604005932808,-0.1165938451886177,-0.20314623415470123,-0.078724004328250885,0.06849199533462524,0.06931948661804199,-0.06069129705429077,0.059013545513153076,0.03688766434788704,-0.05969206988811493,0.10191953927278519,0.10131298750638962,0.017896750941872597,-0.1651211827993393,-0.08968404680490494,1.7554058285895735e-4,-0.016303053125739098,-0.009143305011093616,-0.0029197190888226032,3.177197650074959e-4,AM7197
0.10122089833021164,-0.11408550292253494,0.27775663137435913,-0.006428692489862442,0.035207346081733704,-0.07450055330991745,-0.1775495857000351,-0.23288823664188385,0.035764388740062714,-0.13579648733139038,0.04884424805641174,-0.09506454318761826,0.006465062964707613,-0.0778689906001091,-0.21306169033050537,0.12265694886445999,0.05139228701591492,0.0657387375831604,-0.08699467033147812,0.15636412799358368,-0.09926362335681915,0.07805591821670532,-0.004164302255958319,0.012051213532686234,-0.0018381448462605476,-0.0019027047092095017,-0.0029086056165397167,AM7203
-0.015014703385531902,0.1735554337501526,0.10922728478908539,-0.030897101387381554,0.0877067968249321,-0.009739174507558346,-0.010214947164058685,0.038020774722099304,-0.11290523409843445,0.16845843195915222,0.0014681179309263825,-0.1828208714723587,-0.20509016513824463,0.23294824361801147,0.006005106493830681,-0.13167589902877808,0.013646571896970272,0.05576657876372337,0.12958383560180664,0.0786014124751091,0.03750501573085785,-0.03192480280995369,-0.009643529541790485,4.505787219386548e-4,-0.004394251853227615,-0.003365315031260252,-0.004765884950757027,AM7204
0.006583265960216522,0.1595800369977951,0.06350626796483994,-0.03958279266953468,0.11895029991865158,-0.026610057801008224,-0.016438748687505722,-0.04556453227996826,-0.11378543078899384,0.11943551898002625,-0.01759333908557892,-0.20349420607089996,-0.27713724970817566,0.05157731845974922,-0.18729116022586823,-0.04095056653022766,0.03924708813428879,0.09636837244033813,0.020727137103676796,0.08502906560897827,-6.41018443275243e-4,-0.05297265946865082,-0.006999431177973747,-0.0014766249805688858,-0.004606043919920921,-0.004157367628067732,-0.0026277329307049513,AM7205
0.31236663460731506,-0.01670827530324459,-0.050632528960704803,-0.04306231439113617,-0.0453668013215065,0.0677788257598877,0.08985428512096405,0.11200425773859024,-0.190348282456398,-0.023159166797995567,0.033749666064977646,0.2429289072751999,0.016484146937727928,0.06435578316450119,0.12547184526920319,-0.0025161069352179766,-0.13217559456825256,-0.07654274255037308,0.09811624884605408,0.06973307579755783,0.11555452644824982,-0.0401742197573185,-0.01118601392954588,-0.002538855653256178,-0.005146837327629328,0.0031537513714283705,-0.004302292596548796,AM7208
0.3011155128479004,0.00227527879178524,0.026015562936663628,-0.03622815012931824,-0.10654779523611069,0.002019098959863186,0.008785119280219078,0.19878807663917542,-0.22721558809280396,0.02924620732665062,-0.028676342219114304,0.28711289167404175,0.06946185231208801,0.10777101665735245,0.2358904927968979,0.08022802323102951,0.092750445008277893,-0.059686943888664246,0.2793736159801483,0.10966247320175171,0.15264883637428284,-0.03469501808285713,-0.027123112231492996,-4.2482485878281295e-4,-0.002865535905584693,0.002835705177858472,-0.00849530752748251,AM7209
0.37483397126197815,-0.04322135075926781,-0.03169393911957741,-0.043352339416742325,0.011717337183654308,0.10331883281469345,0.07510832697153091,0.05042259022593498,-0.009619982913136482,-0.06983797252178192,0.08308126777410507,0.12235789746046066,-0.08611293882131577,0.08274147659540176,0.056671109050512314,0.084698386490345,-0.12650202214717865,0.04620509594678879,-0.10478635132312775,0.02810129150748253,0.06081625819206238,-0.04095058888196945,-0.0015503583708778024,-0.007943001575767994,-0.004278365056961775,-0.0014277214650064707,6.9744710344821215e-6,AM7211
0.36194294691085815,-0.05340093374252319,0.02539984881877899,0.04417891800403595,-0.13200631737709045,-0.1227690726518631,0.19881872832775116,0.04677789658308029,-0.1047639325261116,0.07333731651306152,0.08908526599407196,-0.15901701152324677,0.06909705698490143,-0.01453731581568718,-0.161771759390831,0.09280777722597122,0.05060813948512077,-0.006513908039778471,-0.12121055275201797,-0.04035297408699989,-0.07047434896230698,0.024002626538276672,0.0061529045924544334,2.6655950932763517e-4,0.00396002409979701,-2.4264455714728683e-4,0.002624203683808446,AM7213
0.2863662540912628,-0.10884645581245422,-0.2604369521141052,-0.028487781062722206,0.0011268887901678681,-0.13677963614463806,0.25089481472969055,-0.0021950677037239075,0.14766404032707214,0.08181314170360565,0.17851509153842926,-0.1422644704580307,-0.04894241318106651,-0.11235184967517853,-0.13108795881271362,0.0074980068020522594,-0.06897584348917007,-0.1824520081281662,-0.1760471761226654,0.02055952697992325,0.04033555090427399,-0.02134939655661583,-0.0028408910147845745,0.003361617913469672,0.0010455612791702151,0.004211912397295237,1.7233414109796286e-4,AM7214
0.37969592213630676,-0.08488738536834717,-0.03927428647875786,-0.020190244540572166,0.0419163703918457,-0.14399872720241547,0.13288423418998718,0.027512619271874428,-0.05722035840153694,0.03337349742650986,0.06805852055549622,-0.08010561019182205,-0.05118560791015625,0.08096154034137726,0.09859120845794678,0.13896699249744415,-0.046715185046195984,0.03143853694200516,-0.10809309780597687,-0.01982557401061058,-0.062121737748384476,-0.015817606821656227,0.004015030805021524,-0.010772624053061008,-0.0013925054809078574,-0.0013630726607516408,0.0017197952838614583,AM7215
0.3210107088088989,-0.03956208378076553,-0.04574860632419586,-0.020461414009332657,-0.13993515074253082,0.11111803352832794,0.15107311308383942,0.11820342391729355,-0.02715205028653145,-0.00970050971955061,0.05520730838179588,-0.06007198989391327,0.05798200145363808,0.07756303995847702,0.07587562501430511,0.042001333087682724,-0.14875160157680511,-0.008162906393408775,-0.03315087780356407,-0.014798381365835667,-0.0538146086037159,-0.026159126311540604,0.004690262023359537,-0.009412547573447227,-0.003843353595584631,1.41499302117154e-4,9.136057924479246e-4,AM7216
-0.05344217270612717,-0.1295565664768219,0.007477243896573782,-0.03287746384739876,-0.016274098306894302,-0.2546953856945038,-0.14361509680747986,-0.12093282490968704,0.013794904574751854,-0.08453603088855743,-0.03860725834965706,-0.01142029371112585,0.0215113777667284,0.07109098136425018,-0.12270119041204453,-0.028674058616161346,-0.00844653882086277,-0.031388647854328156,0.07543785870075226,0.15676313638687134,0.038821227848529816,-0.00535791739821434,-0.015897111967206,0.007821851409971714,-0.004004358779639006,3.4278480598004535e-5,-0.006305116228759289,AM7221
-0.046831294894218445,-0.13056902587413788,-0.026225998997688293,-0.07207559794187546,-0.011242080479860306,-0.26574358344078064,-0.12478656321763992,-0.18595319986343384,0.16208761930465698,-0.002196898451074958,-0.11464107036590576,-0.10042569786310196,-0.021285898983478546,0.06063646450638771,-0.029393622651696205,-0.15299519896507263,0.05107841268181801,-0.030247827991843224,0.004701783414930105,0.0950210839509964,0.07417748123407364,-0.039228931069374084,-0.014754265546798706,0.0064946990460157394,-0.0016048719407990575,-0.001630001119337976,-0.004083516076207161,AM7223
0.02582698129117489,-0.14209593832492828,-0.00995465274900198,0.09547682851552963,0.08638893067836761,0.10667881369590759,-0.06250865757465363,-0.30957338213920593,0.15229114890098572,0.22356440126895905,0.07961472123861313,-0.1637023687362671,0.0053530060686171055,-0.1707945317029953,0.21168406307697296,-0.10781794041395187,-0.05810767039656639,0.0723801776766777,0.2713382840156555,0.14233992993831635,0.16593000292778015,-0.00887099839746952,-0.010656668804585934,0.0036420978140085936,-0.007771400734782219,0.0018225443782284856,-0.0068496223539114,AM7224
0.02536958083510399,0.04498743265867233,0.11482959985733032,-0.13735847175121307,0.048390310257673264,-0.06820796430110931,0.12146487087011337,-0.07286489754915237,0.1332959681749344,0.07792763411998749,0.008768467232584953,-0.02256167121231556,0.13622801005840302,-0.23055633902549744,-0.038048893213272095,-0.04070563241839409,0.16911892592906952,0.13268062472343445,0.10069280862808228,0.03736788034439087,-0.06322310864925385,0.004241082351654768,-0.0013160150265321136,0.0040267654694616795,-9.690801380202174e-4,-0.0024171066470444202,-6.207990227267146e-4,AM7226
0.04379959776997566,-0.12833015620708466,0.16799741983413696,0.1703195422887802,0.11790309846401215,-0.07080522924661636,-0.12307975441217422,-0.20991575717926025,0.11341115087270737,0.40316927433013916,-0.020214220508933067,-0.05646233260631561,0.12328671663999557,-0.08831226080656052,0.30564868450164795,-0.13566212356090546,-0.21896979212760925,-0.04146270826458931,-0.042089659720659256,0.06066444516181946,0.10528980940580368,0.07344721257686615,0.0030021562706679106,0.010153505951166153,-0.002756519475951791,0.004244089592248201,-0.001878181123174727,AM7228
0.020677844062447548,0.09938447177410126,0.24869251251220703,-0.08836564421653748,0.03949044272303581,-0.12802262604236603,-0.0023250768426805735,0.08297180384397507,0.04373152181506157,-0.016607005149126053,0.23925918340682983,-0.047533679753541946,0.006634059827774763,-0.05893584340810776,0.045227400958538055,-0.02974305860698223,0.10190783441066742,0.026445819064974785,0.04537050426006317,-0.022077100351452827,-0.09768367558717728,-0.039496053010225296,-0.0014983878936618567,-0.0042905183508992195,-0.0017842967063188553,-0.001830924884416163,4.712110385298729e-4,AM7229
0.12300889939069748,0.05979092791676521,0.21625016629695892,-0.12832261621952057,0.14223743975162506,-0.17296676337718964,-0.01719731278717518,-0.02646913006901741,0.09514430910348892,0.11624719202518463,-0.08137830346822739,-0.13485187292099,0.1331845074892044,-0.11307411640882492,-0.07834765315055847,-0.09914682060480118,0.020439043641090393,-0.03424309939146042,0.0743664801120758,0.026645371690392494,-0.04025406390428543,0.005208741873502731,1.2703781249001622e-4,0.004719760734587908,-1.1342445941409096e-4,0.0013707611942663789,-0.0010892158607020974,AM7230
-0.011361522600054741,-0.06842497736215591,0.1948087364435196,0.19601692259311676,0.031245170161128044,-0.04488232731819153,-0.13958509266376495,-0.044887155294418335,-0.13502663373947144,0.4677519202232361,-0.2446395307779312,-0.09790969640016556,0.28390902280807495,-0.11091652512550354,0.13682252168655396,-0.17780965566635132,0.11779583990573883,0.14060984551906586,-0.12002666294574738,-0.041023071855306625,-0.09983976185321808,-0.10059534758329391,0.001025630161166191,-0.00924494955688715,-0.0018828322645276785,-0.0059082419611513615,0.0034993705339729786,AM7236
0.004127612803131342,0.030673906207084656,0.14179912209510803,-0.05484354868531227,-0.0026052510365843773,-0.07977964729070663,0.16353540122509003,-0.1007864698767662,0.013418177142739296,0.16899804770946503,-0.0973847359418869,-0.0450936034321785,0.3892095685005188,-0.08702370524406433,-0.07366661727428436,0.05059880390763283,0.03689783066511154,-0.2529710829257965,0.06112505495548248,0.035789843648672104,0.08908041566610336,0.0017267168732360005,-0.013044124469161034,0.006195394787937403,0.005121572408825159,0.008148844353854656,-0.0033770285081118345,AM7237
0.06758663058280945,0.09689370542764664,-0.06430236995220184,-0.053396835923194885,0.19522365927696228,-0.1826774924993515,-0.23507282137870789,-0.12897972762584686,0.014696101658046246,0.09041659533977509,-0.11411991715431213,0.043269481509923935,-0.15949776768684387,-0.0023085002321749926,0.10611102730035782,0.014272917993366718,0.14770746231079102,0.00318132434040308,-0.016368668526411057,-0.021276108920574188,-0.03624134138226509,-0.013655333779752254,-0.00479717506095767,-0.0012290355516597629,0.002066916087642312,-0.0013138510985299945,5.955983069725335e-4,AM7241
0.10332972556352615,0.09617801755666733,-0.10218136757612228,-0.04138948395848274,0.17722316086292267,0.13065415620803833,-0.159415602684021,-0.20744703710079193,0.05067151412367821,-0.15461300313472748,-0.13109736144542694,0.0698588639497757,-0.017853252589702606,-0.11247021704912186,0.09591051936149597,-0.036241523921489716,0.058797888457775116,-0.05310447886586189,-0.08065243810415268,-0.05131516978144646,-0.01846456155180931,-0.02718910202383995,4.008268879260868e-4,-0.0021276255138218403,0.0021346863359212875,2.833001490216702e-4,0.0025939843617379665,AM7242
0.02040228247642517,-0.15842820703983307,0.04893401637673378,-0.008212937042117119,0.02658485248684883,0.2574722468852997,-0.022156348451972008,-0.28823351860046387,-0.057579975575208664,-0.1394786387681961,0.0928291529417038,-0.07059187442064285,-0.07050564140081406,-0.31442850828170776,-0.05396537110209465,-0.06635594367980957,0.21732793748378754,-0.09202422201633453,-0.07305056601762772,0.05972123518586159,-0.12047183513641357,-0.052566047757864,-0.009266702458262444,0.0031222228426486254,-6.086601642891765e-4,-1.0880170884774998e-4,-5.903445417061448e-4,AM7243
0.0741899162530899,0.14249686896800995,0.07775656878948212,-0.10673283040523529,0.13286878168582916,0.11445212364196777,-0.09648511558771133,-0.050287045538425446,0.0822262242436409,0.09552212804555893,-0.12700355052947998,-0.09930719435214996,-0.0903557538986206,0.04366062581539154,-0.10010209679603577,-0.2659408450126648,0.038022007793188095,0.0682821124792099,-0.06418529152870178,0.027313966304063797,-0.033793698996305466,0.02038896083831787,0.0019985134713351727,0.012189319357275963,-2.494757354725152e-4,-0.004363042302429676,1.2046404299326241e-4,AM7255
0.10463748872280121,0.0904793068766594,-0.08002380281686783,0.024950221180915833,0.1387476623058319,0.15229661762714386,-0.07805851101875305,-0.2877829968929291,0.060757625848054886,-0.18606741726398468,-0.20196467638015747,0.14313682913780212,-0.023896533995866776,-0.015471908263862133,0.1143546849489212,-0.0023396897595375776,0.057358268648386,0.043164342641830444,-0.026794293895363808,0.008079199120402336,-0.030911153182387352,-0.05847855657339096,-0.0034359556157141924,-0.0076811667531728745,-0.001992953708395362,-0.0026510755997151136,7.402425399050117e-4,AM7256
-0.0642598420381546,-0.1684725284576416,-0.08513528108596802,-0.10141397267580032,0.043295856565237045,-0.05684064328670502,-0.10656487941741943,-0.0399850569665432,0.06517846882343292,-0.34124985337257385,0.23688791692256927,-0.11026019603013992,-0.058398954570293427,0.07994619011878967,-0.18947629630565643,-0.12222623080015182,-0.06196865439414978,-0.12811927497386932,-0.1130472719669342,-0.06615117937326431,0.29816263914108276,-0.028879867866635323,-0.001963044283911586,0.00603561382740736,0.006392445880919695,0.0017800620989874005,9.822605643421412e-4,AM7260
0.040583349764347076,-0.10161518305540085,0.015182540751993656,0.09841351956129074,0.28435227274894714,0.32470324635505676,-0.07757168263196945,0.25085321068763733,0.43932121992111206,-0.10565212368965149,-0.09359284490346909,0.03312685340642929,0.10870877653360367,0.5626550912857056,-0.29917773604393005,-0.07938669621944427,0.20705457031726837,0.09829835593700409,0.12183685600757599,-0.10740860551595688,0.07065505534410477,-0.1180594265460968,-0.005074528977274895,-0.011870937421917915,0.00573198776692152,-0.008277232758700848,0.0011912597110494971,AM7261
0.006064082030206919,-0.08595508337020874,0.12292952835559845,-0.06846488267183304,-0.07885612547397614,-0.0359095074236393,-0.09648483246564865,-0.06144995242357254,0.06186222657561302,-0.17936953902244568,-0.10018382966518402,-0.10502663254737854,0.014002413488924503,0.40007835626602173,-0.0816437155008316,0.05215476453304291,0.26940831542015076,0.07112553715705872,-3.991979465354234e-4,-0.07703880220651627,-0.06462306529283524,-0.1112540140748024,-0.01100479532033205,-0.014209501445293427,0.003719417843967676,-0.008077898994088173,0.0013766235206276178,AM7266
-0.018745549023151398,-0.0899418517947197,0.10684496909379959,-0.03693410009145737,-0.14922726154327393,-0.035111263394355774,-0.1434338390827179,-0.04398752376437187,0.1768151968717575,-0.082633838057518,-0.1528150886297226,-0.005621808581054211,0.0634036734700203,0.25263920426368713,-0.11781735718250275,-0.2337169647216797,-0.1387745589017868,-0.22906656563282013,0.007246906403452158,-0.007849927060306072,0.26668670773506165,0.06359007209539413,-0.0033193142153322697,0.01878783479332924,0.007601656019687653,0.00530653540045023,-0.002632664516568184,AM7269
-0.010803104378283024,-0.15447640419006348,-0.009234529919922352,0.09278925508260727,0.05618571490049362,-0.040887150913476944,-0.14264845848083496,-0.12296253442764282,-0.1785794049501419,0.08371344208717346,0.211790069937706,-0.14579100906848907,0.07780463248491287,-0.006924217101186514,0.011107978411018848,-0.004936551675200462,0.23833192884922028,0.10666894167661667,0.07822303473949432,-0.15376222133636475,0.1988115906715393,0.018824607133865356,0.002703713020309806,0.002509511774405837,0.010496094822883606,-0.0016269157640635967,0.0031950846314430237,AM7270
0.057156194001436234,0.10688301920890808,0.15957503020763397,-0.0688987672328949,0.2610393762588501,-0.11265576630830765,0.032066710293293,-0.08641453087329865,-0.2524881064891815,0.06200572848320007,-0.04610707238316536,-0.15266966819763184,-0.22666868567466736,0.10513106733560562,-0.11536002904176712,-0.05365217104554176,-0.0027091505471616983,0.14229361712932587,-0.06667675822973251,-0.1355775147676468,-0.060151107609272,-0.011335783638060093,0.018815435469150543,-0.007943571545183659,0.002254562685266137,-0.0047200447879731655,0.006173248868435621,AM7272
0.006012332625687122,0.13852690160274506,0.15859559178352356,-0.05768750607967377,0.12239588797092438,0.10329107195138931,0.2881943881511688,-0.16158027946949005,-0.24957890808582306,-0.045101795345544815,0.11082056909799576,-0.1248539388179779,-0.12321028858423233,0.23883375525474548,0.04034171625971794,-0.25624433159828186,0.11160462349653244,0.044350218027830124,0.045323245227336884,-0.1359255611896515,0.11348157376050949,0.1379731297492981,0.014452379196882248,0.019136300310492516,0.01100120972841978,-0.0018853769870474935,0.0026539473328739405,AM7273
0.0167545173317194,-0.0492384098470211,0.08988883346319199,0.20695094764232635,0.12813715636730194,0.08497689664363861,-0.0448620580136776,0.388430118560791,0.2761431336402893,-0.319747656583786,-0.17721150815486908,-0.2657458782196045,-0.12072189897298813,-0.2230127602815628,0.10543951392173767,-0.26304033398628235,0.06730860471725464,0.007408351171761751,-0.30514177680015564,-0.11709781736135483,0.37440651655197144,0.13040578365325928,0.005798260681331158,0.03192796930670738,0.01389369834214449,-8.328821277245879e-4,0.004562685266137123,AM7277
-0.024656569585204124,-0.11161230504512787,0.21466709673404694,0.14978501200675964,-0.07308851927518845,-0.054534055292606354,-0.16079594194889069,-0.08201902359724045,0.07607364654541016,0.08927299827337265,-0.012375221587717533,0.032193344086408615,-0.21385233104228973,0.025980165228247643,0.2001085728406906,0.17728929221630096,-0.24563726782798767,-0.023236865177750587,-0.14668819308280945,0.19694793224334717,0.04390925168991089,-0.0555141344666481,-0.012386160902678967,-0.01002840418368578,-0.011676115915179253,7.639579707756639e-4,-0.005028792656958103,AM7278
-0.07871662080287933,-0.09620219469070435,0.048809729516506195,0.28988075256347656,0.10635492950677872,0.02973196841776371,0.14652889966964722,0.2093583196401596,0.24866028130054474,0.13150906562805176,0.21061952412128448,0.34309712052345276,-0.23691874742507935,0.13476166129112244,-0.17764653265476227,-0.008509623818099499,0.01119343750178814,0.026219375431537628,0.003813062561675906,0.04718205705285072,-0.08830799907445908,-0.25689348578453064,-0.01614195853471756,-0.026016615331172943,-0.011700797826051712,-0.004824663512408733,-0.001367826946079731,AM7280
-0.10510668903589249,-0.0645848885178566,-0.03395240753889084,0.2275511771440506,0.21984896063804626,-0.11384250968694687,0.1554499864578247,0.5143337845802307,-0.30851835012435913,-0.3781675696372986,-0.24272572994232178,-0.24051238596439362,0.2013920098543167,0.06798768043518066,0.48253482580184937,-0.06674881279468536,0.28689607977867126,-0.19688694179058075,-0.15019507706165314,0.47165384888648987,-0.14697101712226868,-0.02883032336831093,-0.04429665580391884,0.010925198905169964,-0.008992942050099373,-0.004461077041924,-0.016411833465099335,AM7283
-0.08592738211154938,0.13484621047973633,0.22462154924869537,-0.08607024699449539,0.003632522188127041,-0.04607447609305382,0.07479682564735413,0.1948969066143036,-0.22984443604946136,-0.1274503916501999,0.2332221418619156,0.1320120096206665,0.05409577861428261,-0.023498449474573135,0.21520958840847015,-0.10709761083126068,0.03520022705197334,0.10103660821914673,-0.06490098685026169,-0.03559192270040512,-0.16688182950019836,-0.06742340326309204,0.0012439255369827151,-0.008622805587947369,-0.006072428543120623,-0.005299557466059923,0.002257532672956586,AM7284
0.02025824971497059,0.17812293767929077,0.12929117679595947,0.15259957313537598,-0.12310468405485153,0.13301151990890503,-0.12285808473825455,0.021510770544409752,-0.19802194833755493,-0.2861758768558502,0.22661839425563812,0.3489437997341156,0.04284502565860748,-0.0491553358733654,-0.03284277766942978,-0.014620346948504448,0.1217435747385025,-0.13069477677345276,-0.31364110112190247,-0.17866618931293488,0.11106345802545547,0.010678774677217007,0.0029819426126778126,0.006833880208432674,0.012102716602385044,0.001319759408943355,0.006869058590382338,AM7285
-0.005286396015435457,-0.1223374754190445,-0.037079136818647385,0.20090290904045105,0.3431345820426941,-0.10177113860845566,0.043010860681533813,0.12980623543262482,0.030655091628432274,0.05839192867279053,0.1260090172290802,0.10463298857212067,0.15051889419555664,0.13927894830703735,-0.3234870135784149,0.18736952543258667,-0.10010553151369095,-0.0417492538690567,0.21001125872135162,-0.03825344517827034,-0.03991406410932541,0.043387942016124725,0.005589789245277643,-0.0033566534984856844,0.0018000513082370162,0.004746007267385721,-6.882307934574783e-4,AM7294
-0.014518381096422672,0.015313069336116314,0.15493057668209076,0.2746081054210663,0.0235742274671793,0.06642763316631317,0.25977903604507446,0.2595905661582947,-0.006253818515688181,-0.24866770207881927,-0.5667133331298828,-0.46803563833236694,-0.4125332236289978,-0.4271617531776428,-0.06588970869779587,0.40962252020835876,-0.010076003149151802,-0.05835840478539467,0.31165173649787903,-0.2304854542016983,0.07384618371725082,-0.030870137736201286,0.008943619206547737,-0.023069649934768677,0.006090174894779921,0.008879792876541615,0.004730909131467342,AM7295
-0.13221760094165802,-0.15677300095558167,0.042025621980428696,0.0767771378159523,-0.10213615745306015,0.02238803170621395,-0.03684825822710991,-0.08241445571184158,-0.1684383898973465,-0.24204348027706146,0.5134216547012329,0.07427306473255157,-0.20871992409229279,-0.33488747477531433,-0.03818893060088158,0.017492689192295074,0.0422184057533741,-0.14645369350910187,0.047714799642562866,0.05109238997101784,-0.0022739858832210302,0.0045115044340491295,-0.0032988933380693197,0.0052131228148937225,-0.001596897840499878,0.005259077064692974,-0.0020397603511810303,AM7302
-0.08443281054496765,0.0072660185396671295,0.18109695613384247,-0.06678131967782974,-0.14544163644313812,-0.12518388032913208,0.05237878859043121,0.15191377699375153,0.16238188743591309,-0.08581684529781342,0.02937512844800949,0.22582590579986572,0.07274112850427628,-0.2423420548439026,-0.1476028859615326,0.008982566185295582,-0.07023313641548157,0.38569557666778564,0.035069916397333145,0.012721957638859749,0.10949455946683884,-0.1201503574848175,0.004833050537854433,-0.014903959818184376,-0.009017305448651314,-0.007555528078228235,0.0022047157399356365,AM7303
-0.05854010581970215,0.08485536277294159,0.21167118847370148,-0.11529714614152908,-0.03837934881448746,0.029418567195534706,0.005932280793786049,0.22524826228618622,0.11853095889091492,-0.1768539398908615,0.2631711959838867,0.16951221227645874,0.0473797544836998,-0.24131271243095398,0.177680104970932,-0.21207255125045776,-0.298212468624115,0.12391342222690582,0.19541281461715698,-0.08244041353464127,-0.06006002053618431,-0.02626187354326248,0.02351672574877739,-0.00938174407929182,-0.010150372050702572,6.328510353341699e-4,0.003512031165882945,AM7304
0.031584545969963074,-0.08045127987861633,0.05203341692686081,-0.2063940465450287,0.2250908762216568,-0.0032765804789960384,-0.04226832836866379,-0.15809865295886993,-0.09262120723724365,-0.175759956240654,-0.2939879894256592,-0.024122243747115135,0.29675596952438354,-0.17948618531227112,-0.20409204065799713,-0.05788670852780342,-0.24589239060878754,0.010762536898255348,-0.18106521666049957,-0.11801046133041382,-0.11129917949438095,-0.05070985481142998,0.024168239906430244,-0.010881532914936543,-0.0012313037877902389,3.453245444688946e-4,0.00846821442246437,AM7312
-0.09125625342130661,-0.081890769302845,-0.040704019367694855,0.2688099443912506,0.26291078329086304,-0.28931617736816406,0.147807776927948,0.27986764907836914,-0.11313223838806152,0.05621400475502014,-0.10093996673822403,0.24510593712329865,0.008629272691905499,-0.07215351611375809,-0.12742233276367188,0.008807968348264694,-0.27675768733024597,-0.03488583117723465,-0.02515597455203533,-0.06350739300251007,0.011410975828766823,0.10682069510221481,0.026344217360019684,0.0050885980017483234,0.0023062515538185835,0.0054889884777367115,0.0037664519622921944,AM7313
-0.07249779254198074,-0.07761669158935547,0.01580081507563591,0.2599811553955078,0.13758882880210876,0.3014861047267914,0.2670331299304962,-0.07128603756427765,0.1843547821044922,0.23651093244552612,0.07135564088821411,0.38326552510261536,-0.03688715025782585,0.008987106382846832,-0.26987388730049133,-0.05570885166525841,0.3011879324913025,-0.005141495261341333,-0.11418631672859192,0.20927272737026215,-0.06046551465988159,0.02852693945169449,-0.028179965913295746,0.024266868829727173,8.693560084793717e-5,-0.0030124394688755274,-0.006583937909454107,AM7318
0.0042968932539224625,0.15898631513118744,-0.0977557897567749,0.15935280919075012,-0.045117054134607315,0.1300250142812729,0.16649988293647766,-0.3258528709411621,-0.11721453815698624,-0.08409509062767029,-0.22771066427230835,0.11818920075893402,0.1301143914461136,-0.02199029177427292,0.029491491615772247,-0.002456484129652381,-0.0355081669986248,0.0784914419054985,0.10050660371780396,0.10346778482198715,0.10784678161144257,0.04195568710565567,-0.002843498717993498,0.006272533908486366,-0.0017085521249100566,2.278609899803996e-4,-0.0035038073547184467,AM7319
-0.03274599835276604,-0.14791133999824524,-0.10012597590684891,0.10098389536142349,0.4526575207710266,0.10532279312610626,0.04333600774407387,0.005256072152405977,-0.03451237827539444,0.07029280066490173,-0.009193379431962967,0.1956671178340912,0.24916177988052368,0.04428180679678917,-0.028236428275704384,0.0532490536570549,-0.2939504086971283,0.032990626990795135,0.08664286136627197,-0.07672080397605896,-0.2058386206626892,0.2418118417263031,0.030793562531471252,0.015870869159698486,0.0013688415056094527,0.0053150285966694355,0.003965078853070736,AM7320
-0.1305864304304123,-0.1497199535369873,-0.11312542110681534,0.16074107587337494,0.13567496836185455,0.12066705524921417,0.09497867524623871,-0.21847864985466003,-0.18161065876483917,0.1381535679101944,0.2674468159675598,0.019508587196469307,-0.28491833806037903,0.014846495352685452,0.2445075958967209,0.051591359078884125,-0.11708015948534012,0.16165339946746826,0.08730722963809967,-0.19192996621131897,-0.0021270534489303827,-0.03398348018527031,0.020421065390110016,-0.02015995979309082,-0.0024618003517389297,-0.001135521219111979,0.006538990419358015,AM7321
-0.05560248717665672,0.14930902421474457,0.01936156302690506,-0.11949827522039413,0.024044765159487724,0.2712046802043915,-0.04567856341600418,0.18792708218097687,-0.007180488668382168,0.06782348453998566,0.14565567672252655,-0.17611566185951233,0.07948724180459976,0.11653721332550049,-0.01901172660291195,0.07157645374536514,-0.2339649498462677,-0.12936340272426605,-0.08478996157646179,-0.007222854997962713,-0.06221573054790497,0.10547391325235367,0.014333805069327354,0.004618469625711441,0.0012008966878056526,0.0045803082175552845,8.7968964362517e-4,AM7323
-0.049431685358285904,0.0495290569961071,0.11448829621076584,-0.04997972771525383,-0.13850505650043488,0.1197914108633995,0.19784744083881378,-0.014319764450192451,-0.0054621207527816296,0.17498867213726044,-0.19184798002243042,9.980974718928337e-4,0.3659343421459198,-0.05055299028754234,-0.120602086186409,-0.03328775614500046,-0.015494775027036667,-0.2905818223953247,0.01536639966070652,-0.12048584967851639,-0.05219816789031029,-0.015799198299646378,0.0027698539197444916,-3.888788924086839e-4,0.007361400406807661,0.008143293671309948,0.0028152393642812967,AM7325
-0.10185210406780243,0.05763835832476616,0.01763884909451008,-0.16595301032066345,0.17554661631584167,-0.12285923212766647,0.23618707060813904,-0.06665340811014175,-0.15819048881530762,0.023733505979180336,0.07434414327144623,0.08508214354515076,0.10727574676275253,0.022935431450605392,0.05227183550596237,0.22288548946380615,0.15823587775230408,0.19322241842746735,0.043912217020988464,0.009664029814302921,0.1434675008058548,0.10782567411661148,3.4352921647951007e-4,0.007186725735664368,0.006070542149245739,-0.0018339130328968167,-6.723799160681665e-4,AM7327
-0.09541989862918854,0.16855159401893616,-0.03690831735730171,-0.04737839475274086,-0.10139916837215424,0.03450724855065346,-0.09339737892150879,0.21721281111240387,-0.1500946581363678,0.27208200097084045,0.013148468919098377,-0.20013391971588135,0.046308483928442,0.07975877821445465,-0.2689518928527832,0.1275329440832138,0.01066943071782589,0.10812371969223022,0.018256984651088715,0.1608070582151413,0.048615142703056335,0.04030337929725647,-0.00861991848796606,0.007528975140303373,-0.002196969697251916,-0.0020726548973470926,-0.005254671443253756,AM7328
-0.04638103395700455,0.1552121490240097,-0.09275319427251816,0.059093963354825974,-0.171539306640625,0.056275468319654465,-0.29745522141456604,0.2005932331085205,-0.0895436555147171,-0.02147354744374752,-0.02249125763773918,0.09853562712669373,0.23902244865894318,0.01601111702620983,-0.009159887209534645,0.231357142329216,0.1038074940443039,0.09582730382680893,0.08006460219621658,-0.030795736238360405,-0.019000191241502762,0.036728955805301666,0.001069132937118411,-0.004019439686089754,0.003484774148091674,-7.042959332466125e-4,6.785420700907707e-4,AM7329
-0.11789426952600479,-0.07986649125814438,0.1118304431438446,0.10155212879180908,-0.10934209823608398,0.1413215845823288,0.021512793377041817,-0.16785430908203125,-0.384321928024292,0.10378604382276535,0.10120927542448044,-0.21189787983894348,0.1613321602344513,0.24283935129642487,0.07946529984474182,0.28086569905281067,-0.19807486236095428,0.020836278796195984,0.09341757744550705,0.0049260579980909824,0.24857506155967712,-0.18570736050605774,-0.01370724756270647,-0.03075891174376011,-0.007116114255040884,8.470806642435491e-4,-0.002169744111597538,AM7332
-0.0986851304769516,0.15709614753723145,-0.13427066802978516,-0.029876550659537315,0.045882802456617355,0.05881018564105034,0.08361413329839706,-0.03471101075410843,-0.18594540655612946,0.15360349416732788,0.07728376239538193,-0.14888137578964233,-0.12555323541164398,-0.08025666326284409,-0.3284705579280853,0.08951357007026672,-0.1048528254032135,-0.01689046062529087,-0.10272399336099625,0.17185895144939423,0.08638998121023178,0.04441118240356445,-0.0044220853596925735,0.011007508262991905,-0.0024739440996199846,0.0018671874422580004,-0.004251810256391764,AM7333
-0.005991592071950436,0.1860160380601883,-0.0693880096077919,0.11900695413351059,-0.1368636190891266,0.13824380934238434,-0.09998228400945663,-0.055780474096536636,-0.23188138008117676,-0.10146849602460861,-0.07096116244792938,0.08826618641614914,0.2628539204597473,0.03514866158366203,-0.15305307507514954,0.19702836871147156,0.11385001242160797,0.1251056045293808,-0.05622019246220589,0.025566119700670242,0.19958564639091492,0.03306686133146286,-0.005913347005844116,0.004411686677485704,0.006012622267007828,-0.0019952578004449606,-0.00054244964849203825,AM7334
-0.12092683464288712,-0.07847630232572556,-0.10260997712612152,-0.16065995395183563,0.06357599049806595,-0.18274560570716858,0.041003577411174774,-0.02365582063794136,0.07507336139678955,-0.11534396559000015,-0.024852825328707695,0.023481478914618492,0.0415688157081604,-0.020044919103384018,0.07693297415971756,0.2579793632030487,0.010069474577903748,-0.044663190841674805,-0.09527485072612762,-0.050798557698726654,0.15728232264518738,-0.06546119600534439,-0.008271591737866402,-0.012920974753797054,0.0030763279646635056,0.0019129413412883878,0.0013129041763022542,AM7336
-0.11490605771541595,-0.02133934386074543,-0.13979484140872955,-0.20437128841876984,0.07940277457237244,-0.15949517488479614,0.17028014361858368,-0.04890020936727524,0.12629956007003784,0.042839184403419495,0.0844925120472908,0.019991019740700722,0.04190614074468613,-0.05437980592250824,0.1647719293832779,0.1652814894914627,0.05058770999312401,-0.015440837480127811,-0.10471729189157486,-0.030738141387701035,0.13112664222717285,0.04969427362084389,-0.0027768518775701523,0.0028556212782859802,0.005503527354449034,0.002123407553881407,8.346352260559797e-4,AM7337
-0.058366741985082626,0.166190966963768,0.013479715213179588,-0.0189405158162117,0.021358340978622437,-0.0998140498995781,-0.03338277339935303,0.05804692581295967,-0.21630065143108368,0.27024805545806885,-0.013262827880680561,-0.008292414247989655,-0.1913386732339859,-0.09708423912525177,-0.0868670642375946,0.1297350823879242,0.006308991461992264,-0.26096659898757935,-0.24311935901641846,-0.09243438392877579,-0.10303927212953568,-0.07277441769838333,3.647086850833148e-4,-0.010907531715929508,0.0040434873662889,0.005234046373516321,0.004293688572943211,AM7343
-0.1246551051735878,0.007448745425790548,-0.08405787497758865,-0.18252556025981903,0.014584527350962162,-0.098917156457901,0.18034036457538605,0.1131206750869751,0.06544896960258484,0.022792108356952667,0.0645436942577362,0.09578295052051544,0.2103760540485382,-0.1680612415075302,-0.07645177096128464,0.1622793972492218,0.11679134517908096,-0.0753188356757164,-0.06949521601200104,0.030422141775488853,0.011027398519217968,-0.0965694785118103,-0.01631527580320835,-0.007204865571111441,-2.5608352734707296e-4,0.0015239119529724121,-9.101241012103856e-4,AM7344
-0.0067822812125086784,-0.14994069933891296,0.08488932996988297,-0.06862282752990723,-0.16345417499542236,0.2964193820953369,-0.36072972416877747,0.055769335478544235,-0.07563594728708267,-0.050417304039001465,0.14625284075737,-0.2606916129589081,0.24862077832221985,0.04370264708995819,-0.03505759686231613,0.3425312340259552,0.15524041652679443,-0.17256580293178558,-0.04621453210711479,-0.013144919648766518,-0.10358332842588425,0.09111625701189041,-0.0035464558750391006,0.003638725494965911,0.008550777100026608,0.0043573323637247086,-2.850229066098109e-5,AM7345
-0.055873479694128036,-0.07965395599603653,0.04078589007258415,0.13226471841335297,-0.025140179321169853,0.37193337082862854,-0.16632424294948578,0.10769176483154297,0.0907285064458847,0.294815331697464,0.16576895117759705,-0.04763326048851013,0.2756909728050232,-0.14588415622711182,0.1815638691186905,0.03999662399291992,-0.08825232833623886,0.07104002684354782,-0.2734794318675995,-0.13576002418994904,0.051075659692287445,-0.020304709672927856,0.010930387303233147,-0.007549758069217205,0.002158066025003791,-7.368634105660021e-4,0.007084808312356472,AM7346
-0.023655839264392853,0.15222780406475067,-0.10411540418863297,-0.1016901358962059,0.10770483314990997,0.2591679096221924,-0.05789012089371681,-0.06463166326284409,0.04375997930765152,0.03114548698067665,-0.08104962855577469,-0.1587037891149521,-0.2042388617992401,0.01868904009461403,0.004720799624919891,0.10795178264379501,-0.05266893282532692,0.007564860861748457,-0.018578877672553062,0.08347555994987488,-0.10909606516361237,-0.007192432880401611,-0.0014067660085856915,-0.005825537256896496,-0.005083003547042608,-7.700435817241669e-4,-0.001746844733133912,AM7353
-0.1237659752368927,0.05035320669412613,-0.1762150377035141,-0.18984101712703705,0.10351819545030594,-0.012137901969254017,0.05289613455533981,0.08279206603765488,0.11804916709661484,0.10162314027547836,0.05442708358168602,-0.11126472800970078,-0.052474893629550934,0.16654105484485626,0.21997962892055511,0.04983470216393471,0.050979893654584885,-0.00643360847607255,-0.07618909329175949,0.024709567427635193,-0.09770825505256653,-0.02366045117378235,-0.009583301842212677,-0.004617312457412481,-0.0025893528945744038,-0.0026502679102122784,-0.0011833908502012491,AM7354
0.05964502692222595,0.15433436632156372,0.07910314202308655,0.09647194296121597,-0.12478144466876984,-0.1448206901550293,-0.32771748304367065,0.03155329450964928,0.24002021551132202,-0.018302712589502335,-0.09036162495613098,0.1994701325893402,-0.18495751917362213,0.060373060405254364,0.1452842801809311,0.07359226047992706,-0.017816947773098946,0.11829626560211182,0.06519582867622375,-0.08038691431283951,0.04614175483584404,0.06092172861099243,0.01178043894469738,-0.002329001436010003,0.0028495427686721087,-9.261586819775403e-4,0.002603722270578146,AM7356
0.015474739484488964,-0.06482566148042679,0.31234613060951233,0.026372155174613,-0.2233874499797821,-0.2012563794851303,-0.17550994455814362,0.05966775491833687,0.34063711762428284,-0.12472986429929733,0.0708000585436821,0.1247553899884224,-0.17976710200309753,0.17044749855995178,0.1453632414340973,0.3898545801639557,-0.08242002874612808,0.07299502938985825,0.021383317187428474,0.009690340608358383,-0.2727634608745575,0.19350489974021912,0.020058318972587585,-0.0015209873672574759,6.374198710545897e-4,7.859222241677344e-4,0.0013363827019929886,AM7359
-0.11148906499147415,-0.037762030959129333,0.09286301583051682,-0.04264330118894577,-0.11070793867111206,0.0230531208217144,0.270952969789505,-0.2524242401123047,-0.08308254927396774,-0.16722756624221802,-0.14532308280467987,0.06416849046945572,-0.03420688584446907,0.2902607321739197,0.11010517179965973,0.0939803346991539,-0.06472723186016083,-0.23377619683742523,0.08208221942186356,-0.03460726886987686,-0.006375077646225691,0.057709451764822006,-0.002890470903366804,0.001399934059008956,0.004493811633437872,0.006073395721614361,-0.001564664184115827,AM7361
-0.18108335137367249,-0.1171189472079277,-0.09411364793777466,-0.08892405033111572,-0.03239310160279274,0.006385049317032099,0.07064232975244522,-0.13954827189445496,0.010690650902688503,-0.06628303974866867,-0.20340444147586823,0.044948920607566833,-0.1393870860338211,0.36118602752685547,0.3235810399055481,-0.022031115368008614,-0.16214272379875183,-0.07421084493398666,-0.2797069251537323,-0.19372577965259552,-0.08535933494567871,-0.04420459643006325,0.014911659061908722,-0.017943058162927628,0.0025373208336532116,-0.0020454858895391226,0.00792840775102377,AM7362
-0.0544879250228405,0.12098129093647003,-0.10789046436548233,-0.10944271832704544,0.0422675721347332,0.061288077384233475,-0.20045168697834015,0.22229808568954468,0.20167915523052216,0.09094047546386719,0.13406403362751007,-0.20509073138237,-0.10776101052761078,0.05739655718207359,0.053561028093099594,0.04451373219490051,-0.1835079938173294,-0.006824012380093336,0.011499058455228806,0.11675196141004562,0.047241635620594025,-0.048268161714076996,-0.008304557763040066,-0.0060438052751123905,-0.008693109266459942,9.566945664118975e-5,-0.004295031074434519,AM7365
-0.03480406478047371,-0.04158024489879608,0.007798993494361639,-0.18335440754890442,0.004342920146882534,0.037765998393297195,0.08859126269817352,-0.11852748692035675,0.18620605766773224,-0.061777275055646896,-0.29794052243232727,0.03993876278400421,0.21081656217575073,-0.09475624561309814,0.04001573473215103,0.05493097007274628,-0.1663232147693634,-0.05317680165171623,-0.010796167887747288,-0.09443606436252594,-0.11941587924957275,-0.11877907812595367,0.006578740198165178,-0.02236844226717949,-0.004203407559543848,0.0019128196872770786,0.00449352664873004,AM7372
-0.0015421833377331495,0.10343813896179199,-0.031889237463474274,0.2206774652004242,-0.2440512776374817,-0.01754147931933403,0.2756395936012268,-0.15010994672775269,0.06960732489824295,-0.12364641577005386,0.09597712755203247,-0.10184437781572342,0.051910318434238434,-0.014922801405191422,-0.027396785095334053,-0.1961553692817688,-0.06728509813547134,0.054965291172266006,0.038703784346580505,-0.01010509580373764,-0.10413092374801636,-0.04782605171203613,0.005806963890790939,-0.003071853658184409,-0.005484833847731352,-0.0027794758789241314,0.0010350135853514075,AM7373
0.041217438876628876,0.1472163051366806,0.019918788224458694,0.1722857505083084,-0.05854550004005432,-0.012761592864990234,0.035108041018247604,-0.2510242462158203,-0.03638642653822899,-0.06404032558202744,-0.0011396304471418262,0.21805080771446228,-0.14836367964744568,0.013864661566913128,0.03364476189017296,0.07348880171775818,0.16374431550502777,-0.038901567459106445,-0.10073663294315338,-0.07072477042675018,0.023902269080281258,0.06558964401483536,0.001441527740098536,0.007037520874291658,0.008635851554572582,7.816195138730109e-4,0.002516203559935093,AM7380
-0.0201750248670578,0.1045588031411171,-0.09541290998458862,0.088313959538936615,0.05908581241965294,-0.2290683090686798,-0.02928777039051056,-0.12777623534202576,-0.09032212197780609,-0.05733548104763031,0.11351312696933746,0.1954575926065445,-0.21035762131214142,0.05939903110265732,0.10617175698280334,0.06507596373558044,0.1169564425945282,-0.014976868405938148,0.03181447833776474,-0.055634431540966034,-0.012509779073297977,0.06291110068559647,0.0016499512130394578,0.0039949421770870686,0.004842373076826334,8.509955368936062e-4,8.548822370357811e-4,AM7382
-0.08038470149040222,0.05017457529902458,0.05077946186065674,-0.061337485909461975,-0.16255170106887817,0.05087805166840553,0.26621323823928833,-8.354413439519703e-4,0.26362869143486023,0.05098406970500946,0.028216000646352768,0.06788495182991028,0.011133297346532345,0.006081726402044296,0.0840364322066307,-0.04303237423300743,0.15172840654850006,-0.12071792036294937,0.2385353147983551,0.11075573414564133,0.060701895505189896,0.08598969876766205,-0.015375396236777306,0.01765546388924122,0.002678889548406005,0.004345894791185856,-0.007390467915683985,AM7383
-0.022282496094703674,0.061001963913440704,-0.25209102034568787,0.09102551639080048,-0.13524949550628662,-0.07949802279472351,-0.05709711089730263,0.011123081669211388,0.1452864557504654,-0.06493528932332993,0.11448647826910019,-0.08135118335485458,0.0845860093832016,-0.00970381684601307,0.06665462255477905,0.011093530803918839,-0.02165917307138443,0.06933379173278809,0.01983792334794998,0.027960704639554024,-0.013386640697717667,-0.008331749588251114,-4.718458803836256e-4,-0.0027209485415369272,-0.002986087929457426,-0.001791089423932135,-7.586642168462276e-4,AM7384
-0.0032891789451241493,0.0802750214934349,-0.16549617052078247,0.1442316472530365,-0.22978541254997253,0.042169757187366486,0.14772430062294006,-0.11930304765701294,0.2057371884584427,-0.08617762476205826,0.15202170610427856,-0.1217336356639862,-7.15085247065872e-4,-0.09094608575105667,-0.01015389896929264,-0.08696573972702026,-0.02117885649204254,-0.02332020364701748,0.0034686571452766657,0.02441466599702835,-0.11841460317373276,-0.10603456199169159,-0.0040538376197218895,-0.009526307694613934,-0.006939960177987814,-0.0014463975094258785,-1.7594179371371865e-4,AM7385
-0.052183862775564194,-0.004246972966939211,-0.007888641208410263,-0.1418016254901886,0.031697969883680344,0.23721085488796234,0.22120261192321777,-0.23965057730674744,0.29054906964302063,-0.13164998590946198,-0.07296775281429291,-0.10439007729291916,-0.11997151374816895,0.05114283040165901,0.11883872747421265,0.3010631203651428,0.07068892568349838,0.22250346839427948,0.0012343410635367036,0.14902976155281067,0.05548755079507828,0.07403560727834702,-0.003894468303769827,-0.0013138081412762403,-0.0019199451198801398,-0.00434525590389967,-0.0037493202835321426,AM7386
0.00578222656622529,0.14462833106517792,-0.09851083904504776,0.11284087598323822,-0.13040469586849213,-0.04615670070052147,-0.08631530404090881,-0.1039145290851593,0.14940284192562103,0.1574324071407318,-0.1885783076286316,0.1770116239786148,-0.06151846796274185,-0.24587193131446838,-0.16954265534877777,-0.06156427040696144,0.05748317763209343,-0.12949499487876892,-0.007432663347572088,0.049697890877723694,0.08711671829223633,-2.517755201552063e-4,-0.006940315943211317,0.010339721105992794,0.0031103454530239105,0.004683540668338537,-0.001640303642489016,AM7387
-0.008131235837936401,0.03726213052868843,-0.20241966843605042,0.12354740500450134,-0.2104596197605133,-0.15246620774269104,0.018184872344136238,0.08333443850278854,0.12099143117666245,-0.126295804977417,0.19021378457546234,-0.2701602876186371,0.2372540384531021,0.0859934538602829,-0.0649174377322197,-0.11088413000106812,-0.017522845417261124,0.1582876443862915,0.008495619520545006,-0.10909339785575867,-0.07863029837608337,0.041834134608507156,0.01702154614031315,0.0014566511381417513,0.0017760834889486432,-0.004729908425360918,0.0043982286006212234,AM7388
-0.030223969370126724,0.18563760817050934,0.10361412912607193,0.045548781752586365,-0.08992284536361694,-0.013172924518585205,-0.10556070506572723,0.16083407402038574,-0.021441522985696793,0.14814592897891998,0.04947967082262039,0.1372583657503128,-0.18530933558940887,-0.02310706116259098,-0.09523702412843704,-0.08956179022789001,-0.13999494910240173,-0.2677990198135376,-0.13831712305545807,-0.024380605667829514,0.03539443761110306,-0.017178615555167198,3.137913881801069e-4,0.003554959548637271,0.0018647233955562115,0.006314119324088097,6.284622359089553e-4,AM7409
-0.10235912352800369,-0.08446475118398666,0.02171192318201065,-0.006325169466435909,-0.11202376335859299,-0.2977316081523895,0.015892019495368004,-0.059555429965257645,-0.13810130953788757,-0.008080178871750832,-0.06022261455655098,0.10152888298034668,-0.008633969351649284,0.1583423912525177,-0.14213083684444427,-0.006035672500729561,-0.05281351879239082,-0.16475538909435272,-0.13253699243068695,-0.0767284706234932,0.022243326529860497,-0.020995084196329117,-9.511237149126828e-4,1.0013784049078822e-4,0.004739819560199976,0.002669311361387372,0.00223957234993577,AM7416
-0.023250386118888855,0.058267418295145035,-0.12274514138698578,0.23801249265670776,-0.21625787019729614,-0.4073888957500458,0.14595554769039154,-0.08894668519496918,0.13166828453540802,0.20494531095027924,-0.095744989812374115,-0.2382516860961914,0.08833594620227814,0.09762893617153168,-0.016940008848905563,-0.1205664873123169,0.08208601921796799,0.10979679226875305,-0.0625268816947937,-0.07673051208257675,-0.08447246998548508,0.04524461552500725,0.010967366397380829,0.004615478217601776,0.004344303160905838,-0.00425178837031126,0.003470758441835642,AM7419
-0.010135823860764503,0.07150721549987793,-0.13365930318832397,0.15230517089366913,-0.19417624175548553,0.04568647965788841,0.16739115118980408,-0.06145429611206055,0.06380780786275864,-0.1991937905550003,0.11560200899839401,-0.2973231077194214,0.14785230159759521,0.11551632732152939,0.0013966414844617248,-0.13867194950580597,-0.127277672290802,0.15561655163764954,-0.026779519394040108,-0.10670764744281769,-0.19113050401210785,0.024246232584118843,0.024479268118739128,-0.005666579585522413,-0.0024120023008435965,-0.005393736530095339,0.005624020472168922,AM7420
-0.007686663884669542,0.11673695594072342,-0.2220250964164734,0.03653312474489212,-0.053616371005773544,-0.0725751519203186,-0.2331628054380417,-0.006292310543358326,0.07624626904726028,0.01826712302863598,-0.20448137819766998,0.14622201025485992,0.09531475603580475,-0.044657446444034576,0.033899370580911636,-0.0814063772559166,9.604228807802428e-7,-0.0061794756911695,0.057817742228507996,-0.06876634061336517,0.01731857657432556,0.03373163193464279,0.006901121232658625,0.004169129300862551,0.0036353222094476223,0.0014062341069802642,0.0020721289329230785,AM7426
-0.03091307356953621,0.17906591296195984,-0.05019892007112503,0.007923322729766369,-0.10531866550445557,0.11387243121862411,-0.07131863385438919,0.004802267998456955,0.05447247624397278,0.2210492640733719,-0.23027250170707703,0.03085148334503174,-0.07367908954620361,0.08023251593112946,0.1617690771818161,-0.17644526064395905,-0.13933737576007843,-0.19853423535823822,0.1666407734155655,0.037946589291095734,-0.004297218285501003,0.020770054310560226,-0.0033618423622101545,0.00560687854886055,-0.00228271447122097,0.005889049265533686,-0.003817237913608551,AM7427
-0.10730482637882233,-0.10430198907852173,0.05152297019958496,-0.03649463132023811,-0.15792003273963928,-0.015747616067528725,0.10105369240045547,-0.11988723278045654,-0.08855817466974258,-0.10881444066762924,-0.16123196482658386,0.16751937568187714,-0.07757800817489624,-0.060121241956949234,-0.20069490373134613,-0.14944088459014893,-0.17631621658802032,0.07888127863407135,-0.05678919702768326,0.19990767538547516,-0.12257245182991028,-0.02594934217631817,-0.0024902825243771076,0.004796489607542753,-0.012060815468430519,-0.0032031049486249685,-0.003783969907090068,AM7492
-0.017161546275019646,-0.14001640677452087,-0.04032525047659874,-0.0716516450047493,-0.19776809215545654,0.22034192085266113,0.043818432837724686,0.07835590094327927,-0.2714773714542389,-0.1427791863679886,-0.23308946192264557,0.03751751780509949,-0.12163536995649338,-0.12035569548606873,-0.22279046475887299,-0.1262553632259369,-0.2983141839504242,0.2558864951133728,0.08632904291152954,0.14078150689601898,-0.09531039744615555,0.09258556365966797,0.02097523957490921,0.007628885563462973,-0.010644039139151573,-0.0033900749403983355,-0.0014523860299959779,AM7493
-0.015288290567696095,-0.19788049161434174,-0.06249946355819702,-0.11921930313110352,-0.13264179229736328,0.015826374292373657,-0.10381809622049332,0.1448412835597992,-0.33298107981681824,-0.07206283509731293,-0.010143779218196869,0.08083228021860123,-0.17837879061698914,0.11839152127504349,-0.14746826887130737,-0.37094610929489136,-0.002839486813172698,0.12439357489347458,0.09010559320449829,0.08396361768245697,0.049705732613801956,0.11082194745540619,0.002693874528631568,0.026615198701620102,-8.291500271297991e-4,-0.004244630225002766,-0.0036003447603434324,AM7495
-0.020152295008301735,-0.23696307837963104,-0.19216758012771606,-0.12841591238975525,-0.0557883158326149,0.10686375945806503,-0.047841936349868774,0.12860459089279175,-0.2403842806816101,0.15411478281021118,-0.0866599828004837,0.04504649341106415,-0.21626700460910797,-0.20342472195625305,0.06439056247472763,-0.1653265804052353,0.17685957252979279,-0.06810533255338669,0.06881150603294373,-0.2577515244483948,-0.11115750670433044,-0.013922379352152348,0.015636859461665154,-0.0033440287224948406,0.008205756545066833,0.0019091777503490448,0.007858929224312305,AM7589
-0.023799069225788116,-0.04965270310640335,-0.04751751944422722,-0.24248813092708588,-0.10222814232110977,0.05968634411692619,0.17340663075447083,0.2648155391216278,-0.002334758173674345,0.2216043472290039,-0.20064513385295868,0.17001426219940186,-0.004483603872358799,-0.011635945178568363,0.07748908549547195,-0.07223012298345566,0.14298179745674133,0.20555076003074646,-0.0879838615655899,-0.040300868451595306,0.14154984056949615,0.027025165036320686,0.0019145525293424726,0.00645747734233737,0.004792030435055494,-0.005281431600451469,0.0020723105408251286,AM7591
-0.016762476414442062,-0.19629299640655518,-0.09782785922288895,-7.364974590018392e-4,-0.19163550436496735,-0.025581270456314087,-0.17079183459281921,0.18226918578147888,-0.11528047919273376,0.2859380543231964,-0.07943563908338547,-0.06761792302131653,-0.050881411880254745,0.013800070621073246,0.047660451382398605,-0.011096170172095299,0.1800893098115921,0.11866837739944458,0.2414063662290573,-0.06339217722415924,-0.03953064978122711,0.06511988490819931,0.007923155091702938,0.0023343150969594717,0.00453814584761858,-0.0012346914736554027,3.5795971052721143e-4,AM7628
-0.011437480337917805,-0.16203804314136505,-0.03515840321779251,-0.17954610288143158,-0.17597636580467224,0.013875208795070648,-0.06022455915808678,0.131160169839859,-0.12976127862930298,0.05109217017889023,-0.26736974716186523,0.15503939986228943,-0.13098953664302826,0.019652871415019035,-0.08631565421819687,-0.08560360968112946,-0.04056261107325554,0.08841176331043243,-0.061881568282842636,-0.02869044803082943,-0.025457099080085754,-0.08815585821866989,3.152522840537131e-4,-0.008430441841483116,-0.0035170363262295723,-0.0038601942360401154,0.002149456413462758,AM7629
0.006763034034520388,-0.202140673995018,-0.06787008047103882,-0.06363070756196976,-0.1646386682987213,0.2023562639951706,-0.1025354266166687,0.03354168310761452,0.1859307438135147,0.15717779099941254,-0.0314822718501091,0.0649864450097084,-0.28430959582328796,-0.08884292095899582,-0.013151477091014385,0.06310870498418808,0.19358611106872559,-0.18557752668857574,-0.01980636641383171,0.06776273250579834,-0.16483040153980255,0.08715128898620605,-0.003751539159566164,0.012330429628491402,0.004594583064317703,0.003768236842006445,-0.0021620618645101786,AM7633
-0.009440910071134567,-0.04081622138619423,-0.09553258121013641,-0.2581939995288849,-0.009826047345995903,-0.034383032470941544,0.2412654310464859,0.11266271024942398,0.15774576365947723,0.1962393820285797,-0.010858387686312199,0.1685062199831009,-0.12074591219425201,-0.08900317549705505,0.11773979663848877,0.13091588020324707,0.13440686464309692,0.10252562165260315,-0.023357562720775604,-0.0322696715593338,0.09252700209617615,0.07129629701375961,0.0027335714548826218,0.004415707662701607,0.005617718677967787,-2.2649446327704936e-4,0.0012234217720106244,AM7634
