V1
0.4376830982461596
0.18919905943216608
0.1238433708088376
0.06859084773320571
0.032749060808771026
0.024980993426746503
0.01629731255734342
0.013893224456153803
0.011021785584427422
0.009112245058992318
0.008025408568926229
0.0065738685515180405
0.0061478210629100066
0.0051343931480420345
0.004716362292562568
0.004280906254058095
0.0038067339040955845
0.003253089531639691
0.0032152359481590303
0.002669341221445185
0.002814403134046771
0.002096016059904303
0.0020844806257106
0.002084417642284977
0.0020842824065269183
0.0020842004781041917
0.0020841499720432094
0.0020840777300953975
0.00208398720276169
0.002083966129445027
0.002083934984128502
0.002083854805788395
0.002083743626531688
0.0020836993701527744
0.0020836890351015247
0.002083651140790733
0.0020835859552012486
0.0020835360088407853
0.0020835246155767374
0.0020834697706771724
0.002083399165432308
0.0020833663150922432
0.0020833280351561607
