V1
4.223856741675223
2.8294248298774782
2.2062374818313546
1.653485960235047
1.0067986992018627
0.7957264580265271
0.5406505175895902
0.4477501491858562
0.33804046487914197
0.27125871672365987
0.23100811928628182
0.18832496768310178
0.17269129218072296
0.1439027861320431
0.13392241300862642
0.12024932064344836
0.10938964584421978
0.09739629393324978
0.09639439392085496
0.08712763942922529
0.08834113026663692
0.07383701053958373
0.07078052741677562
0.06995428650264993
0.06864034991538244
0.06757578782598765
0.06701671333849105
0.06587138829044256
0.06500649366872724
0.06450394494389086
0.06433129201860215
0.06303956619898125
0.06174439261994532
0.06130733428135998
0.06103786063863153
0.06065470635994712
0.059938843374491214
0.059277939056858825
0.05911795525447519
0.058288314409672505
0.05757578120307035
0.0572177106782391
0.056723206164632625
0.05598109134768566
0.05559491954935167
