PEER1,PEER2,PEER3,PEER4,PEER5,PEER6,PEER7,PEER8,PEER9,PEER10,PEER11,PEER12,PEER13,PEER14,PEER15,PEER16,PEER17,PEER18,PEER19,PEER20,PEER21,PEER22,PEER23,PEER24,PEER25,PEER26,Donor
-0.009012562222778797,0.08483641594648361,-0.20437407493591309,0.053043026477098465,0.08286330848932266,-0.06641026586294174,-0.16403861343860626,-0.04143311828374863,0.007837635464966297,-0.14572453498840332,0.003361503593623638,0.04713251069188118,0.08073274791240692,-0.1139644980430603,-0.011958135291934013,-0.01192152313888073,-0.09425708651542664,0.020159706473350525,0.09642433375120163,0.05358392745256424,-0.003998057916760445,-0.008956984616816044,7.561790407635272e-4,-8.542760042473674e-4,-0.004734083078801632,0.0010782547760754824,AM7180
0.009129536338150501,0.08045746386051178,-0.08263465762138367,-0.08181026577949524,0.1562512367963791,-0.101349838078022,-0.19877371191978455,0.07733200490474701,0.004956612829118967,-0.03089814819395542,0.200564444065094,-0.04862223565578461,-0.08586802333593369,0.01618594117462635,-0.018267763778567314,-0.05171617493033409,-0.0507260300219059,-0.17694108188152313,0.11466901004314423,0.046205706894397736,-0.03783316910266876,-0.018191473558545113,-0.008424046449363232,0.002241359790787101,-0.003059405367821455,0.004173452500253916,AM7181
-0.0016658406239002943,0.04732167348265648,-0.05177901312708855,-0.19227111339569092,0.11540487408638,0.004336056299507618,-0.06692776829004288,0.09470207989215851,0.17687949538230896,-0.03623193874955177,0.24084649980068207,-0.10156243294477463,0.039636898785829544,-0.20516453683376312,-0.11702322214841843,-0.030730895698070526,-0.10509927570819855,-0.054889436811208725,0.01283072680234909,-0.00920235738158226,0.02709575928747654,-0.026778480038046837,0.0043432083912193775,-4.593778867274523e-4,-0.0022632514592260122,0.002948792651295662,AM7182
0.05399823933839798,0.06873771548271179,-0.11692216992378235,0.00940246693789959,0.16250798106193542,-0.1168624684214592,-0.24526695907115936,-0.060767821967601776,-0.06128641963005066,-0.21845363080501556,0.05497210472822189,0.15269286930561066,0.008824959397315979,-0.09097537398338318,-0.010110965929925442,0.033358536660671234,0.06927087903022766,0.026941997930407524,0.11417220532894135,0.048693299293518066,-0.019809553399682045,-0.014734395779669285,-0.00591055816039443,-3.5925241536460817e-4,-0.0023293145932257175,-2.3671513190492988e-4,AM7188
-0.04494665935635567,-0.16654860973358154,-0.051498934626579285,-0.039442963898181915,0.048633430153131485,-0.17364898324012756,-0.19332392513751984,-0.04635104164481163,-0.1378445327281952,-0.12030086666345596,0.047727469354867935,-0.13044293224811554,0.17219005525112152,-0.0847560316324234,-0.07600141316652298,-0.05265815183520317,0.11152327060699463,0.019132891669869423,0.13853071630001068,0.06286857277154922,-0.013792441226541996,-0.025842614471912384,-0.0124815059825778,0.004585744347423315,-0.002145024249330163,-9.23623563721776e-4,AM7189
-0.025341810658574104,0.06951424479484558,0.14442184567451477,-0.1170908659696579,0.039510030299425125,0.15123750269412994,0.15618720650672913,0.01133557129651308,0.07933682203292847,-0.198159858584404,0.27939334511756897,0.03174562752246857,0.11071698367595673,0.008025546558201313,0.034224122762680054,-0.27965179085731506,0.03912559524178505,-0.09787597507238388,0.202791228890419,-0.028003832325339317,-0.009225401096045971,0.04137800633907318,7.313326932489872e-4,0.013194924220442772,0.0012347772717475891,0.0021907994523644447,AM7196
0.004556908737868071,0.10301167517900467,-0.14079636335372925,0.00782317016273737,0.1298861801624298,0.06040263921022415,-0.213434636592865,-0.010688681155443192,-0.11460483819246292,-0.19950254261493683,-0.07719650864601135,0.06707647442817688,0.0679381787776947,-0.05938210338354111,0.05771706998348236,0.03602473437786102,-0.05837225914001465,0.09951624274253845,0.09894266724586487,0.017445748671889305,-0.1612984836101532,-0.08723736554384232,2.529741614125669e-4,-0.015921371057629585,-0.008939201943576336,-0.0028587866108864546,AM7197
0.10067858546972275,-0.11327159404754639,0.2755758464336395,-0.0063667744398117065,0.03479638695716858,-0.07355399429798126,-0.17497849464416504,-0.22925478219985962,0.03518221899867058,-0.13330839574337006,0.047915052622556686,-0.09316535294055939,0.006327505689114332,-0.07615817338228226,-0.20844006538391113,0.11986389011144638,0.05026024207472801,0.06421612948179245,-0.0849720910191536,0.15272992849349976,-0.09688440710306168,0.07588142901659012,-0.004057813435792923,0.011726642027497292,-0.0018022320000454783,-0.0018690685974434018,AM7203
-0.014935113489627838,0.17231613397598267,0.10837309062480927,-0.030603744089603424,0.08668653666973114,-0.009598469361662865,-0.010073665529489517,0.03742937743663788,-0.11100635677576065,0.16538694500923157,0.0014384231762960553,-0.17916354537010193,-0.2008424699306488,0.2279709428548813,0.0059540835209190845,-0.12869562208652496,0.013373344205319881,0.05448783189058304,0.12656021118164062,0.07674124836921692,0.03664897382259369,-0.03101981244981289,-0.009407099336385727,4.4304312905296683e-4,-0.004293179139494896,-0.0033018721733242273,AM7204
0.00654752878472209,0.15844058990478516,0.06301191449165344,-0.03920811042189598,0.11757279932498932,-0.02626810036599636,-0.016208648681640625,-0.04486924782395363,-0.11187777668237686,0.11725742369890213,-0.01727338880300522,-0.1994486302137375,-0.27142542600631714,0.05050567537546158,-0.18313032388687134,-0.04001978039741516,0.03839079663157463,0.09414595365524292,0.02024836465716362,0.08302072435617447,-6.142124184407294e-4,-0.051548056304454803,-0.006806203629821539,-0.0014184791361913085,-0.004497854970395565,-0.004072573035955429,AM7205
0.3107016086578369,-0.016582921147346497,-0.05023430660367012,-0.042665790766477585,-0.044859256595373154,0.06691980361938477,0.08854331821203232,0.11023525148630142,-0.18710075318813324,-0.02273969165980816,0.03307396546006203,0.238052099943161,0.016132313758134842,0.06296279281377792,0.12269841134548187,-0.002481370232999325,-0.12919971346855164,-0.07474673539400101,0.0958293080329895,0.0681232213973999,0.1128140240907669,-0.039001625031232834,-0.01089477725327015,-0.002471794141456485,-0.005037633702158928,0.003094371175393462,AM7208
0.2995103895664215,0.002265657065436244,0.025810271501541138,-0.03589658439159393,-0.10534179210662842,0.001988294767215848,0.00865744799375534,0.19567915797233582,-0.22334592044353485,0.028710702434182167,-0.028183063492178917,0.28136831521987915,0.06806646287441254,0.10541917383670807,0.23069095611572266,0.07841426134109497,0.09059035032987595,-0.05829048529267311,0.2728826105594635,0.10714466124773026,0.14904464781284332,-0.03360188752412796,-0.026474250480532646,-4.2505637975409627e-4,-0.002793210558593273,0.0027817566879093647,AM7209
0.37283340096473694,-0.042907048016786575,-0.031446486711502075,-0.04295378923416138,0.011568943038582802,0.10201427340507507,0.07401109486818314,0.049618273973464966,-0.009422875009477139,-0.06855811178684235,0.0814877524971962,0.11989586800336838,-0.08437146246433258,0.08094766736030579,0.05538239702582359,0.0828026682138443,-0.12361230701208115,0.04517217352986336,-0.10235175490379333,0.02745305560529232,0.0593748539686203,-0.039826612919569016,-0.0014883610419929028,-0.007766239810734987,-0.00418810872361064,-0.001398022985085845,AM7211
0.36000820994377136,-0.05302581936120987,0.025209229439496994,0.04374822974205017,-0.13049189746379852,-0.12125721573829651,0.19591280817985535,0.046041909605264664,-0.10295642167329788,0.07208537310361862,0.08736526966094971,-0.1557924747467041,0.0676853284239769,-0.014222389087080956,-0.15834131836891174,0.09070431441068649,0.04949686676263809,-0.006345866248011589,-0.11834264546632767,-0.0394023060798645,-0.0687551498413086,0.023298585787415504,0.00599441584199667,2.496855449862778e-4,0.003877417417243123,-2.3620370484422892e-4,AM7213
0.2848345637321472,-0.10807088762521744,-0.25838151574134827,-0.028239797800779343,0.0011350696440786123,-0.13512004911899567,0.24723289906978607,-0.0021698048803955317,0.14516319334506989,0.0804058089852333,0.17512476444244385,-0.1394050419330597,-0.04798046126961708,-0.10993210226297379,-0.12828342616558075,0.00732283154502511,-0.06737981736660004,-0.17820505797863007,-0.1718835085630417,0.020111754536628723,0.03945301100611687,-0.020800864323973656,-0.0027824570424854755,0.0033268011175096035,0.0010236100060865283,0.0041358754970133305,AM7214
0.37766894698143005,-0.08427694439888,-0.03895604982972145,-0.020014528185129166,0.04142843931913376,-0.14223290979862213,0.13092836737632751,0.027071379125118256,-0.0562308207154274,0.032818324863910675,0.0667501837015152,-0.07849178463220596,-0.05010879412293434,0.07922107726335526,0.09636823832988739,0.1358828842639923,-0.045601293444633484,0.030722718685865402,-0.10554061830043793,-0.019378451630473137,-0.060633961111307144,-0.015377374365925789,0.003916257061064243,-0.010551407001912594,-0.001361411763355136,-0.0013331607915461063,AM7215
0.31929707527160645,-0.03928101435303688,-0.04539002105593681,-0.02028142660856247,-0.1383335143327713,0.10972318798303604,0.14887936413288116,0.11635955423116684,-0.026655836030840874,-0.009487651288509369,0.054164689034223557,-0.058832548558712006,0.0567806102335453,0.07588992267847061,0.07414525002241135,0.041071414947509766,-0.14534540474414825,-0.007968435995280743,-0.03238468989729881,-0.014452557079494,-0.052538543939590454,-0.02543831802904606,0.004612194839864969,-0.009214476682245731,-0.003762474050745368,1.3841978216078132e-4,AM7216
-0.0531601719558239,-0.12863214313983917,0.00742447329685092,-0.03257444500923157,-0.016074135899543762,-0.25152671337127686,-0.14152856171131134,-0.11903674900531769,0.013546676374971867,-0.08296697586774826,-0.03787990286946297,-0.011227392591536045,0.021082933992147446,0.0695992261171341,-0.11999377608299255,-0.02807304635643959,-0.008261125534772873,-0.030654769390821457,0.07371341437101364,0.1531260460615158,0.03795706108212471,-0.005204490385949612,-0.015505348332226276,0.00763922231271863,-0.00390724278986454,3.1871946703176945e-5,AM7221
-0.046587347984313965,-0.12963934242725372,-0.02601381205022335,-0.07140853255987167,-0.011095548048615456,-0.26243695616722107,-0.12297838926315308,-0.18304027616977692,0.15933381021022797,-0.0021182051859796047,-0.11246107518672943,-0.09846223890781403,-0.02083498239517212,0.059357304126024246,-0.028698667883872986,-0.14959639310836792,0.04992419853806496,-0.029528262093663216,0.004625479690730572,0.09282255917787552,0.07248987257480621,-0.03817741200327873,-0.014408915303647518,0.006373252719640732,-0.0015515704872086644,-0.00159786781296134,AM7223
0.025687726214528084,-0.1410795897245407,-0.00987796951085329,0.09458477795124054,0.08540938049554825,0.10537409037351608,-0.061596766114234924,-0.30474328994750977,0.14971283078193665,0.2195112258195877,0.07812392711639404,-0.1604168564081192,0.0052472916431725025,-0.16712330281734467,0.20711040496826172,-0.10534978657960892,-0.056792888790369034,0.07063575834035873,0.264999657869339,0.1390846073627472,0.16198985278606415,-0.008521400392055511,-0.010436681099236012,0.0035843285731971264,-0.007622361648827791,0.0017995255766436458,AM7224
0.02522982470691204,0.0446629635989666,0.11393522471189499,-0.1360744684934616,0.04784248024225235,-0.06734578311443329,0.11967038363218307,-0.07174133509397507,0.13104818761348724,0.07652150839567184,0.008581145666539669,-0.02209656313061714,0.13342159986495972,-0.22561411559581757,-0.037230249494314194,-0.03981080651283264,0.16526171565055847,0.1295369267463684,0.09834188222885132,0.036525607109069824,-0.06173870712518692,0.004112691152840853,-0.0013075305614620447,0.003966563381254673,-9.517477592453361e-4,-0.0023605171591043472,AM7226
0.043565619736909866,-0.12741218507289886,0.16668112576007843,0.16872626543045044,0.1165594607591629,-0.0698908269405365,-0.12130030989646912,-0.20662569999694824,0.11150205880403519,0.3958587646484375,-0.019852524623274803,-0.05532971769571304,0.12076599895954132,-0.0863887295126915,0.29900485277175903,-0.13257327675819397,-0.2139550894498825,-0.040519095957279205,-0.04113190993666649,0.05927621200680733,0.10281974822282791,0.07149354368448257,0.0029256462585181,0.00987357459962368,-0.002712706569582224,0.004169295076280832,AM7228
0.020566578954458237,0.09867284446954727,0.24674776196479797,-0.08753705024719238,0.039027489721775055,-0.1264169067144394,-0.002302525332197547,0.08168166875839233,0.042998358607292175,-0.016273275017738342,0.2347407341003418,-0.04654441401362419,0.006511440966278315,-0.05766734108328819,0.04420156031847,-0.02906104549765587,0.09961105138063431,0.02581213042140007,0.044307634234428406,-0.021568233147263527,-0.09535205364227295,-0.0384393036365509,-0.0014540365664288402,-0.004167315550148487,-0.001744956593029201,-0.0017933131894096732,AM7229
0.12234733253717422,0.05936477333307266,0.2145620584487915,-0.12712392210960388,0.14059871435165405,-0.17079229652881622,-0.016971752047538757,-0.026062414050102234,0.09355074912309647,0.11414464563131332,-0.0798698142170906,-0.13215288519859314,0.13045500218868256,-0.11062082648277283,-0.0766235962510109,-0.09695503115653992,0.01998784765601158,-0.033479683101177216,0.07264331728219986,0.02602723427116871,-0.039270125329494476,0.0050470163114368916,9.336390940006822e-5,0.004641725216060877,-1.1007179273292422e-4,0.0013477508910000324,AM7230
-0.011301238089799881,-0.06793548911809921,0.1932770162820816,0.19418364763259888,0.030893271788954735,-0.04428049921989441,-0.13755522668361664,-0.04416229948401451,-0.1327309012413025,0.4592437446117401,-0.24006232619285583,-0.09593024849891663,0.27813291549682617,-0.10853976011276245,0.13387160003185272,-0.17385077476501465,0.11512745916843414,0.13731728494167328,-0.1172558143734932,-0.040096715092659,-0.09749455749988556,-0.09794697165489197,9.95791982859373e-4,-0.008973809890449047,-0.0018201210768893361,-0.005773243494331837,AM7236
0.0041018035262823105,0.030448194593191147,0.14069443941116333,-0.054333802312612534,-0.0025659396778792143,-0.07876365631818771,0.1611255705356598,-0.09922255575656891,0.01320775505155325,0.16593250632286072,-0.09558967500925064,-0.044144924730062485,0.38120758533477783,-0.0851280614733696,-0.07209093123674393,0.049453482031822205,0.036055054515600204,-0.24712638556957245,0.05971638113260269,0.035013940185308456,0.08701064437627792,0.001688229851424694,-0.012802462093532085,0.006076127756386995,0.005024597980082035,0.007996929809451103,AM7237
0.06722530722618103,0.09620741009712219,-0.06379448622465134,-0.05289379134774208,0.19296184182167053,-0.18041592836380005,-0.23164968192577362,-0.12699556350708008,0.014441089704632759,0.0887579545378685,-0.11196838319301605,0.04233085364103317,-0.15616579353809357,-0.0022488294634968042,0.10381472110748291,0.013936401344835758,0.14436645805835724,0.0031248433515429497,-0.015955263748764992,-0.02080790139734745,-0.03538110852241516,-0.013256646692752838,-0.004683505743741989,-0.001193884527310729,0.0020338280592113733,-0.0012863572919741273,AM7241
0.10277972370386124,0.09549656510353088,-0.10138411074876785,-0.04099292680621147,0.17515675723552704,0.1290186196565628,-0.15708044171333313,-0.204258531332016,0.049841880798339844,-0.15185801684856415,-0.12858977913856506,0.06839433312416077,-0.01748105324804783,-0.11005254089832306,0.09382739663124084,-0.03546449542045593,0.05744583159685135,-0.05185958370566368,-0.07878249883651733,-0.05012371763586998,-0.01806977391242981,-0.02647644281387329,3.869119973387569e-4,-0.002059239661321044,0.0020944448187947273,2.774417807813734e-4,AM7242
0.02029472403228283,-0.15729445219039917,0.04854392632842064,-0.008128678426146507,0.026283565908670425,0.2542823255062103,-0.021837644279003143,-0.28375178575515747,-0.0566064678132534,-0.136973038315773,0.09109725058078766,-0.06917145103216171,-0.0690961629152298,-0.307664155960083,-0.052766114473342896,-0.06491357833147049,0.21238254010677338,-0.08990995585918427,-0.07135459780693054,0.05834893882274628,-0.117652028799057,-0.05120895430445671,-0.009088401682674885,0.003123875707387924,-5.949324695393443e-4,-1.0017985187005252e-4,AM7243
0.07379128783941269,0.1414813995361328,0.07714351266622543,-0.10572849214076996,0.1313290297985077,0.11305109411478043,-0.09507610648870468,-0.049514953047037125,0.0808468833565712,0.0937495306134224,-0.12460517883300781,-0.09735939651727676,-0.08851177245378494,0.04274050518870354,-0.09783514589071274,-0.2600271701812744,0.037175796926021576,0.06671072542667389,-0.06270866841077805,0.026649877429008484,-0.03297090157866478,0.019777024164795876,0.0019774166867136955,0.011922331526875496,-2.4052082153502852e-4,-0.004282583016902208,AM7255
0.1040801852941513,0.08983420580625534,-0.07940156012773514,0.024725565686821938,0.13712503015995026,0.1503889113664627,-0.0769144743680954,-0.28334948420524597,0.059770964086055756,-0.18273812532424927,-0.1981303095817566,0.14018748700618744,-0.023412548005580902,-0.015131739899516106,0.11187557131052017,-0.0023158316034823656,0.05604836717247963,0.04216145724058151,-0.02619360014796257,0.007894489914178848,-0.030239228159189224,-0.056901343166828156,-0.0033715369645506144,-0.007469695061445236,-0.0019442924531176686,-0.0025965652894228697,AM7256
-0.06391618400812149,-0.16726446151733398,-0.08446509391069412,-0.10046489536762238,0.04281190410256386,-0.05614336207509041,-0.1050005704164505,-0.03934508562088013,0.06404892355203629,-0.33503398299217224,0.2324644923210144,-0.10804322361946106,-0.057230498641729355,0.07822267711162567,-0.18530239164829254,-0.11949493736028671,-0.060597293078899384,-0.12506532669067383,-0.11038006097078323,-0.06458140909671783,0.29117512702941895,-0.02811756357550621,-0.0019612566102296114,0.005943919066339731,0.006259330082684755,0.0017352537252008915,AM7260
0.04036944359540939,-0.10087645053863525,0.01504620909690857,0.09749582409858704,0.2810903787612915,0.32068830728530884,-0.07643061876296997,0.24701030552387238,0.43189537525177,-0.10382605344057083,-0.09184347838163376,0.03249678015708923,0.1063866838812828,0.5504953861236572,-0.29257553815841675,-0.0776471421122551,0.20234203338623047,0.09603581577539444,0.11899689584970474,-0.10490622371435165,0.06905673444271088,-0.11482106149196625,-0.005062228534370661,-0.01146537996828556,0.005633817054331303,-0.008124341256916523,AM7261
0.006028785835951567,-0.08534474670886993,0.12196110934019089,-0.06782595068216324,-0.07795096933841705,-0.035447634756565094,-0.09508312493562698,-0.060468755662441254,0.06083327531814575,-0.17610561847686768,-0.0982719212770462,-0.10291171818971634,0.013736022636294365,0.39146819710731506,-0.07986067235469818,0.05097470059990883,0.2633206248283386,0.06951996684074402,-3.640220675151795e-4,-0.07525153458118439,-0.06304481625556946,-0.10826139152050018,-0.010744460858404636,-0.013846284709870815,0.003677159082144499,-0.00792805477976799,AM7266
-0.01865060068666935,-0.08930472284555435,0.1060020700097084,-0.03659341484308243,-0.1475054919719696,-0.03465590626001358,-0.1413368284702301,-0.043273672461509705,0.17383669316768646,-0.08111921697854996,-0.14991746842861176,-0.005537528079003096,0.062062401324510574,0.24723424017429352,-0.11519725620746613,-0.2285282015800476,-0.13563275337219238,-0.22366692125797272,0.00708717480301857,-0.0076281907968223095,0.2604866921901703,0.0618685744702816,-0.00330162956379354,0.018359273672103882,0.007442048750817776,0.0051857600919902325,AM7269
-0.010742931626737118,-0.15336894989013672,-0.009160971269011497,0.09192273020744324,0.055550120770931244,-0.04036257416009903,-0.14056064188480377,-0.12102893739938736,-0.17557364702224731,0.0822000503540039,0.20779620110988617,-0.14281387627124786,0.07626770436763763,-0.006823558360338211,0.010857957415282726,-0.0048113553784787655,0.2328823208808899,0.10420797020196915,0.07644055038690567,-0.15015138685703278,0.19412405788898468,0.018335139378905296,0.002585036912932992,0.0024611614644527435,0.010270263999700546,-0.001593763823620975,AM7270
0.05685320869088173,0.106125108897686,0.15833108127117157,-0.06824678182601929,0.2580232620239258,-0.11124368011951447,0.031563710421323776,-0.08509566634893417,-0.24822679162025452,0.06085171923041344,-0.04526382312178612,-0.14964577555656433,-0.22197891771793365,0.1028994470834732,-0.11276789754629135,-0.05242864415049553,-0.0025945138186216354,0.13901396095752716,-0.06511571258306503,-0.13248386979103088,-0.05874883383512497,-0.011068545281887054,0.018376369029283524,-0.007748774252831936,0.0022034882567822933,-0.004627900663763285,AM7272
0.005981951020658016,0.13753467798233032,0.1573585867881775,-0.05713978037238121,0.12097509205341339,0.10201974958181381,0.2839604914188385,-0.15909366309642792,-0.2453496754169464,-0.044304583221673965,0.10872499644756317,-0.12234129756689072,-0.12067101150751114,0.23371808230876923,0.03954312577843666,-0.2504650056362152,0.10910538583993912,0.043357666581869125,0.044266656041145325,-0.1327797919511795,0.11081388592720032,0.13421621918678284,0.014061487279832363,0.018661318346858025,0.01074233092367649,-0.0018656447064131498,AM7273
0.016668690368533134,-0.048876382410526276,0.0891725942492485,0.20501580834388733,0.12664522230625153,0.08390751481056213,-0.04419773072004318,0.3824281096458435,0.2714647352695465,-0.3139854967594147,-0.1738119274377823,-0.2604227066040039,-0.11826113611459732,-0.21830111742019653,0.103228360414505,-0.2571169137954712,0.06571482121944427,0.007324547506868839,-0.2980467975139618,-0.11435077339410782,0.3655908703804016,0.12684784829616547,0.005759222898632288,0.031148573383688927,0.013595487922430038,-8.388563874177635e-4,AM7277
-0.02452436275780201,-0.11081629246473312,0.21297599375247955,0.14838340878486633,-0.07224904000759125,-0.05384376272559166,-0.15846532583236694,-0.08071450889110565,0.07478749752044678,0.0876765251159668,-0.012146270833909512,0.03152637928724289,-0.2094629853963852,0.025463338941335678,0.19573691487312317,0.17338906228542328,-0.23999649286270142,-0.022664004936814308,-0.14331676065921783,0.192353293299675,0.04287045821547508,-0.053953904658555984,-0.012077117338776588,-0.009809290990233421,-0.01142617966979742,7.568977307528257e-4,AM7278
-0.07829343527555466,-0.09551134705543518,0.04842207580804825,0.28716668486595154,0.105156309902668,0.02934866026043892,0.14437375962734222,0.20614129304885864,0.24442268908023834,0.1291315257549286,0.2065625637769699,0.3362188935279846,-0.23217131197452545,0.13186107575893402,-0.17374320328235626,-0.008326402865350246,0.010966368950903416,0.025602011010050774,0.0037227002903819084,0.04610370472073555,-0.08616673946380615,-0.24992027878761292,-0.01574503816664219,-0.02526128850877285,-0.011427409946918488,-0.004709769506007433,AM7280
-0.10453275591135025,-0.06410513818264008,-0.03368468955159187,0.22542515397071838,0.21729613840579987,-0.11246128380298615,0.15316501259803772,0.5063774585723877,-0.3033273220062256,-0.371379017829895,-0.23807796835899353,-0.23565545678138733,0.19733907282352448,0.06652755290269852,0.4720751941204071,-0.06521930545568466,0.2803182005882263,-0.19232802093029022,-0.14666301012039185,0.4604935050010681,-0.1435004621744156,-0.02814306877553463,-0.043484535068273544,0.010735711082816124,-0.008802675642073154,-0.00438273511826992,AM7283
-0.08546460419893265,0.13388484716415405,0.22286464273929596,-0.08525576442480087,0.003573488909751177,-0.045495446771383286,0.073697529733181,0.19185185432434082,-0.22595463693141937,-0.12513676285743713,0.22882507741451263,0.12940657138824463,0.05301596224308014,-0.022998059168457985,0.21049237251281738,-0.1046835258603096,0.03439139574766159,0.09867784380912781,-0.06342419981956482,-0.03481736406683922,-0.16297495365142822,-0.0656433179974556,0.0013040858320891857,-0.008429188281297684,-0.005937958136200905,-0.005194836761802435,AM7284
0.020155254751443863,0.17684511840343475,0.1282694786787033,0.1511821746826172,-0.12173299491405487,0.13134407997131348,-0.12103588879108429,0.02114269509911537,-0.19462795555591583,-0.28098320960998535,0.22234764695167542,0.3419514298439026,0.041952136904001236,-0.04811471700668335,-0.03221925348043442,-0.014359947293996811,0.1189347580075264,-0.12755684554576874,-0.3063563406467438,-0.17447945475578308,0.10844491422176361,0.010284232906997204,0.002920772647485137,0.006666106637567282,0.011852269060909748,0.0012851975625380874,AM7285
-0.005252625327557325,-0.12145131826400757,-0.03678256273269653,0.19902439415454865,0.33920732140541077,-0.10050792992115021,0.042365070432424545,0.12781186401844025,0.030110245570540428,0.057304032146930695,0.12356039136648178,0.10256608575582504,0.14738233387470245,0.13629062473773956,-0.31642910838127136,0.18315193057060242,-0.09781240671873093,-0.0408337265253067,0.20517292618751526,-0.03733327239751816,-0.03894016146659851,0.04223456606268883,0.005446081515401602,-0.003342310432344675,0.0017621623119339347,0.004654831252992153,AM7294
-0.014437650330364704,0.015207267366349697,0.15371140837669373,0.27203699946403503,0.023275665938854218,0.06559146195650101,0.2559502422809601,0.25555914640426636,-0.006154236383736134,-0.244209885597229,-0.5560069680213928,-0.4586704671382904,-0.4040515124797821,-0.41801193356513977,-0.0643918588757515,0.4005614221096039,-0.009833230637013912,-0.05704931169748306,0.3043826222419739,-0.22502401471138,0.0720093697309494,-0.02988220937550068,0.008884293027222157,-0.022660065442323685,0.005988202523440123,0.008706160821020603,AM7295
-0.1315086930990219,-0.15565335750579834,0.04169626906514168,0.07606474310159683,-0.10095272213220596,0.022097207605838776,-0.036305345594882965,-0.0811254009604454,-0.16562169790267944,-0.23760446906089783,0.503751814365387,0.07281854003667831,-0.204463392496109,-0.3276830017566681,-0.03738667070865631,0.017098529264330864,0.041219234466552734,-0.14305128157138824,0.046622589230537415,0.04992927238345146,-0.002235621213912964,0.004340245388448238,-0.003280442673712969,0.005134242586791515,-0.0015936283161863685,0.0051577044650912285,AM7302
-0.08398669958114624,0.0072085196152329445,0.17967632412910461,-0.06616075336933136,-0.14375804364681244,-0.12362121790647507,0.051607780158519745,0.14955362677574158,0.1596377193927765,-0.08422354608774185,0.028788911178708076,0.22130343317985535,0.07120402157306671,-0.23718035221099854,-0.14440621435642242,0.008765934035182,-0.0687069371342659,0.3767194151878357,0.03419872000813484,0.012463442981243134,0.10685528069734573,-0.11689342558383942,0.004760356619954109,-0.014493991620838642,-0.008820331655442715,-0.0073896972462534904,AM7303
-0.058227185159921646,0.08425065129995346,0.2100105583667755,-0.11421322077512741,-0.037947703152894974,0.02905934862792492,0.005853551905602217,0.2217382788658142,0.11654043197631836,-0.17362305521965027,0.25822529196739197,0.16613899171352386,0.046369824558496475,-0.23614667356014252,0.17378173768520355,-0.20730924606323242,-0.2914797067642212,0.1209864541888237,0.1907934993505478,-0.08052373677492142,-0.058711446821689606,-0.025533616542816162,0.023007936775684357,-0.009122499264776707,-0.009971555322408676,6.219260394573212e-4,AM7304
0.0314161591231823,-0.07986714690923691,0.051629260182380676,-0.20445400476455688,0.2225063592195511,-0.003221993101760745,-0.04167092591524124,-0.15566863119602203,-0.09104093909263611,-0.17262843251228333,-0.2884472906589508,-0.023676380515098572,0.29064226150512695,-0.1756017953157425,-0.19958963990211487,-0.056651510298252106,-0.240323007106781,0.010501095093786716,-0.1768660694360733,-0.11529809981584549,-0.10875231772661209,-0.049470167607069016,0.023639710620045662,-0.010583355091512203,-0.001205307780764997,3.4317729296162724e-4,AM7312
-0.0907621756196022,-0.0812930166721344,-0.04037491977214813,0.2662932872772217,0.2599017024040222,-0.28574442863464355,0.14561960101127625,0.27551892399787903,-0.11125800758600235,0.055174510926008224,-0.09911753982305527,0.24015550315380096,0.008418584242463112,-0.07059227675199509,-0.1245933324098587,0.00859519001096487,-0.27048784494400024,-0.034085970371961594,-0.02454301342368126,-0.062072210013866425,0.01112459134310484,0.10392267256975174,0.025661678984761238,0.0049801599234342575,0.0022199524100869894,0.0053826007060706615,AM7313
-0.07210888713598251,-0.07706150412559509,0.015667913481593132,0.2575516700744629,0.13603724539279938,0.29774317145347595,0.26311421394348145,-0.07015416026115417,0.18121549487113953,0.23216399550437927,0.06990893185138702,0.3755913972854614,-0.036266397684812546,0.008793041110038757,-0.2639356553554535,-0.05453723669052124,0.2943590581417084,-0.005052078980952501,-0.11152755469083786,0.20446613430976868,-0.05896881967782974,0.027719790115952492,-0.027478957548737526,0.023699844256043434,1.0643430141499266e-4,-0.002944281091913581,AM7318
0.004273978527635336,0.1578393280506134,-0.09698881208896637,0.15786634385585785,-0.04462146759033203,0.12839025259017944,0.16407813131809235,-0.32083645462989807,-0.11518582701683044,-0.082584477961063385,-0.22341470420360565,0.11576396226882935,0.1274389624595642,-0.021485725417733192,0.02885596454143524,-0.0024229944683611393,-0.034726936370134354,0.07665054500102997,0.09812992066144943,0.10108454525470734,0.10523975640535355,0.04084145277738571,-0.0028261332772672176,0.006131675094366074,-0.0016844830242916942,2.263955830130726e-4,AM7319
-0.032562389969825745,-0.1468353271484375,-0.09933909773826599,0.10005157440900803,0.44747084379196167,0.10401653498411179,0.0426863431930542,0.005179717671126127,-0.03394290432333946,0.06892560422420502,-0.009063675999641418,0.19175609946250916,0.24400664865970612,0.04333295673131943,-0.02758781425654888,0.05204200744628906,-0.2872495949268341,0.032133933156728745,0.0846279114484787,-0.07495474815368652,-0.2010354995727539,0.2352568656206131,0.030197806656360626,0.015334478579461575,0.0013031851267442107,0.005200463347136974,AM7320
-0.12988215684890747,-0.14864440262317657,-0.11223743855953217,0.15924577414989471,0.13413406908512115,0.11916211992502213,0.09358012676239014,-0.2150799036026001,-0.17857368290424347,0.13563713431358337,0.26239892840385437,0.01913333870470524,-0.2790544629096985,0.014513264410197735,0.2392088770866394,0.050540562719106674,-0.11437439918518066,0.15786752104759216,0.08526207506656647,-0.18746456503868103,-0.002159364987164736,-0.03300520032644272,0.019987979903817177,-0.019719570875167847,-0.0024303626269102097,-0.0011040086392313242,AM7321
-0.05530327558517456,0.14824458956718445,0.01920345053076744,-0.11837103962898254,0.0237614456564188,0.2678556442260742,-0.04498785734176636,0.18501253426074982,-0.007063295226544142,0.06655088812112808,0.14294232428073883,-0.17251567542552948,0.07784894853830338,0.11404501646757126,-0.018615154549479485,0.07002075016498566,-0.22861552238464355,-0.1263602077960968,-0.08284783363342285,-0.007108984515070915,-0.06075596436858177,0.10258431732654572,0.013970722444355488,0.004448317922651768,0.0011506610317155719,0.00447849789634347,AM7323
-0.04917144775390625,0.049166418612003326,0.1135902851819992,-0.0495135523378849,-0.13690310716629028,0.1183304712176323,0.19495396316051483,-0.014100606553256512,-0.0053442493081092834,0.17179849743843079,-0.1882619559764862,0.0010245441226288676,0.3583773672580719,-0.04944706708192825,-0.11800036579370499,-0.03257216885685921,-0.015134342014789581,-0.2838638722896576,0.014998216181993484,-0.11764004826545715,-0.05095265805721283,-0.015400459058582783,0.0026855701580643654,-3.4605921246111393e-4,0.007218852173537016,0.007987354882061481,AM7325
-0.10130718350410461,0.05722903460264206,0.017512544989585876,-0.16439515352249146,0.1735406517982483,-0.12132900208234787,0.23270124197006226,-0.06563950330018997,-0.15554189682006836,0.023273179307579994,0.0729048103094101,0.08341704308986664,0.10510513186454773,0.022414984181523323,0.051131416112184525,0.21795549988746643,0.15461215376853943,0.1887148767709732,0.04289741441607475,0.009435396641492844,0.1400315910577774,0.10495643317699432,2.7740385849028826e-4,0.00696336105465889,0.005926426500082016,-0.0017961047124117613,AM7327
-0.09491259604692459,0.16734477877616882,-0.0366206131875515,-0.04693564772605896,-0.1002286896109581,0.03410099446773529,-0.0920068696141243,0.21384817361831665,-0.14758488535881042,0.2671344578266144,0.012888235040009022,-0.19607162475585938,0.04539971426129341,0.07804916054010391,-0.2630807161331177,0.12468291074037552,0.010416418313980103,0.10561560839414597,0.01783307082951069,0.15702341496944427,0.04748418554663658,0.03919794410467148,-0.008424361236393452,0.007327048107981682,-0.0021478459239006042,-0.0020312361884862185,AM7328
-0.046132247895002365,0.15410195291042328,-0.09203522652387619,0.05854383111000061,-0.1695919632911682,0.05557502061128616,-0.2930574119091034,0.19746945798397064,-0.08800952881574631,-0.02109469100832939,-0.02203979715704918,0.09659603238105774,0.23417943716049194,0.015625379979610443,-0.0090600261464715,0.22614967823028564,0.1013864204287529,0.09360115230083466,0.07819542288780212,-0.030087731778621674,-0.01858511194586754,0.03573980927467346,0.0010213205823674798,-0.003968946170061827,0.0034108590334653854,-6.940864841453731e-4,AM7329
-0.11726155132055283,-0.07930097728967667,0.11095084249973297,0.10060831159353256,-0.10808025300502777,0.13959920406341553,0.021202029660344124,-0.165233314037323,-0.37782540917396545,0.10190027952194214,0.09929987788200378,-0.20755696296691895,0.15807823836803436,0.23763418197631836,0.0777176022529602,0.2746902406215668,-0.19354435801506042,0.020367132499814034,0.0911974087357521,0.004827585071325302,0.24264894425868988,-0.18051114678382874,-0.013328593224287033,-0.029990047216415405,-0.0069442628882825375,8.441099780611694e-4,AM7332
-0.09815903007984161,0.15597181022167206,-0.13321347534656525,-0.029593084007501602,0.045360811054706573,0.058077629655599594,0.08240152895450592,-0.03419015184044838,-0.18283802270889282,0.1508038491010666,0.0758105218410492,-0.14589768648147583,-0.12298211455345154,-0.07848778367042542,-0.32126545906066895,0.0875154361128807,-0.10246402025222778,-0.01649126224219799,-0.10033029317855835,0.16782884299755096,0.08434099704027176,0.043161991983652115,-0.004344473127275705,0.0107505451887846,-0.0024319300428032875,0.001835276372730732,AM7333
-0.005957994144409895,0.18467977643013,-0.0688505470752716,0.11789866536855698,-0.13532043993473053,0.13652049005031586,-0.09848286956548691,-0.05494334548711777,-0.22792360186576843,-0.09964564442634583,-0.06961477547883987,0.08650945127010345,0.2574973404407501,0.034373071044683456,-0.149780735373497,0.19257934391498566,0.11119801551103592,0.1222400888800621,-0.05492788180708885,0.02498849295079708,0.19483210146427155,0.03213981166481972,-0.005818277597427368,0.004290789365768433,0.0058890352956950665,-0.0019573254976421595,AM7334
-0.12028171867132187,-0.07791221886873245,-0.10179866850376129,-0.15915928781032562,0.06286291033029556,-0.18048512935638428,0.04038326069712639,-0.023286525160074234,0.07377180457115173,-0.1132550835609436,-0.024371881037950516,0.023024309426546097,0.04073144495487213,-0.019643958657979965,0.07523445039987564,0.2522580325603485,0.009823059663176537,-0.04360922425985336,-0.09303489327430725,-0.049594148993492126,0.15353897213935852,-0.06364551931619644,-0.008071516640484333,-0.012636438012123108,0.0030308126006275415,0.0018810812616720796,AM7336
-0.1142951101064682,-0.021186837926506996,-0.13868767023086548,-0.20246204733848572,0.07851587980985641,-0.1575215458869934,0.1677674949169159,-0.048143669962882996,0.12412697821855545,0.04206611588597298,0.08290237933397293,0.019620638340711594,0.04105961695313454,-0.053242579102516174,0.1611545979976654,0.1616498827934265,0.04942917451262474,-0.01509034913033247,-0.10225959122180939,-0.03000611998140812,0.12801526486873627,0.048385314643383026,-0.0027246526442468166,0.0027346464339643717,0.0053872233256697655,0.0020846824627369642,AM7337
-0.058054883033037186,0.16500359773635864,0.013377971947193146,-0.01876053586602211,0.02110668644309044,-0.09856883436441422,-0.032906658947467804,0.05712740123271942,-0.21267077326774597,0.26533186435699463,-0.013048114255070686,-0.008136588148772717,-0.1873878687620163,-0.09496422111988068,-0.08498551696538925,0.12683896720409393,0.006213913671672344,-0.2548714280128479,-0.23743772506713867,-0.09032607078552246,-0.10060396045446396,-0.07086856663227081,3.523897903505713e-4,-0.010629739612340927,0.003975396975874901,0.005140454508364201,AM7343
-0.12399135529994965,0.0073951599188148975,-0.08339077979326248,-0.18082113564014435,0.014442860148847103,-0.09769198298454285,0.17769482731819153,0.1113581731915474,0.06430892646312714,0.022375036031007767,0.06330117583274841,0.09391484409570694,0.2060360461473465,-0.16447724401950836,-0.07482632994651794,0.15864643454551697,0.11409879475831985,-0.07360319793224335,-0.0678597167134285,0.029738806188106537,0.01075358409434557,-0.09395889937877655,-0.015907851979136467,-0.007000623736530542,-2.251876867376268e-4,0.0015075420960783958,AM7344
-0.0067440541461110115,-0.14886759221553802,0.08420705050230026,-0.06797340512275696,-0.16157571971416473,0.2927742898464203,-0.3554258942604065,0.05494508147239685,-0.0743502750992775,-0.04952411353588104,0.14354448020458221,-0.25533929467201233,0.24356500804424286,0.04273069277405739,-0.03439628705382347,0.3348745107650757,0.15171721577644348,-0.1685558706521988,-0.04513322561979294,-0.012847617268562317,-0.10113358497619629,0.08860339969396591,-0.003500125603750348,0.003493869211524725,0.00836332980543375,0.004257671069353819,AM7345
-0.05557120591402054,-0.07908111810684204,0.04044918343424797,0.13103431463241577,-0.024840155616402626,0.36734750866889954,-0.16385845839977264,0.10605213046073914,0.08919958770275116,0.28942790627479553,0.16265329718589783,-0.046574320644140244,0.2700258195400238,-0.14281612634658813,0.17754481732845306,0.039155006408691406,-0.08624445647001266,0.06938233971595764,-0.26716962456703186,-0.13258244097232819,0.04981882870197296,-0.019816000014543533,0.010727296583354473,-0.007422724738717079,0.0021176417358219624,-7.128961151465774e-4,AM7346
-0.02352883107960224,0.15114344656467438,-0.10330596566200256,-0.10072851926088333,0.10645352303981781,0.2559511363506317,-0.0570339597761631,-0.06364238262176514,0.04301149398088455,0.03052215836942196,-0.07948536425828934,-0.15554195642471313,-0.20004089176654816,0.01830822043120861,0.00466022826731205,0.10557235032320023,-0.05143934115767479,0.007378402166068554,-0.01816844940185547,0.08149147033691406,-0.10657019168138504,-0.007016702089458704,-0.0013681057607755065,-0.005719524342566729,-0.004978039301931858,-7.561419042758644e-4,AM7353
-0.12310554832220078,0.049997832626104355,-0.17482970654964447,-0.1880629062652588,0.10234441608190536,-0.011989854276180267,0.05212029814720154,0.08151710033416748,0.1160152480006218,0.09975726157426834,0.05343706160783768,-0.10900410264730453,-0.05136088654398918,0.16295036673545837,0.21519529819488525,0.048782769590616226,0.049853332340717316,-0.0063054622150957584,-0.07440894842147827,0.02408834733068943,-0.09539496153593063,-0.02297819033265114,-0.009280386380851269,-0.0045622047036886215,-0.0025157055351883173,-0.00260000373236835,AM7354
0.05932383984327316,0.1532258689403534,0.07847563922405243,0.09556806832551956,-0.12337878346443176,-0.1430315375328064,-0.3229125440120697,0.031055647879838943,0.23599739372730255,-0.01793469861149788,-0.08864016830921173,0.19540159404277802,-0.18112905323505402,0.059062372893095016,0.1420559138059616,0.07194303721189499,-0.017416415736079216,0.11559386551380157,0.06366162747144699,-0.07850100845098495,0.04506051912903786,0.05932266637682915,0.011462144553661346,-0.002303275978192687,0.0027739282231777906,-9.151959093287587e-4,AM7356
0.015388860367238522,-0.06437181681394577,0.3098905682563782,0.026118773967027664,-0.22082725167274475,-0.19875264167785645,-0.1729658842086792,0.05877165496349335,0.33490732312202454,-0.1223859190940857,0.0694735199213028,0.12225572019815445,-0.17607517540454865,0.16679568588733673,0.14205841720104218,0.38117173314094543,-0.08046289533376694,0.07130131125450134,0.02086918242275715,0.00944859255105257,-0.2662871181964874,0.1882733255624771,0.019524594768881798,-0.0016238566022366285,5.860907258465886e-4,7.531845476478338e-4,AM7359
-0.11089524626731873,-0.03750156983733177,0.0921369343996048,-0.04224283620715141,-0.1094314455986023,0.02276860922574997,0.26696446537971497,-0.24851059913635254,-0.08166540414094925,-0.16419394314289093,-0.14257794618606567,0.0628734827041626,-0.03352420777082443,0.28407618403434753,0.1077200248837471,0.09191812574863434,-0.0631994903087616,-0.2283320426940918,0.08016767352819443,-0.03377709165215492,-0.0062227919697761536,0.056194763630628586,-0.0028161872178316116,0.0013035255251452327,0.004398979712277651,0.0059412457048892975,AM7361
-0.18011602759361267,-0.1162826269865036,-0.09337782114744186,-0.08808985352516174,-0.032005488872528076,0.006299547851085663,0.06959008425474167,-0.13736914098262787,0.01049512904137373,-0.06509897857904434,-0.19951976835727692,0.04401480779051781,-0.13651953637599945,0.3534359931945801,0.3165702819824219,-0.021457398310303688,-0.1583878993988037,-0.07243112474679947,-0.2732100486755371,-0.1892787516117096,-0.08337321877479553,-0.04304893687367439,0.014595849439501762,-0.017572380602359772,0.0024955724366009235,-0.002013810910284519,AM7362
-0.05419742688536644,0.12012096494436264,-0.10704813897609711,-0.10841657966375351,0.041779957711696625,0.06053031235933304,-0.19749408960342407,0.21885675191879272,0.1982422024011612,0.08928562700748444,0.13158182799816132,-0.20095764100551605,-0.10552969574928284,0.05615852773189545,0.052396416664123535,0.043578874319791794,-0.1793261170387268,-0.006662782281637192,0.011215762235224247,0.11400210112333298,0.04613323509693146,-0.04691503569483757,-0.008070248179137707,-0.005911324173212051,-0.008506420068442822,9.343221609015018e-5,AM7365
-0.03462250158190727,-0.04128481075167656,0.007737795822322369,-0.18163838982582092,0.004303940571844578,0.037305742502212524,0.0872809961438179,-0.11669675260782242,0.18307548761367798,-0.06068211793899536,-0.292313814163208,0.039118748158216476,0.20645564794540405,-0.09271354228258133,0.03914112225174904,0.05369966849684715,-0.16253554821014404,-0.05198213458061218,-0.010578825138509274,-0.09221761673688889,-0.11665961146354675,-0.11557108163833618,0.00648637767881155,-0.021832823753356934,-0.004092235583811998,0.0018851535860449076,AM7372
-0.0015368176391348243,0.10267771780490875,-0.031633663922548294,0.21860668063163757,-0.2412586510181427,-0.01735328510403633,0.2716394364833832,-0.14779111742973328,0.06847803294658661,-0.1213107630610466,0.09419587254524231,-0.0998157486319542,0.05082427337765694,-0.014560705050826073,-0.026843899860978127,-0.1917753517627716,-0.06572673469781876,0.05366605147719383,0.03778211027383804,-0.00983771588653326,-0.10164937376976013,-0.04656262323260307,0.0057211341336369514,-0.002965304534882307,-0.005368474405258894,-0.0027235050220042467,AM7373
0.0409981906414032,0.14615468680858612,0.019762495532631874,0.17067788541316986,-0.05790086090564728,-0.012626701034605503,0.034595832228660583,-0.24716103076934814,-0.0357365719974041,-0.06285889446735382,-0.0011295023141428828,0.21362154185771942,-0.14531712234020233,0.013584568165242672,0.03285839781165123,0.07182549685239792,0.16004881262779236,-0.037955641746520996,-0.09838628768920898,-0.0690438449382782,0.02334761805832386,0.06380759179592133,0.0013662403216585517,0.006846859119832516,0.008449837565422058,7.627712329849601e-4,AM7380
-0.020065011456608772,0.10380963981151581,-0.09465710073709488,0.08748937398195267,0.0583883672952652,-0.22625477612018585,-0.028863949701189995,-0.12582026422023773,-0.08879871666431427,-0.05626784265041351,0.11136645078659058,0.191485196352005,-0.20599831640720367,0.058137811720371246,0.10382367670536041,0.06361649930477142,0.11431052535772324,-0.01460972148925066,0.031111743301153183,-0.05433690920472145,-0.01220212783664465,0.0612606443464756,0.0015925746411085129,0.0038674636743962765,0.004731804132461548,8.30208184197545e-4,AM7382
-0.07996148616075516,0.04980498179793358,0.05038100481033325,-0.0607704222202301,-0.16066792607307434,0.05024999752640724,0.2623155117034912,-8.129749912768602e-4,0.25917065143585205,0.05008188262581825,0.02767382189631462,0.06654799729585648,0.010856784880161285,0.005948326550424099,0.08220000565052032,-0.042043618857860565,0.14827187359333038,-0.11795033514499664,0.23298510909080505,0.1082414835691452,0.059313852339982986,0.0837285965681076,-0.015088939107954502,0.017239699140191078,0.002610022434964776,0.004256082233041525,AM7383
-0.022165589034557343,0.06055804714560509,-0.25011271238327026,0.09016693383455276,-0.1336997151374817,-0.07854317128658295,-0.05622071772813797,0.010948491282761097,0.14283910393714905,-0.0636972039937973,0.11238163709640503,-0.0797216072678566,0.08287958055734634,-0.00950301717966795,0.06513158977031708,0.010851088911294937,-0.021177733317017555,0.06770328432321548,0.01938178949058056,0.027314243838191032,-0.013060127384960651,-0.008092950098216534,-4.558623768389225e-4,-0.002667864551767707,-0.0029222851153463125,-0.0017556397942826152,AM7384
-0.003275226103141904,0.07968442142009735,-0.1641969233751297,0.142875075340271,-0.22714854776859283,0.04161076620221138,0.14560645818710327,-0.11745690554380417,0.20228849351406097,-0.0845264121890068,0.14919830858707428,-0.11930014938116074,-7.230841438286006e-4,-0.08896680176258087,-0.009998454712331295,-0.08502011001110077,-0.020668581128120422,-0.02280953899025917,0.0033785325940698385,0.02388354204595089,-0.11559876054525375,-0.10319140553474426,-0.003916197922080755,-0.009250995703041553,-0.006782843265682459,-0.001411719829775393,AM7385
-0.051908206194639206,-0.0042218854650855064,-0.007831461727619171,-0.14047077298164368,0.031342897564172745,0.23426507413387299,0.21795019507408142,-0.2359248846769333,0.2856387495994568,-0.1292857825756073,-0.07155913859605789,-0.1022845208644867,-0.11753819137811661,0.05002773180603981,0.11626219004392624,0.29443293809890747,0.06911595910787582,0.21731352806091309,0.001163565437309444,0.14558126032352448,0.05411567911505699,0.0720396563410759,-0.00390504184179008,-0.0013503060908988118,-0.0018988000229001045,-0.004261550959199667,AM7386
0.005746609065681696,0.14358538389205933,-0.09774064272642136,0.1117810532450676,-0.12891490757465363,-0.04559662565588951,-0.0850377306342125,-0.10231947898864746,0.1468927562236786,0.15459363162517548,-0.18504512310028076,0.1733846217393875,-0.06028914824128151,-0.2405693680047989,-0.16585589945316315,-0.06026605889201164,0.056143660098314285,-0.12647973001003265,-0.0072537921369075775,0.04859057813882828,0.08508619666099548,-2.703156787902117e-4,-0.006841258145868778,0.010163337923586369,0.003046924713999033,0.00460023945197463,AM7387
-0.008090408518910408,0.036982275545597076,-0.2008262574672699,0.1223793551325798,-0.20804135501384735,-0.15060129761695862,0.01796928234398365,0.08204974234104156,0.1189696416258812,-0.12390527874231339,0.18669414520263672,-0.26470550894737244,0.23243018984794617,0.08413377404212952,-0.0635908842086792,-0.10841395705938339,-0.01712544821202755,0.1545976996421814,0.008318962529301643,-0.10655485093593597,-0.07672574371099472,0.040676649659872055,0.01666942611336708,0.0013974326429888606,0.0017355148447677493,-0.004646090790629387,AM7388
-0.03006286732852459,0.18430829048156738,0.10279843956232071,0.04512392356991768,-0.08890455216169357,-0.013002831488847733,-0.10400965064764023,0.1583261638879776,-0.021083250641822815,0.1454622894525528,0.0485207736492157,0.13447916507720947,-0.1815362572669983,-0.02257513254880905,-0.09316211938858032,-0.08758269250392914,-0.13680191338062286,-0.2615226209163666,-0.1351073980331421,-0.023824336007237434,0.034605178982019424,-0.016757769510149956,2.862035180442035e-4,0.003504615742713213,0.0018253687303513288,0.006189275998622179,AM7409
-0.10181569308042526,-0.08386721462011337,0.021550286561250687,-0.006272544153034687,-0.11072009801864624,-0.29403573274612427,0.01563926413655281,-0.05862441658973694,-0.13578060269355774,-0.0078912153840065,-0.05911310762166977,0.09946878254413605,-0.008454879745841026,0.15497680008411407,-0.13903170824050903,-0.005930792540311813,-0.051586054265499115,-0.16087426245212555,-0.12941613793373108,-0.07493859529495239,0.021775569766759872,-0.020457694306969643,-8.838214562274516e-4,8.98633006727323e-5,0.004660718608647585,0.0026140359696000814,AM7416
-0.023133086040616035,0.0578300915658474,-0.12176837772130966,0.2357659935951233,-0.2137637734413147,-0.40235453844070435,0.143836110830307,-0.08755498379468918,0.12946102023124695,0.20134715735912323,-0.09393152594566345,-0.23349833488464355,0.08658035844564438,0.09555844217538834,-0.016617095097899437,-0.11787154525518417,0.08027283102273941,0.10724209994077682,-0.061035096645355225,-0.07494323700666428,-0.08239242434501648,0.04399929568171501,0.010714348405599594,0.004498069174587727,0.0042605092748999596,-0.004168358165770769,AM7419
-0.01008289773017168,0.07098042219877243,-0.13260741531848907,0.15087543427944183,-0.19195438921451569,0.04509105160832405,0.1649872362613678,-0.060500118881464005,0.06277285516262054,-0.19550317525863647,0.11349957436323166,-0.29134052991867065,0.14483526349067688,0.11305680125951767,0.0013118658680468798,-0.13555002212524414,-0.12434512376785278,0.15197907388210297,-0.02617499604821205,-0.10424120724201202,-0.18661010265350342,0.023533010855317116,0.023951396346092224,-0.005561648868024349,-0.0023717836011201143,-0.005297311116009951,AM7420
-0.007647334132343531,0.11590223014354706,-0.22028538584709167,0.036190927028656006,-0.053016968071460724,-0.07169240713119507,-0.2297230064868927,-0.006215963512659073,0.07497484236955643,0.01793094351887703,-0.20059868693351746,0.14322370290756226,0.09338606148958206,-0.0437091588973999,0.03314061835408211,-0.07964961975812912,-4.9233400204684585e-5,-0.006038553547114134,0.056479740887880325,-0.06716471910476685,0.016901792958378792,0.032833486795425415,0.006729446351528168,0.004084495361894369,0.00355604849755764,0.0013760571600869298,AM7426
-0.030750641599297523,0.1777821183204651,-0.049811091274023056,0.007851415313780308,-0.10412158071994781,0.11246553808450699,-0.07025719434022903,0.004716302268207073,0.05356258898973465,0.21701528131961823,-0.22591444849967957,0.030184004455804825,-0.0721651017665863,0.07854229211807251,0.15828248858451843,-0.17249512672424316,-0.1361594945192337,-0.19392672181129456,0.16274310648441315,0.03706096485257149,-0.004190503619611263,0.02027074620127678,-0.0032820790074765682,0.005483902990818024,-0.002239256864413619,0.005769306793808937,AM7427
-0.10673552006483078,-0.10356255620718002,0.051118358969688416,-0.036155715584754944,-0.15608540177345276,-0.015550954267382622,0.0995616614818573,-0.11802380532026291,-0.08706913888454437,-0.10682950913906097,-0.1582074612379074,0.16409587860107422,-0.07604735344648361,-0.05877387151122093,-0.196249857544899,-0.14615730941295624,-0.17231209576129913,0.0770459696650505,-0.05549553409218788,0.1952371895313263,-0.11970136314630508,-0.02533487230539322,-0.00237925979308784,0.004703744780272245,-0.011805664747953415,-0.0031366446055471897,AM7492
-0.017069295048713684,-0.13901272416114807,-0.040016449987888336,-0.07098089903593063,-0.1954830437898636,0.21760793030261993,0.043187446892261505,0.07713477313518524,-0.2668938934803009,-0.14021635055541992,-0.22868813574314117,0.03671877831220627,-0.11917658150196075,-0.11775384098291397,-0.21784192323684692,-0.12347594648599625,-0.29158103466033936,0.2499268352985382,0.08426930755376816,0.13745363056659698,-0.09314359724521637,0.09002905339002609,0.0205017551779747,0.007410976104438305,-0.01045125350356102,-0.003327904501929879,AM7493
-0.015205913223326206,-0.19645853340625763,-0.062011271715164185,-0.11810677498579025,-0.13109779357910156,0.015638163313269615,-0.1022978127002716,0.14260753989219666,-0.32738804817199707,-0.07076580077409744,-0.009953627362847328,0.07918277382850647,-0.1747177243232727,0.11584264039993286,-0.14413243532180786,-0.3627212643623352,-0.002835433464497328,0.12154336273670197,0.08802656829357147,0.08196496963500977,0.0485643669962883,0.10780595242977142,0.0026675944682210684,0.025969086214900017,-8.251970284618437e-4,-0.004176761489361525,AM7495
-0.02004212699830532,-0.23525619506835938,-0.19066467881202698,-0.12721700966358185,-0.055117230862379074,0.10553966462612152,-0.047145068645477295,0.12661734223365784,-0.23636873066425323,0.15127578377723694,-0.0850314199924469,0.04414338618516922,-0.21182020008563995,-0.1991134136915207,0.06304996460676193,-0.16165287792682648,0.17280036211013794,-0.0665382370352745,0.06724090129137039,-0.25176161527633667,-0.10856396704912186,-0.013525372371077538,0.015289939008653164,-0.0032325349748134613,0.00803159736096859,0.001873389002867043,AM7589
-0.02367526665329933,-0.04929303377866745,-0.047147225588560104,-0.24022603034973145,-0.10102076083421707,0.058958664536476135,0.17085587978363037,0.26070740818977356,-0.0023308054078370333,0.2175408899784088,-0.19690361618995667,0.16662947833538055,-0.004407443106174469,-0.011468238197267056,0.07584976404905319,-0.0706004872918129,0.13967148959636688,0.20079518854618073,-0.0859493836760521,-0.03938468545675278,0.13817593455314636,0.026291968300938606,0.0018486666958779097,0.0063119931146502495,0.004691533278673887,-0.0051744477823376656,AM7591
-0.016674285754561424,-0.19488617777824402,-0.09706585109233856,-7.395337452180684e-4,-0.18940505385398865,-0.02524491399526596,-0.16828621923923492,0.1794765740633011,-0.11336462199687958,0.28075194358825684,-0.07794731855392456,-0.06623204052448273,-0.0497836098074913,0.0134499566629529,0.04663762450218201,-0.01085594855248928,0.1759655475616455,0.11588500440120697,0.23580731451511383,-0.06193862855434418,-0.03859131410717964,0.06341660767793655,0.007660495117306709,0.00228880881331861,0.004426523577421904,-0.0012119277380406857,AM7628
-0.011378433555364609,-0.16087573766708374,-0.034887444227933884,-0.1778712421655655,-0.17392949759960175,0.013714920729398727,-0.05935288593173027,0.12913109362125397,-0.1275942623615265,0.050145167857408524,-0.2623498737812042,0.1518927961587906,-0.12831690907478333,0.01920580491423607,-0.08436655253171921,-0.08372975140810013,-0.03966378793120384,0.08639205247163773,-0.06044876575469971,-0.028042910620570183,-0.024882366880774498,-0.08578481525182724,3.9066249155439436e-4,-0.00821851845830679,-0.003419484244659543,-0.0037807151675224304,AM7629
0.0067248158156871796,-0.2006940245628357,-0.06735111773014069,-0.0630398616194725,-0.16271744668483734,0.19984962046146393,-0.10103665292263031,0.03305656462907791,0.18275600671768188,0.1543126106262207,-0.030896315351128578,0.06368368119001389,-0.27852755784988403,-0.08694906532764435,-0.012858346104621887,0.06167810037732124,0.18920421600341797,-0.18127666413784027,-0.019326256588101387,0.06618046015501022,-0.1608990579843521,0.0847686231136322,-0.0037781931459903717,0.012065531685948372,0.004478249698877335,0.0036892350763082504,AM7633
-0.009393886663019657,-0.04052194580435753,-0.0947786346077919,-0.25578656792640686,-0.00967783760279417,-0.033957261592149734,0.23771338164806366,0.11091028153896332,0.15503466129302979,0.19266872107982635,-0.010701370425522327,0.16514833271503448,-0.11829376965761185,-0.08715416491031647,0.11517178267240524,0.12803758680820465,0.13133198022842407,0.10013217478990555,-0.022810040041804314,-0.0315096378326416,0.09031766653060913,0.06940818578004837,0.0026062328834086657,0.004288365598767996,0.005485704634338617,-2.1705344261135906e-4,AM7634
