V1
4.127306212128434
2.801988773483911
2.184770159004866
1.649996867632852
1.013725204550581
0.8044120934227967
0.551695000807292
0.458592352537273
0.34831502569778994
0.2809724936209665
0.2400918900273378
0.19674066468945842
0.1807250106751016
0.1512206704899577
0.14100543641784744
0.12688451750198768
0.11568003401419458
0.10328387394114615
0.10225150565033923
0.09268273970297357
0.09390928885863391
0.07884613418015288
0.07538052183407322
0.0745027029696252
0.07309389504226486
0.07195557015835528
0.07136466435857107
0.07014475597414739
