V1
4.122366134474585
2.804699972683908
2.1875148191887837
1.6541814401792412
1.0181803881452485
0.8085576754398648
0.5555910409821353
0.4621473751017141
0.3514335884323888
0.283798153889458
0.24266048623461497
0.19905062486166178
0.18290769892278053
0.15318797819380725
0.14288288697079507
0.12861807169425682
0.11732826920729322
0.1048060773323834
0.10376588945364712
0.09412160078243176
0.09534455853440621
0.08011358266499814
0.07659255124408039
0.075695024508323
0.0742673737645312
0.07310954579010177
