V1
0.4275526170664106
0.18591453303019434
0.12177612794149037
0.06772087870981475
0.032516571706139474
0.02485755531466033
0.01626880769034801
0.013881312196612384
0.011024592701052128
0.009120508207810256
0.008036627380562376
0.006586024314907151
0.006160927726515576
0.0051481163570446815
0.004730071732733048
0.004295694486558453
0.003821508674899331
0.0032679523458189297
0.0032305931492456544
0.002685701752689226
0.0028303171815748495
0.002101294879363435
0.00208418337735276
0.0020841263768746434
0.0020840011193365387
0.002083909538433243
0.0020838635522165915
0.002083773175998962
0.0020837142104056625
0.00208366624535081
0.0020836613429695886
0.002083552701522428
0.0020834485753542936
