PEER1,PEER2,PEER3,PEER4,PEER5,PEER6,PEER7,PEER8,PEER9,PEER10,PEER11,PEER12,PEER13,PEER14,PEER15,PEER16,PEER17,PEER18,PEER19,PEER20,PEER21,PEER22,PEER23,PEER24,Donor
-0.021757176145911217,0.23596790432929993,-0.6166863441467285,0.18504616618156433,0.34809213876724243,-0.27643606066703796,-0.8053131103515625,-0.1915237456560135,0.03605092689394951,-0.7372471690177917,0.005168942268937826,0.24861158430576324,0.4162307381629944,-0.5827130079269409,-0.05300583690404892,-0.0641479343175888,-0.4331720173358917,0.11970062553882599,0.4971178472042084,0.22914159297943115,0.0038566740695387125,-0.02405356615781784,-7.512489100918174e-4,-6.879502325318754e-4,AM7180
0.020797744393348694,0.22193017601966858,-0.2501792311668396,-0.2876928746700287,0.6496654152870178,-0.4381321668624878,-0.9693939685821533,0.38879770040512085,0.03857975825667381,-0.15951307117938995,0.9983197450637817,-0.25752219557762146,-0.4229910373687744,0.058241140097379684,-0.0832199975848198,-0.261502742767334,-0.2670637369155884,-0.861947238445282,0.557642936706543,0.17143219709396362,-0.19940254092216492,-0.04471317306160927,-0.0011272472329437733,-0.00138442765455693,AM7181
-0.0038890924770385027,0.13012300431728363,-0.15641361474990845,-0.6740005016326904,0.4748472571372986,0.021712282672524452,-0.3317040503025055,0.4704682528972626,0.8969358205795288,-0.18933363258838654,1.2027955055236816,-0.5390917658805847,0.22821149230003357,-1.0496256351470947,-0.5606734156608582,-0.1646518111228943,-0.5075364112854004,-0.24879290163516998,0.054243870079517365,-0.04860571399331093,0.14879210293293,-0.05085763335227966,-9.480167645961046e-4,-0.0016637233784422278,AM7182
0.12517881393432617,0.1896410882472992,-0.35367852449417114,0.031406957656145096,0.6812937259674072,-0.4998294711112976,-1.1948602199554443,-0.2838989794254303,-0.30690714716911316,-1.1030181646347046,0.27128833532333374,0.7810420989990234,0.043978530913591385,-0.45320743322372437,-0.0365775041282177,0.17680084705352783,0.3730943202972412,0.14801999926567078,0.5714123845100403,0.16262158751487732,-0.09736304730176926,-0.03645952790975571,-8.958869730122387e-4,-0.0011455590138211846,AM7188
-0.10538334399461746,-0.4660928249359131,-0.15675267577171326,-0.13777399063110352,0.19437938928604126,-0.7591549158096313,-0.9334723949432373,-0.23238343000411987,-0.68499356508255,-0.618310809135437,0.23065303266048431,-0.6663124561309814,0.8579822182655334,-0.42328619956970215,-0.36426156759262085,-0.26058173179626465,0.5919413566589355,0.10981807112693787,0.6923698782920837,0.2150198072195053,-0.09664924442768097,-0.05499818176031113,-0.001379109569825232,-0.0016957051120698452,AM7189
-0.05912069231271744,0.19379746913909912,0.43665722012519836,-0.41243788599967957,0.16558608412742615,0.6602470278739929,0.7487386465072632,0.06470519304275513,0.394964337348938,-1.008115530014038,1.3892583847045898,0.14238354563713074,0.5717915296554565,0.042229920625686646,0.19111213088035583,-1.3977761268615723,0.2110619843006134,-0.46189582347869873,0.9593578577041626,-0.2038540095090866,-0.09259924292564392,0.07101719826459885,0.0015980167081579566,0.0022069208789616823,AM7196
0.009462026879191399,0.2852487564086914,-0.42314594984054565,0.024424081668257713,0.5460408926010132,0.27203595638275146,-1.0435644388198853,-0.03745143115520477,-0.5825897455215454,-0.9901103973388672,-0.4117611050605774,0.3543863594532013,0.3325267732143402,-0.30717068910598755,0.30038249492645264,0.17987243831157684,-0.2993978261947632,0.5310721397399902,0.46515271067619324,0.07721459120512009,-0.7353777885437012,-0.17563140392303467,-0.0031847236678004265,-0.005921494215726852,AM7197
0.2355041801929474,-0.31619080901145935,0.8305612802505493,-0.02317533828318119,0.14820162951946259,-0.333831787109375,-0.8335880041122437,-1.1423261165618896,0.1688200980424881,-0.6877662539482117,0.23260369896888733,-0.47082680463790894,0.0451490581035614,-0.40242961049079895,-1.0313923358917236,0.6288425326347351,0.274989515542984,0.28710392117500305,-0.3354119062423706,0.6932226419448853,-0.45363327860832214,0.17157091200351715,0.0024863402359187603,0.0059226988814771175,AM7203
-0.03494668006896973,0.4796537458896637,0.3262379765510559,-0.10911937803030014,0.36733514070510864,-0.05119220167398453,-0.04282694309949875,0.1866133064031601,-0.5496415495872498,0.8426457643508911,0.003295545931905508,-0.9067148566246033,-1.0338091850280762,1.1493055820465088,-0.029111824929714203,-0.6713156700134277,0.06583232432603836,0.22233238816261292,0.6298694610595703,0.34776681661605835,0.11415635049343109,-0.07662802934646606,-0.0019826898351311684,-0.002306974958628416,AM7204
0.015079153701663017,0.4408510625362396,0.1887921392917633,-0.13911019265651703,0.4960564970970154,-0.12052338570356369,-0.07343930006027222,-0.21610258519649506,-0.5536574721336365,0.5929229259490967,-0.07915420830249786,-1.0004874467849731,-1.3740739822387695,0.24512559175491333,-0.9773637652397156,-0.21164849400520325,0.19413051009178162,0.4108164608478546,0.11271023005247116,0.382201224565506,-0.04445002228021622,-0.10046306997537613,-0.0024048283230513334,-0.0031014401465654373,AM7205
0.7254669666290283,-0.04725496843457222,-0.1520014852285385,-0.14690200984477997,-0.1777602732181549,0.30077794194221497,0.42091843485832214,0.5544665455818176,-0.9468114972114563,-0.10664468258619308,0.1853165328502655,1.204749584197998,0.08156935125589371,0.31704866886138916,0.6048868894577026,-0.029935702681541443,-0.5938547849655151,-0.37260913848876953,0.4987659156322479,0.3196828365325928,0.5448169112205505,-0.09643424302339554,-0.00250493036583066,-0.00286061386577785,AM7208
0.6996546387672424,0.005524471867829561,0.07762424647808075,-0.12323666363954544,-0.4276737868785858,0.010735693387687206,0.037476833909749985,0.9721739292144775,-1.129536509513855,0.16380497813224792,-0.12169618904590607,1.413956642150879,0.3161512017250061,0.5604553818702698,1.1517975330352783,0.38139569759368896,0.512779712677002,-0.2745952010154724,1.3763854503631592,0.4012821614742279,0.6750470995903015,-0.10583044588565826,-0.0029061976820230484,-0.003101181238889694,AM7209
0.8706072568893433,-0.12095790356397629,-0.09519781917333603,-0.14772236347198486,0.055663734674453735,0.45638689398765564,0.34932374954223633,0.25233885645866394,-0.05455679073929787,-0.34738340973854065,0.4149356782436371,0.6033533811569214,-0.4197555184364319,0.40822046995162964,0.2683306038379669,0.3904478847980499,-0.6055470705032349,0.19104312360286713,-0.47808751463890076,0.20496141910552979,0.31493711471557617,-0.07853101938962936,-0.0018449894851073623,-0.0023969383910298347,AM7211
0.84148406982421875,-0.1466754674911499,0.07274254411458969,0.15886887907981873,-0.5324020981788635,-0.52296382188797,0.9451832175254822,0.22888070344924927,-0.5273735523223877,0.3331269323825836,0.4632681906223297,-0.8104667067527771,0.3430669605731964,-0.0786091685295105,-0.7801244258880615,0.46330681443214417,0.21361464262008667,-0.02282133884727955,-0.5877086520195007,-0.1665293574333191,-0.3192562758922577,0.06296069175004959,0.0015474904794245958,0.0019134596223011613,AM7213
0.6655876636505127,-0.3013130724430084,-0.7838000655174255,-0.0917334333062172,8.703607018105686e-4,-0.5682369470596313,1.1854076385498047,-0.0052983746863901615,0.7363317012786865,0.36576253175735474,0.9082124829292297,-0.7185796499252319,-0.20894673466682434,-0.5777720808982849,-0.6392213702201843,0.03377370163798332,-0.3390108346939087,-0.8925116062164307,-0.823045015335083,0.13032297790050507,0.19108638167381287,-0.025092797353863716,-7.727672928012908e-4,-6.49617868475616e-4,AM7214
0.8822258710861206,-0.23633471131324768,-0.12176740169525146,-0.06477778404951096,0.17705519497394562,-0.611028254032135,0.6323907971382141,0.13831740617752075,-0.28238123655319214,0.1432325392961502,0.35032394528388977,-0.4077184498310089,-0.26921114325523376,0.39834341406822205,0.4902195930480957,0.6553354263305664,-0.2700503468513489,0.1561085432767868,-0.5117282867431641,-0.026512322947382927,-0.25288885831832886,-0.025908589363098145,-3.3564105979166925e-4,-9.308849694207311e-4,AM7215
0.746073842048645,-0.10901611298322678,-0.1366766095161438,-0.06726555526256561,-0.5677601099014282,0.4878137707710266,0.7096319794654846,0.5751841068267822,-0.14789235591888428,-0.05555868148803711,0.26626744866371155,-0.3115576207637787,0.2847979664802551,0.3702627718448639,0.3787122964859009,0.18588979542255402,-0.7474321722984314,-0.02365066483616829,-0.16331902146339417,-0.007302118930965662,-0.21428832411766052,-0.05031832307577133,-8.592607919126749e-4,-0.0017112849745899439,AM7216
-0.1236228495836258,-0.35849130153656006,0.019733035936951637,-0.11261153221130371,-0.07188568264245987,-1.101345419883728,-0.6751188039779663,-0.5955331921577454,0.074144646525383,-0.4353630244731903,-0.18885904550552368,-0.04048054665327072,0.11759475618600845,0.33557406067848206,-0.6201874613761902,-0.12946286797523499,0.007942005060613155,-0.18230409920215607,0.4223729968070984,0.6740603446960449,0.1456672102212906,-0.013761453330516815,-0.001287100836634636,-2.6855528631131165e-5,AM7221
-0.10788194090127945,-0.3607681691646576,-0.08172610402107239,-0.24744214117527008,-0.053311314433813095,-1.1491954326629639,-0.5811007022857666,-0.916187584400177,0.8056256771087646,-0.027905862778425217,-0.5758000016212463,-0.47543981671333313,-0.09894277155399323,0.2939925789833069,-0.17814597487449646,-0.747069239616394,0.2854119837284088,-0.1850212663412094,0.05467178672552109,0.4171084761619568,0.2875802218914032,-0.07491574436426163,-0.0021415867377072573,-0.0021298157516866922,AM7223
0.059586334973573685,-0.39353057742118835,-0.02889571711421013,0.3313334882259369,0.34659963846206665,0.4569909870624542,-0.2929908037185669,-1.5190935134887695,0.7520754933357239,1.103358268737793,0.38280510902404785,-0.8132525682449341,0.011469217948615551,-0.826744019985199,1.0206934213638306,-0.5801054239273071,-0.19489844143390656,0.3598974049091339,1.3609862327575684,0.5856520533561707,0.7513139247894287,-0.05221322923898697,-0.002026437781751156,-0.0012701614759862423,AM7224
0.05968356505036354,0.12490059435367584,0.3413531482219696,-0.47586795687675476,0.19803424179553986,-0.30073681473731995,0.5884619951248169,-0.3520611822605133,0.6555098295211792,0.37916100025177,0.05968581140041351,-0.11951595544815063,0.6729012727737427,-1.120210886001587,-0.17080140113830566,-0.18447165191173553,0.8532596826553345,0.6719540953636169,0.49027127027511597,0.0943145602941513,-0.30894535779953003,0.009613643400371075,1.922109368024394e-4,2.677440643310547e-4,AM7226
0.10159525275230408,-0.3558090627193451,0.5018504858016968,0.591778039932251,0.478279709815979,-0.32142800092697144,-0.5675526857376099,-1.0425208806991577,0.5589940547943115,2.001751184463501,-0.09950146824121475,-0.27755939960479736,0.5973517894744873,-0.43900516629219055,1.5022660493850708,-0.7002927660942078,-1.0172936916351318,-0.1915680170059204,-0.13606835901737213,0.3406016230583191,0.5303432941436768,0.13427618145942688,0.001936088316142559,0.004721827805042267,AM7228
0.04866292327642441,0.2749151587486267,0.7425966262817383,-0.30742180347442627,0.16691620647907257,-0.5610150694847107,-0.008201079443097115,0.4048016369342804,0.2192954123020172,-0.10036958754062653,1.180891990661621,-0.26233458518981934,0.022246725857257843,-0.281019926071167,0.24647937715053558,-0.15141725540161133,0.47111424803733826,0.1551477164030075,0.18483538925647736,-0.12769946455955505,-0.4618600904941559,-0.07408033311367035,-0.00109522242564708,-0.0026086100842803717,AM7229
0.2864050567150116,0.16407595574855804,0.6437929272651672,-0.4446851909160614,0.5880584120750427,-0.7589690685272217,-0.06526388227939606,-0.1318116933107376,0.4663020968437195,0.5749256610870361,-0.39588701725006104,-0.6697314977645874,0.6677766442298889,-0.5687700510025024,-0.38379141688346863,-0.47230207920074463,0.11554139852523804,-0.1386796087026596,0.36000365018844604,0.07386939227581024,-0.20444081723690033,0.010737699456512928,1.6217840311583132e-4,3.4581622458063066e-4,AM7230
-0.026777630671858788,-0.1897817999124527,0.583558976650238,0.6797888875007629,0.126863032579422,-0.21628634631633759,-0.6444957256317139,-0.23853856325149536,-0.6743382811546326,2.3417584896087646,-1.1997798681259155,-0.48639193177223206,1.3707101345062256,-0.5312805771827698,0.6734508275985718,-0.8623307943344116,0.5739989876747131,0.7018115520477295,-0.6122896075248718,-0.1495700180530548,-0.47797542810440063,-0.1764041781425476,-0.0029344731010496616,-0.0059814718551933765,AM7236
0.01038307510316372,0.08592206239700317,0.42186859250068665,-0.1891607642173767,-0.009901602752506733,-0.3553985357284546,0.7937124967575073,-0.49268558621406555,0.055594876408576965,0.8374663591384888,-0.4530711770057678,-0.2394803911447525,1.941010594367981,-0.43685969710350037,-0.3217376470565796,0.27872011065483093,0.22139257192611694,-1.171592354774475,0.30738529562950134,0.07925500720739365,0.3768683969974518,-0.005289213266223669,-4.5454248902387917e-4,-9.377072274219245e-7,AM7237
0.1567729115486145,0.2664068043231964,-0.19515609741210938,-0.18567058444023132,0.8060871958732605,-0.7881015539169312,-1.1127095222473145,-0.62001800537109375,0.07956027239561081,0.4579409956932068,-0.5605854392051697,0.23283223807811737,-0.8043807744979858,-0.0014597921399399638,0.5061241388320923,0.07357090711593628,0.6928008794784546,0.014117029495537281,-0.09337521344423294,-0.11918165534734726,-0.18394038081169128,-0.025242004543542862,-2.859205415006727e-4,-9.219190687872469e-4,AM7241
0.23930220305919647,0.2647321820259094,-0.3049716055393219,-0.14614655077457428,0.7350813746452332,0.569503664970398,-0.7631918787956238,-0.9952781200408936,0.23939302563667297,-0.746661901473999,-0.6699800491333008,0.37006980180740356,-0.08444759249687195,-0.5540332198143005,0.4756486117839813,-0.16564014554023743,0.28279170393943787,-0.2485564947128296,-0.41312432289123535,-0.23213036358356476,-0.08436748385429382,-0.04478348791599274,-5.299849435687065e-4,-0.0015925284242257476,AM7242
0.04680536314845085,-0.43887385725975037,0.14885447919368744,-0.030696392059326172,0.10547436773777008,1.1076233386993408,-0.10615477710962296,-1.4031730890274048,-0.28790491819381714,-0.6922422647476196,0.44504737854003906,-0.34462568163871765,-0.34146732091903687,-1.5639381408691406,-0.2438327968120575,-0.29084864258766174,1.07240891456604,-0.43985554575920105,-0.3610343933105469,0.20885340869426727,-0.5988985300064087,-0.08242635428905487,-0.0017161399591714144,-0.002676719333976507,AM7243
0.1722666472196579,0.39303967356681824,0.233381450176239,-0.37281787395477295,0.5521863698959351,0.4854501485824585,-0.45487338304519653,-0.24350571632385254,0.4008367955684662,0.4962640702724457,-0.6432878375053406,-0.474136620759964,-0.4351959824562073,0.20523111522197723,-0.5391600131988525,-1.2895420789718628,0.19306620955467224,0.2775665521621704,-0.30572590231895447,0.1461930274963379,-0.1967143416404724,0.05761101469397545,9.835768723860383e-4,0.0019485966768115759,AM7255
0.24251100420951843,0.25019508600234985,-0.23859070241451263,0.0841667577624321,0.5784035921096802,0.6646332740783691,-0.3751090466976166,-1.3830804824829102,0.2833411693572998,-0.905667781829834,-1.0127766132354736,0.744746744632721,-0.11675996333360672,-0.0696541965007782,0.5489029288291931,-0.003741654334589839,0.2894229292869568,0.20138990879058838,-0.13793762028217316,0.03859560191631317,-0.14856337010860443,-0.11112009733915329,-0.0021035035606473684,-0.003664449555799365,AM7256
-0.14959700405597687,-0.46773579716682434,-0.255161851644516,-0.3519376218318939,0.16828206181526184,-0.23748596012592316,-0.5144785046577454,-0.19675134122371674,0.3340001702308655,-1.7131834030151367,1.1397916078567505,-0.5548347234725952,-0.25932368636131287,0.39024659991264343,-0.9361214637756348,-0.6177915334701538,-0.26182591915130615,-0.6815342307090759,-0.5560086965560913,-0.26377591490745544,1.34333074092865,-0.05547863245010376,-0.0011699467431753874,-0.0016229449538514018,AM7260
0.09251278638839722,-0.28604456782341003,0.050835926085710526,0.3381006717681885,1.1566022634506226,1.4045419692993164,-0.38110587000846863,1.2093335390090942,2.167497396469116,-0.4814954102039337,-0.49030792713165283,0.14632950723171234,0.5773133039474487,2.7902438640594482,-1.4966453313827515,-0.36493033170700073,0.9686124324798584,0.41808634996414185,0.48874586820602417,-0.5363358855247498,0.19511891901493073,-0.23541998863220215,-0.003781764069572091,-0.008017129264771938,AM7261
0.014693905599415302,-0.23730012774467468,0.3681436777114868,-0.23786017298698425,-0.32362255454063416,-0.16152726113796234,-0.455057293176651,-0.3067306876182556,0.2980125844478607,-0.8929975032806396,-0.5190538167953491,-0.5236260294914246,0.05738917365670204,1.9920897483825684,-0.4140336215496063,0.26730796694755554,1.2431203126907349,0.31559625267982483,-0.07673583924770355,-0.3696136474609375,-0.38470393419265747,-0.2093571573495865,-0.0033882155548781157,-0.0071547809056937695,AM7266
-0.042562566697597504,-0.24753038585186005,0.32077890634536743,-0.12756730616092682,-0.6140519976615906,-0.16014452278614044,-0.6753136515617371,-0.23087269067764282,0.8636566996574402,-0.40400654077529907,-0.7823971509933472,-0.008289244025945663,0.34778857231140137,1.2260212898254395,-0.6178992390632629,-1.1343802213668823,-0.6287503242492676,-1.1594791412353516,0.0496610626578331,-0.02474348060786724,1.1827727556228638,0.11341588199138641,0.0017269884701818228,0.004025207366794348,AM7269
-0.025869758799672127,-0.4288938343524933,-0.02779037319123745,0.32177025079727173,0.2252206653356552,-0.1795736849308014,-0.6793485283851624,-0.6052803993225098,-0.8740951418876648,0.40536001324653625,1.0447871685028076,-0.7569064497947693,0.34874704480171204,0.016470476984977722,0.07959495484828949,-0.05437556281685829,1.1661607027053833,0.5219602584838867,0.32140734791755676,-0.7555012106895447,0.876011312007904,0.02157413400709629,0.0011787706753239036,4.5807185233570635e-4,AM7270
0.13213378190994263,0.2931186556816101,0.47400525212287903,-0.24116754531860352,1.0792295932769775,-0.49529924988746643,0.16764886677265167,-0.4094070792198181,-1.2355409860610962,0.30811604857444763,-0.2134237140417099,-0.7426615357398987,-1.1371902227401733,0.5176863074302673,-0.6028509736061096,-0.2800922095775604,-0.07307180762290955,0.6679095029830933,-0.3786565661430359,-0.5638300180435181,-0.27405327558517456,-0.012470081448554993,7.276994292624295e-4,-8.190400549210608e-4,AM7272
0.013738499023020267,0.38317930698394775,0.472852885723114,-0.20283149182796478,0.5112757086753845,0.4415263533592224,1.379185676574707,-0.7689226269721985,-1.2291783094406128,-0.2308705747127533,0.5519803762435913,-0.6186586618423462,-0.6335410475730896,1.2057483196258545,0.16528254747390747,-1.2801721096038818,0.5231133699417114,0.17326965928077698,0.1784529685974121,-0.6173635721206665,0.47378987073898315,0.26246684789657593,0.005720141809433699,0.008370533585548401,AM7273
0.037870582193136215,-0.13901185989379883,0.27236267924308777,0.7163829803466797,0.5240236520767212,0.3721076250076294,-0.22040626406669617,1.877602458000183,1.3676203489303589,-1.562041163444519,-0.9469574093818665,-1.3043241500854492,-0.5991755723953247,-1.0683952569961548,0.48556822538375854,-1.3146165609359741,0.3941025137901306,-0.04768427088856697,-1.4314051866531372,-0.44031354784965515,1.7534834146499634,0.27997729182243347,0.0053347572684288025,0.009422366507351398,AM7277
-0.05688975006341934,-0.3077993094921112,0.6435539126396179,0.5195925831794739,-0.3010760247707367,-0.2476821392774582,-0.7544790506362915,-0.4194013476371765,0.37593719363212585,0.4373767673969269,-0.07261654734611511,0.1711292266845703,-1.063595175743103,0.10909732431173325,0.9606536626815796,0.837133526802063,-1.1657201051712036,-0.15256629884243011,-0.6044862866401672,0.9979748129844666,0.25865936279296875,-0.10876844823360443,-0.0035058092325925827,-0.0029494010377675295,AM7278
-0.18372876942157745,-0.26722395420074463,0.14783871173858643,1.0057638883590698,0.42545488476753235,0.13583920896053314,0.6897932887077332,1.0127800703048706,1.2465600967407227,0.6428878307342529,1.0856904983520508,1.6958054304122925,-1.128273367881775,0.6552621126174927,-0.8986998796463013,-0.02580145187675953,0.035656362771987915,0.09669569879770279,-0.03507938235998154,0.22966663539409637,-0.45492956042289734,-0.49411407113075256,-0.00958916638046503,-0.0161898136138916,AM7280
-0.24621164798736572,-0.18350988626480103,-0.10237584263086319,0.7881981134414673,0.8977013826370239,-0.4808056056499481,0.7367857098579407,2.5050013065338135,-1.5093388557434082,-1.8503597974777222,-1.2521018981933594,-1.1899138689041138,0.9347864985466003,0.32841992378234863,2.388439655303955,-0.2935236394405365,1.458654761314392,-1.0184532403945923,-0.5347355008125305,2.1087870597839355,-0.7631520628929138,-0.03671805188059807,-0.0034193769097328186,-1.2919084110762924e-4,AM7283
-0.19951258599758148,0.3728282153606415,0.6717416048049927,-0.3013766407966614,0.02095762826502323,-0.20622500777244568,0.3555016815662384,0.9583108425140381,-1.1296344995498657,-0.6372426748275757,1.1507012844085693,0.6374117136001587,0.23738010227680206,-0.10002033412456512,1.0863953828811646,-0.534095823764801,0.14405107498168945,0.505925714969635,-0.35004574060440063,-0.1104729175567627,-0.7490637302398682,-0.11650566756725311,-0.001807188498787582,-0.004045755136758089,AM7284
0.04679675027728081,0.4949222803115845,0.39040595293045044,0.5256105661392212,-0.48652923107147217,0.5768069624900818,-0.6017449498176575,0.12135899811983109,-0.9939199090003967,-1.4169014692306519,1.1148931980133057,1.7168300151824951,0.22179576754570007,-0.22127465903759003,-0.11717057228088379,-0.039650801569223404,0.5927484631538391,-0.654076337814331,-1.5634783506393433,-0.7635344862937927,0.5224919319152832,0.04747884348034859,0.0017133891815319657,0.0013375271810218692,AM7285
-0.014121495187282562,-0.3432653248310089,-0.11276329308748245,0.6969951391220093,1.3979449272155762,-0.43147405982017517,0.20331214368343353,0.6328312158584595,0.16861696541309357,0.28740984201431274,0.6643169522285461,0.4956274926662445,0.7779883742332458,0.6705890893936157,-1.5518063306808472,0.9364112019538879,-0.5132887363433838,-0.1563553810119629,0.9888473749160767,-0.24920517206192017,-0.18331316113471985,0.060942474752664566,0.0015453308587893844,0.0017809439450502396,AM7294
-0.03439776599407196,0.042105257511138916,0.4645288288593292,0.9518116116523743,0.10340318083763123,0.2864696681499481,1.2491751909255981,1.2551418542861938,-0.03402923047542572,-1.2125182151794434,-2.830902099609375,-2.28688383102417,-2.0632693767547607,-2.1071970462799072,-0.3588724732398987,1.9778187274932861,-0.09957230091094971,-0.1710478514432907,1.391313910484314,-1.1520713567733765,0.4100964069366455,-0.11049834638834,-7.601716206409037e-4,-0.004215407185256481,AM7295
-0.30742186307907104,-0.43294578790664673,0.12738634645938873,0.2653791010379791,-0.4250871241092682,0.10104456543922424,-0.18788617849349976,-0.39907240867614746,-0.8166561126708984,-1.237614393234253,2.538916826248169,0.34899404644966125,-1.026718258857727,-1.6601003408432007,-0.14630334079265594,0.08513202518224716,0.22822973132133484,-0.6885707378387451,0.23668907582759857,0.16771730780601501,4.897965700365603e-4,0.005171444732695818,-1.8081432790495455e-4,2.796580083668232e-4,AM7302
-0.19491086900234222,0.021976647898554802,0.5417195558547974,-0.23087535798549652,-0.5985654592514038,-0.5464704036712646,0.25446540117263794,0.7341322898864746,0.7991403341293335,-0.43491077423095703,0.1614169180393219,1.1199766397476196,0.3751363456249237,-1.166639804840088,-0.7362536191940308,0.03109612874686718,-0.2559622526168823,1.8554728031158447,0.17869503796100616,0.08795089274644852,0.5514971613883972,-0.2347855269908905,-0.0045952098444104195,-0.0076254685409367085,AM7303
-0.13550156354904175,0.2350265383720398,0.6350365877151489,-0.40181562304496765,-0.15642274916172028,0.12230206280946732,0.022355811670422554,1.097485065460205,0.5842779874801636,-0.8847042322158813,1.279581069946289,0.8327666521072388,0.2405422478914261,-1.1914399862289429,0.8921406865119934,-1.0770816802978516,-1.4334367513656616,0.6714553236961365,0.8936030268669128,-0.33769699931144714,-0.18615709245204926,-0.06568790227174759,-6.082904292270541e-4,-0.002468559890985489,AM7304
0.07281415164470673,-0.2260536551475525,0.15397445857524872,-0.7181318998336792,0.9210862517356873,-0.021673085168004036,-0.18576675653457642,-0.7622310519218445,-0.4644489288330078,-0.8537772297859192,-1.4555834531784058,-0.08761487901210785,1.498809576034546,-0.9244269132614136,-0.9805037379264832,-0.25920337438583374,-1.1999213695526123,0.09387051314115524,-0.9138955473899841,-0.4475650489330292,-0.4427069127559662,-0.06806294620037079,-4.4145199353806674e-4,-0.0025923261418938637,AM7312
-0.21345743536949158,-0.23025324940681458,-0.12538911402225494,0.9336472749710083,1.0701382160186768,-1.2399073839187622,0.7099785208702087,1.3673008680343628,-0.5351525545120239,0.27795571088790894,-0.44521239399909973,1.2372729778289795,0.06646239012479782,-0.37707042694091797,-0.6247581243515015,0.05427353084087372,-1.3459322452545166,-0.14087989926338196,-0.1008056253194809,-0.24204465746879578,0.1395321637392044,0.2102934867143631,0.004397182259708643,0.006754848174750805,AM7313
-0.16960284113883972,-0.21523436903953552,0.050291337072849274,0.900280773639679,0.5545832514762878,1.303851842880249,1.26886785030365,-0.34739264845848083,0.917482316493988,1.188460350036621,0.41524529457092285,1.9001963138580322,-0.13515743613243103,0.04322976991534233,-1.3325339555740356,-0.19016395509243011,1.5193326473236084,-0.1140352189540863,-0.4776279032230377,0.8834460377693176,-0.3794833719730377,0.0819888636469841,3.6263064248487353e-4,0.003184171626344323,AM7318
0.009824736043810844,0.44328752160072327,-0.2924171984195709,0.5518103837966919,-0.1721569001674652,0.5702335238456726,0.7908686399459839,-1.5643107891082764,-0.6023533940315247,-0.4133376181125641,-1.111138105392456,0.6184384822845459,0.6429007649421692,-0.09683360904455185,0.12220359593629837,-0.010923628695309162,-0.0920381173491478,0.3673873245716095,0.5440706610679626,0.4412655234336853,0.49797412753105164,0.06814564019441605,5.800346261821687e-4,0.0025542087387293577,AM7319
-0.07857827842235565,-0.41575416922569275,-0.29974520206451416,0.3476983606815338,1.843268632888794,0.45892107486724854,0.20778687298297882,0.031123695895075798,-0.15873628854751587,0.3725621700286865,-0.018653729930520058,0.9736751914024353,1.2500544786453247,0.1927260458469391,-0.08336842805147171,0.27201220393180847,-1.4758156538009644,0.2271122932434082,0.4353998005390167,-0.32281866669654846,-0.8489567041397095,0.472256600856781,0.009762004017829895,0.015093371272087097,AM7320
-0.30478009581565857,-0.41552504897117615,-0.33803001046180725,0.5561829805374146,0.5450877547264099,0.5261870622634888,0.45010244846343994,-1.0599526166915894,-0.8764641284942627,0.6687907576560974,1.3376566171646118,0.0924878865480423,-1.445370078086853,0.09708722680807114,1.2020634412765503,0.1821984499692917,-0.6342517137527466,0.813345193862915,0.3381972014904022,-0.8154935836791992,0.045620035380125046,-0.08755727857351303,-4.673101648222655e-4,-0.0033902062568813562,AM7321
-0.12947684526443481,0.4121282696723938,0.061704639345407486,-0.41817328333854675,0.10053861886262894,1.163811445236206,-0.22785493731498718,0.9114471673965454,-0.0380888469517231,0.35843855142593384,0.6919116973876953,-0.9063796401023865,0.401620477437973,0.5419900417327881,-0.06019331514835358,0.34354516863822937,-1.1847484111785889,-0.6166864633560181,-0.39118692278862,0.028003808110952377,-0.246673122048378,0.20876246690750122,0.004037965089082718,0.006816663779318333,AM7323
-0.11401621997356415,0.13927364349365234,0.3434194326400757,-0.1732734739780426,-0.5673792958259583,0.504124104976654,0.9517694711685181,-0.07409095019102097,-0.04524366557598114,0.8826403021812439,-0.9282122254371643,-0.001517647411674261,1.8369879722595215,-0.27246591448783875,-0.556147038936615,-0.11433130502700806,-0.10148964077234268,-1.3292269706726074,0.0019120763754472136,-0.5947543382644653,-0.26196250319480896,-0.028205938637256622,2.476269146427512e-4,-0.0012633090373128653,AM7325
-0.23669050633907318,0.1581537276506424,0.04848877713084221,-0.5761167407035828,0.7168835997581482,-0.53203284740448,1.1362085342407227,-0.3089885413646698,-0.766174852848053,0.11359498649835587,0.4090729355812073,0.4009931683540344,0.5017034411430359,0.16151417791843414,0.28689032793045044,1.0749226808547974,0.8053532242774963,0.9245258569717407,0.26227232813835144,0.0035910431761294603,0.6701869964599609,0.19549734890460968,0.0035726793576031923,0.006514276843518019,AM7327
-0.22143831849098206,0.46676674485206604,-0.10879435390233994,-0.16533659398555756,-0.4121038019657135,0.14067254960536957,-0.448682576417923,1.0498777627944946,-0.7373305559158325,1.364398717880249,0.07401802390813828,-1.0227473974227905,0.22591175138950348,0.3881556987762451,-1.3348937034606934,0.6293023228645325,0.08367222547531128,0.47618377208709717,0.16055668890476227,0.7088795900344849,0.20107688009738922,0.07890757918357849,5.013663321733475e-4,0.003008658532053232,AM7328
-0.10774414986371994,0.43078795075416565,-0.2737114429473877,0.2032974362373352,-0.6948853135108948,0.24371632933616638,-1.4332549571990967,0.9763944745063782,-0.45713600516319275,-0.0842040479183197,-0.12578615546226501,0.4598919749259949,1.1634399890899658,0.10156147181987762,-0.0013169675366953015,1.1461665630340576,0.49839258193969727,0.5022685527801514,0.37781035900115967,-0.1917157918214798,-0.07032018154859543,0.0623861588537693,0.001501827617175877,0.0018834519432857633,AM7329
-0.2741882801055908,-0.21997621655464172,0.3365444839000702,0.35009297728538513,-0.4492177367210388,0.5971085429191589,0.10583304613828659,-0.8234730362892151,-1.9029793739318848,0.5075701475143433,0.5006001591682434,-1.0854380130767822,0.763969361782074,1.2125221490859985,0.3972327411174774,1.2988299131393433,-0.9346336126327515,0.10933096706867218,0.4393002688884735,0.07055053859949112,1.1590830087661743,-0.3880980312824249,-0.007871251553297043,-0.01247938722372055,AM7332
-0.22965577244758606,0.4348970353603363,-0.40222084522247314,-0.1050475537776947,0.1914227157831192,0.2563675045967102,0.394091933965683,-0.15912196040153503,-0.9075378179550171,0.7603908181190491,0.4097968339920044,-0.7437580227851868,-0.5986337065696716,-0.4225778579711914,-1.6342730522155762,0.4451192021369934,-0.4604671895503998,-0.14486561715602875,-0.4047628343105316,0.7924290895462036,0.39629268646240234,0.0957198515534401,6.341930129565299e-4,0.003680744906887412,AM7333
-0.01416237372905016,0.5170679688453674,-0.2049844115972519,0.4104999005794525,-0.5458460450172424,0.6003148555755615,-0.48904985189437866,-0.2586256265640259,-1.1677589416503906,-0.4879186451435089,-0.3478640019893646,0.42345690727233887,1.2922766208648682,0.20560230314731598,-0.7330182194709778,0.975513219833374,0.6220706105232239,0.5743096470832825,-0.22760090231895447,0.09367679059505463,0.915464460849762,0.06382378935813904,8.309719851240516e-4,0.0023321753833442926,AM7334
-0.28060004115104675,-0.21794815361499786,-0.31007900834083557,-0.5557892918586731,0.2504170536994934,-0.7853407859802246,0.20173455774784088,-0.1139390617609024,0.3836030662059784,-0.5809536576271057,-0.11597954481840134,0.10997630655765533,0.2010815590620041,-0.08158686757087708,0.40998172760009766,1.2483878135681152,0.05351532623171806,-0.20730242133140564,-0.4566749930381775,-0.21060678362846375,0.7486873865127563,-0.13561555743217468,-0.00257591949775815,-0.004386285785585642,AM7336
-0.26635974645614624,-0.059278834611177444,-0.4222066402435303,-0.7070357799530029,0.3143833875656128,-0.6835215091705322,0.8174552321434021,-0.23385101556777954,0.6401306986808777,0.19856427609920502,0.43602147698402405,0.0825589969754219,0.1970759481191635,-0.24184192717075348,0.846691906452179,0.7922381162643433,0.2519834637641907,-0.0723414495587349,-0.47477033734321594,-0.12533439695835114,0.6293992400169373,0.09119877219200134,0.0016858330927789211,0.0030800190288573503,AM7337
-0.1354779154062271,0.4599718451499939,0.03898283839225769,-0.06645146757364273,0.09398063272237778,-0.4387441873550415,-0.15279841423034668,0.2859692871570587,-1.0568279027938843,1.345866322517395,-0.03302273154258728,-0.042863573879003525,-0.9414153099060059,-0.508176863193512,-0.4153933525085449,0.6639813780784607,-0.047146108001470566,-1.2398309707641602,-1.225245475769043,-0.38697490096092224,-0.46434924006462097,-0.12083351612091064,-0.0017088891472667456,-0.004208473023027182,AM7343
-0.2890665531158447,0.020522691309452057,-0.25368374586105347,-0.6319120526313782,0.05007675662636757,-0.42468395829200745,0.8594628572463989,0.5560320615768433,0.3340323269367218,0.107188880443573,0.3522587716579437,0.4507612884044647,1.0556848049163818,-0.8216173648834229,-0.32447218894958496,0.8215734958648682,0.5901200175285339,-0.3392226994037628,-0.3346739113330841,0.10005698353052139,0.041743818670511246,-0.17944040894508362,-0.0036482561845332384,-0.00578472763299942,AM7344
-0.0158845204859972,-0.41561159491539,0.26052218675613403,-0.24128185212612152,-0.6739181280136108,1.264603614807129,-1.7283023595809937,0.24948599934577942,-0.3861898183822632,-0.23011156916618347,0.674550473690033,-1.3521474599838257,1.212793231010437,0.20797708630561829,-0.0797262042760849,1.6974412202835083,0.692218542098999,-0.7874429821968079,-0.22297696769237518,-0.12114302814006805,-0.47625574469566345,0.18273687362670898,0.003713886486366391,0.0058557684533298016,AM7345
-0.13075882196426392,-0.221408873796463,0.12904193997383118,0.45597460865974426,-0.1116834506392479,1.5938202142715454,-0.8018479943275452,0.5031068325042725,0.4399171769618988,1.489081621170044,0.7953847646713257,-0.2840188443660736,1.3532549142837524,-0.6996139883995056,0.9536690711975098,0.17097611725330353,-0.4401087760925293,0.36542004346847534,-1.34382164478302,-0.500525176525116,0.30288469791412354,-0.021906821057200432,2.235382271464914e-4,-9.122759802266955e-4,AM7346
-0.05551377683877945,0.4203616678714752,-0.309015691280365,-0.35622283816337585,0.44568490982055664,1.1184386014938354,-0.2813646197319031,-0.30864325165748596,0.21495649218559265,0.1778811663389206,-0.42265862226486206,-0.7785954475402832,-1.010576844215393,0.0703045204281807,0.006587074138224125,0.5253449082374573,-0.28772851824760437,0.020440613850951195,-0.06787750124931335,0.39512622356414795,-0.4995531141757965,-0.013866862282156944,-6.268167053349316e-4,-3.5566091537475586e-4,AM7353
-0.287541925907135,0.13803881406784058,-0.5284483432769775,-0.6586487889289856,0.41487324237823486,-0.04913032054901123,0.25073400139808655,0.40368202328681946,0.5991672873497009,0.5073286890983582,0.2590266168117523,-0.5669779181480408,-0.281613290309906,0.8266279101371765,1.0913290977478027,0.22939123213291168,0.193550705909729,-0.043218713253736496,-0.36207759380340576,0.14884455502033234,-0.4657895565032959,-0.041600070893764496,-8.988757035695016e-4,-0.0013525878312066197,AM7354
0.13941705226898193,0.4293781518936157,0.2378765195608139,0.33461523056030273,-0.4993877410888672,-0.6260086297988892,-1.5629909038543701,0.14937430620193481,1.1722841262817383,-0.08702734857797623,-0.46623551845550537,1.00528883934021,-0.9254476428031921,0.31920328736305237,0.6910170912742615,0.3458048105239868,-0.10661401599645615,0.5807246565818787,0.30375343561172485,-0.35557907819747925,0.2543608248233795,0.10258635133504868,0.0024371440522372723,0.00317006791010499,AM7356
0.0377780981361866,-0.1763487011194229,0.9350838661193848,0.09321726858615875,-0.914728581905365,-0.8779827356338501,-0.8286533355712891,0.27107492089271545,1.6734040975570679,-0.6431747078895569,0.33298033475875854,0.6126546859741211,-0.8987184166908264,0.8332399129867554,0.7491791248321533,1.915423035621643,-0.507495641708374,0.3940590023994446,0.1443226933479309,0.06444044411182404,-1.1644450426101685,0.3691621720790863,0.007422478403896093,0.011820568703114986,AM7359
-0.2581467032432556,-0.10173770785331726,0.27631720900535583,-0.1479843258857727,-0.45470958948135376,0.09592486917972565,1.3020187616348267,-1.2221649885177612,-0.41713184118270874,-0.841768741607666,-0.7088462710380554,0.3426154851913452,-0.17055527865886688,1.4204368591308594,0.5367472171783447,0.46675753593444824,-0.35722947120666504,-1.1132628917694092,0.37964001297950745,-0.1713324338197708,-0.036397840827703476,0.09679067879915237,0.0019740876741707325,0.003105480456724763,AM7361
-0.42033350467681885,-0.32341593503952026,-0.28201717138290405,-0.3081652522087097,-0.1441822648048401,0.026563674211502075,0.3463018238544464,-0.6818766593933105,0.05944626033306122,-0.32555675506591797,-1.0224977731704712,0.25853902101516724,-0.7073774933815002,1.7758227586746216,1.5733096599578857,-0.12903602421283722,-0.9044305682182312,-0.37510666251182556,-1.4112199544906616,-0.7074404358863831,-0.35446593165397644,-0.07206450402736664,-2.6919462834484875e-4,-0.0028042467311024666,AM7362
-0.12666545808315277,0.33355024456977844,-0.32045963406562805,-0.3809143304824829,0.1709812730550766,0.26561298966407776,-0.9668330550193787,1.0749714374542236,1.0048129558563232,0.46041080355644226,0.6279576420783997,-1.0385431051254272,-0.5301095843315125,0.2673340141773224,0.250546395778656,0.18038809299468994,-0.8885170817375183,-0.058470021933317184,0.10161716490983963,0.5764554142951965,0.23381508886814117,-0.100550577044487,-0.0027828419115394354,-0.002931199036538601,AM7365
-0.0801473930478096,-0.11461202055215836,0.022669412195682526,-0.635588526725769,0.01209625881165266,0.15763816237449646,0.43423014879226685,-0.5772975087165833,0.9068987965583801,-0.29515209794044495,-1.475225567817688,0.2231403887271881,1.0630439519882202,-0.48904770612716675,0.21519625186920166,0.28290265798568726,-0.8379613757133484,-0.1869433969259262,-0.11189213395118713,-0.39467132091522217,-0.5096363425254822,-0.22953201830387115,-0.0036686831153929234,-0.007872570306062698,AM7372
-0.002762316493317485,0.29211777448654175,-0.09597455710172653,0.7678363919258118,-0.9914835095405579,-0.06150881201028824,1.3013626337051392,-0.7203927040100098,0.3241868317127228,-0.658484160900116,0.46965205669403076,-0.4951886832714081,0.26455312967300415,-0.08173059672117233,-0.15095388889312744,-0.9697868824005127,-0.32776761054992676,0.2760147154331207,0.1587921380996704,-0.020698538050055504,-0.4856058359146118,-0.08425310999155045,-0.001389090670272708,-0.0028946802485734224,AM7373
0.095944344997406,0.4105922281742096,0.05905723571777344,0.596926212310791,-0.22598259150981903,-0.0484798438847065,0.16421827673912048,-1.2042059898376465,-0.19141003489494324,-0.3300449252128601,0.013741189613938332,1.0989251136779785,-0.7362055778503418,0.08915991336107254,0.1631137579679489,0.37836122512817383,0.780484139919281,-0.2014411985874176,-0.4964377284049988,-0.3355099856853485,0.10355841368436813,0.13260360062122345,0.0029257868882268667,0.004215029068291187,AM7380
-0.04703052341938019,0.2902882695198059,-0.28879618644714355,0.3068352937698364,0.2492305040359497,-0.9772298336029053,-0.1425284892320633,-0.6040048003196716,-0.4364299178123474,-0.3046676814556122,0.5836920738220215,0.980033278465271,-1.0574593544006348,0.31244274973869324,0.5207486748695374,0.317322701215744,0.5363009572029114,-0.06938856095075607,0.13931378722190857,-0.28187376260757446,-0.05799810588359833,0.114535853266716,0.0025625131092965603,0.003590367501601577,AM7382
-0.18529510498046875,0.14224575459957123,0.15213961899280548,-0.2110747992992401,-0.6702671051025391,0.21906062960624695,1.2692264318466187,-0.006510686594992876,1.2982121706008911,0.24404896795749664,0.15050539374351501,0.3313709795475006,0.06278864294290543,0.042691346257925034,0.4087691307067871,-0.19449494779109955,0.7737413644790649,-0.5743420124053955,1.1847268342971802,0.38062477111816406,0.21987122297286987,0.1426670402288437,0.0020248659420758486,0.004952710121870041,AM7383
-0.05142088234424591,0.1713978350162506,-0.754263162612915,0.31821468472480774,-0.5536049008369446,-0.32540565729141235,-0.28931668400764465,0.05763757601380348,0.7120557427406311,-0.34603598713874817,0.5479128360748291,-0.4148007035255432,0.4137200117111206,-0.03940386325120926,0.3391193151473999,0.03529023751616478,-0.10057133436203003,0.341349720954895,0.10987899452447891,0.1362866312265396,-0.05291374772787094,-0.01844489574432373,-4.908735281787813e-4,-5.6015036534518e-4,AM7384
-0.006862373556941748,0.2272016704082489,-0.4945049285888672,0.5028814077377319,-0.9386423230171204,0.20022715628147125,0.684284508228302,-0.5745468735694885,1.0013984441757202,-0.4677804708480835,0.7386757731437683,-0.6056094765663147,0.012066326104104519,-0.45994535088539124,-0.050246838480234146,-0.4323369562625885,-0.11448206007480621,-0.09748844802379608,-0.011112269014120102,0.11863695830106735,-0.5578014254570007,-0.19685009121894836,-0.0037508418317884207,-0.006506193429231644,AM7385
-0.12067772448062897,-0.010514135472476482,-0.02280362695455551,-0.49289920926094055,0.12484700977802277,1.0253922939300537,1.0570521354675293,-1.164552092552185,1.4296295642852783,-0.6535794734954834,-0.3754660189151764,-0.5159793496131897,-0.6042064428329468,0.2768392860889435,0.5791937708854675,1.4495751857757568,0.3662518262863159,1.0304903984069824,0.10478877276182175,0.679879903793335,0.2665592133998871,0.12993112206459045,0.0015745263081043959,0.004631339572370052,AM7386
0.014089832082390785,0.4035859704017639,-0.29438984394073486,0.3925490379333496,-0.5264678001403809,-0.1958659440279007,-0.41166239976882935,-0.5037182569503784,0.726126492023468,0.7875611782073975,-0.9087399244308472,0.9047107100486755,-0.26824498176574707,-1.223157286643982,-0.8593311309814453,-0.25736284255981445,0.3351268172264099,-0.6297650933265686,-0.01878097467124462,0.1619129478931427,0.37942513823509216,6.154091097414494e-4,-3.8487292476929724e-4,2.2758918930776417e-4,AM7387
-0.018290404230356216,0.10646845400333405,-0.6064470410346985,0.43220365047454834,-0.8613376021385193,-0.6397242546081543,0.06745299696922302,0.4065631628036499,0.5868963003158569,-0.6681959629058838,0.9091009497642517,-1.3671114444732666,1.165601372718811,0.4341196119785309,-0.2976434528827667,-0.5654911994934082,-0.11983903497457504,0.7848036289215088,0.006202956195920706,-0.4617345929145813,-0.35356804728507996,0.09292493760585785,0.0025979350320994854,0.0026811975985765457,AM7388
-0.06979940086603165,0.5149738192558289,0.31152239441871643,0.1567024141550064,-0.35920798778533936,-0.06428001075983047,-0.5044935345649719,0.7804434895515442,-0.10463458299636841,0.7440505623817444,0.2535232901573181,0.6859129667282104,-0.8873704671859741,-0.14723332226276398,-0.4857463240623474,-0.4153696596622467,-0.6952831745147705,-1.3085533380508423,-0.6850399971008301,-0.07217521965503693,0.16747887432575226,-0.024892505258321762,-5.088658072054386e-4,-7.515198667533696e-4,AM7409
-0.23697823286056519,-0.2322792261838913,0.06138225272297859,-0.01964210346341133,-0.4625668227672577,-1.2877947092056274,0.08789627999067307,-0.2918296754360199,-0.6742333173751831,-0.06000927835702896,-0.2702386975288391,0.5188772082328796,-0.027107946574687958,0.7659314870834351,-0.7049655914306641,-0.007091980427503586,-0.2858356535434723,-0.8089740872383118,-0.6674261689186096,-0.3119772672653198,0.09634077548980713,-0.028261324390769005,-2.2334977984428406e-4,-0.0010181143879890442,AM7416
-0.05263374373316765,0.16666725277900696,-0.37243160605430603,0.8320558667182922,-0.8840789198875427,-1.7469991445541382,0.6986393928527832,-0.4358863830566406,0.643460750579834,0.9672073721885681,-0.4591980576515198,-1.176254391670227,0.4206957519054413,0.49223941564559937,-0.10487093776464462,-0.5959376096725464,0.3573440909385681,0.5346129536628723,-0.317495733499527,-0.3187166750431061,-0.4052700400352478,0.10303028672933578,0.0025867889635264874,0.003106324700638652,AM7419
-0.02322474680840969,0.20191039144992828,-0.3994434177875519,0.529941976070404,-0.7910099625587463,0.21377520263195038,0.7799429297447205,-0.29268744587898254,0.2962900996208191,-1.026224136352539,0.5328500866889954,-1.4821513891220093,0.7232818603515625,0.5612248182296753,0.015091788955032825,-0.7055554986000061,-0.6777954697608948,0.7722445130348206,-0.17380422353744507,-0.40425294637680054,-0.8533785343170166,0.06269081681966782,0.002144662430509925,0.0015983028570190072,AM7420
-0.017803598195314407,0.3240453898906708,-0.6638427972793579,0.12710271775722504,-0.2142941802740097,-0.30509766936302185,-1.1176292896270752,-0.025740398094058037,0.3661797344684601,0.10752598196268082,-1.0194703340530396,0.7463020086288452,0.4768712818622589,-0.21439652144908905,0.1600808948278427,-0.3842177093029022,0.006185581441968679,-0.004304348025470972,0.25353437662124634,-0.335989385843277,0.08961036801338196,0.06140723451972008,0.0016072581056505442,0.0018388030584901571,AM7426
-0.07137245684862137,0.4975023567676544,-0.14790351688861847,0.026427317410707474,-0.42520686984062195,0.4865858852863312,-0.3396883010864258,0.02087447978556156,0.25874677300453186,1.1227248907089233,-1.1490633487701416,0.18004542589187622,-0.3625718951225281,0.3727005422115326,0.7503822445869446,-0.8627523183822632,-0.6806963086128235,-0.9403713345527649,0.7956496477127075,0.14893139898777008,-0.03534803166985512,0.02173638343811035,1.371132384520024e-4,8.074112120084465e-4,AM7427
-0.24855390191078186,-0.286642849445343,0.15394684672355652,-0.12597593665122986,-0.6514591574668884,-0.07200401276350021,0.49129724502563477,-0.5854390263557434,-0.43845072388648987,-0.5460196733474731,-0.7806214094161987,0.8795835375785828,-0.35188186168670654,-0.33607733249664307,-1.0339125394821167,-0.6987781524658203,-0.8016231656074524,0.3304003179073334,-0.20360839366912842,0.9522011876106262,-0.5545556545257568,-0.02929839678108692,-0.0016271887579932809,-5.558852571994066e-4,AM7492
-0.0399799682199955,-0.3873693645000458,-0.11780659854412079,-0.24908111989498138,-0.8141344785690308,0.9480138421058655,0.20900632441043854,0.3759908974170685,-1.344778060913086,-0.6865816712379456,-1.1588237285614014,0.2326825112104416,-0.5905919075012207,-0.6309738755226135,-1.1553586721420288,-0.6119375824928284,-1.3943852186203003,1.2026487588882446,0.49053484201431274,0.6867856383323669,-0.37617775797843933,0.1825331300497055,0.002851430792361498,0.006197899580001831,AM7493
-0.035669732838869095,-0.5493280291557312,-0.18618722259998322,-0.4129861295223236,-0.5511488914489746,0.06499052047729492,-0.49310019612312317,0.6965737342834473,-1.6296131610870361,-0.34307903051376343,-0.0572068952023983,0.4262813627719879,-0.8868323564529419,0.5762801766395569,-0.7925435900688171,-1.8076732158660889,0.04001881182193756,0.5180956125259399,0.472627192735672,0.3759066164493561,0.18733510375022888,0.2180372178554535,0.0036085303872823715,0.0074048638343811035,AM7495
-0.04744456708431244,-0.6582813262939453,-0.5738397836685181,-0.4442776143550873,-0.24372954666614532,0.4588639438152313,-0.22575783729553223,0.6163144707679749,-1.1681771278381348,0.789108157157898,-0.4202786087989807,0.2363269031047821,-1.090291976928711,-0.9981050491333008,0.30973362922668457,-0.797044038772583,0.7836384773254395,-0.268259733915329,0.19184593856334686,-1.2236964702606201,-0.5187274813652039,-0.028063939884305,0.0012689244467765093,-0.0017051934264600277,AM7589
-0.054503701627254486,-0.13807401061058044,-0.14211209118366241,-0.8391836881637573,-0.4299788177013397,0.2501477599143982,0.8351768255233765,1.2801018953323364,-0.0013206966686993837,1.1315217018127441,-0.9661000370979309,0.8449987769126892,-0.03682417795062065,-0.018216820433735847,0.35046786069869995,-0.3507104218006134,0.7281365990638733,0.9505821466445923,-0.4106955826282501,-0.15674714744091034,0.645879328250885,0.05680712312459946,0.0011666400823742151,0.001903198310174048,AM7591
-0.03869694098830223,-0.5435676574707031,-0.2910971939563751,1.9143732788506895e-4,-0.7971361875534058,-0.11779707670211792,-0.8108866810798645,0.8640126585960388,-0.5595823526382446,1.4339231252670288,-0.39166420698165894,-0.3475012481212616,-0.2889111042022705,0.09121342748403549,0.22062553465366364,-0.05891374126076698,0.8429621458053589,0.6094661951065063,1.1247498989105225,-0.38154205679893494,-0.20566441118717194,0.10468132048845291,0.0026351911947131157,0.003109855344519019,AM7628
-0.025940703228116035,-0.44874024391174316,-0.10430625081062317,-0.6212455630302429,-0.7298184633255005,0.05155327916145325,-0.27773556113243103,0.6264144778251648,-0.63460373878479,0.2770155072212219,-1.3117808103561401,0.8019838333129883,-0.6421712636947632,0.08752909302711487,-0.47272729873657227,-0.4043337404727936,-0.1984850913286209,0.4020707309246063,-0.32579299807548523,-0.08400862663984299,-0.11126407235860825,-0.15984603762626648,-0.0028727694880217314,-0.005312920548021793,AM7629
0.0160751361399889,-0.559170126914978,-0.1992395967245102,-0.2195829302072525,-0.6881614923477173,0.8691434264183044,-0.4899079203605652,0.14309434592723846,0.9250220060348511,0.7966632843017578,-0.1563423126935959,0.3283289968967438,-1.3920801877975464,-0.4569423496723175,-0.06548627465963364,0.3593178987503052,0.8915008306503296,-0.8947992324829102,-0.08453619480133057,0.2285255640745163,-0.7895890474319458,0.17671072483062744,0.0032458214554935694,0.005786011926829815,AM7633
-0.021001258864998817,-0.1132790669798851,-0.28820833563804626,-0.892540693283081,-0.05253923684358597,-0.14763987064361572,1.1564257144927979,0.5473501682281494,0.7966241836547852,0.9771189093589783,-0.013725071214139462,0.8286104798316956,-0.6069945096969604,-0.402964323759079,0.5798046588897705,0.6356115937232971,0.6545178294181824,0.49213907122612,-0.09084160625934601,-0.1622823029756546,0.4435320794582367,0.13081678748130798,0.002618480706587434,0.00427551893517375,AM7634
