V1
1.174999070280036
0.5951781857604646
0.4093593814339013
0.2396313806371996
0.1068039851448818
0.07516937870935968
0.03914448782898119
0.03011419762694921
0.02046547590756685
0.015107488944741804
0.012466102031020119
0.009441028613436079
0.008606071445783497
0.006849793281232428
0.006203256804476537
0.0055187197405555
0.004837120649610187
0.004086389577910799
0.004031403808918743
0.003390542881086083
0.0035373116862984872
0.00263966360400277
0.002452617874680268
0.0024482533033637482
0.0024401835558973163
0.0024341735743745587
0.002431223233673807
0.0024249392211126005
0.0024202927602904175
0.0024175560845271097
0.0024166480262922574
0.002409571044438893
0.0024026483097140373
0.0024002366834952305
0.0023987447584191417
0.002396681508908783
0.0023928123329146206
0.002389217257194921
0.002388312777429628
0.002383825256762453
0.002380019400121514
0.002378077446887693
0.00237536768071892
0.002371375082744476
