V1
4.152669594190495
2.8201035139647703
2.199803204260512
1.6622660168023733
1.0221264965321437
0.8113345708802874
0.556966920103216
0.463110367852356
0.3519418245577174
0.28404771845421245
0.24280714266693373
0.19906906597906596
0.18287485822121616
0.1530941650676409
0.14277627231704737
0.12850057499379908
0.11717864117270724
0.10465185445414316
0.1036077076966598
0.09393203611709434
0.09516624114965919
0.07993007825643247
0.07647346985927495
0.07557821432255078
0.07415197259298467
0.07300041569278917
0.07239816505184776
0.07115669876663197
0.07021685760115885
