PEER1,PEER2,PEER3,Donor
-0.0086979009211063385,0.075131855905056,-0.17212359607219696,AM7180
0.010338705964386463,0.06805762648582458,-0.0794549509882927,AM7181
0.0012695774203166366,0.03702451288700104,-0.06404498964548111,AM7182
0.04928666353225708,0.05996418744325638,-0.10028955340385437,AM7188
-0.03982938081026077,-0.1460091769695282,-0.04561386629939079,AM7189
-0.021878862753510475,0.05820942297577858,0.11427546292543411,AM7196
0.004554239567369223,0.08927953988313675,-0.11885228008031845,AM7197
0.09257066994905472,-0.10276862978935242,0.237204447388649,AM7203
-0.012732937932014465,0.15005649626255035,0.0890856608748436,AM7204
0.005783775821328163,0.13658958673477173,0.04961133375763893,AM7205
0.28440046310424805,-0.013339177705347538,-0.04667751118540764,AM7208
0.2730979025363922,0.00427433243021369,0.020629802718758583,AM7209
0.34128090739250183,-0.03870801627635956,-0.031052954494953156,AM7211
0.32829660177230835,-0.045369185507297516,0.025721628218889236,AM7213
0.2610379755496979,-0.09564661979675293,-0.22620679438114166,AM7214
0.3461879789829254,-0.07468020915985107,-0.037905991077423096,AM7215
0.2915566563606262,-0.032972611486911774,-0.03963790461421013,AM7216
-0.04671110957860947,-0.11248341202735901,0.0019550032448023558,AM7221
-0.04091053828597069,-0.11479577422142029,-0.030454358085989952,AM7223
0.02179115079343319,-0.12408557534217834,0.0023914482444524765,AM7224
0.02433338388800621,0.037435851991176605,0.08608589321374893,AM7226
0.03723269701004028,-0.11036014556884766,0.15566936135292053,AM7228
0.019439080730080605,0.08578662574291229,0.20177432894706726,AM7229
0.11399311572313309,0.049548082053661346,0.17321906983852386,AM7230
-0.012444957159459591,-0.0572633296251297,0.1858241707086563,AM7236
0.004091000184416771,0.02598452940583229,0.11632557958364487,AM7237
0.06313124299049377,0.08246348053216934,-0.060359224677085876,AM7241
0.09518902748823166,0.08152908831834793,-0.09051454067230225,AM7242
0.018741721287369728,-0.13840839266777039,0.042557913810014725,AM7243
0.06900546699762344,0.12014010548591614,0.056680694222450256,AM7255
0.09634087234735489,0.08028127253055573,-0.0660819411277771,AM7256
-0.05810537934303284,-0.1498851627111435,-0.08434518426656723,AM7260
0.03334091603755951,-0.09396305680274963,0.018581338226795197,AM7261
0.007520676124840975,-0.07721918076276779,0.09931860119104385,AM7266
-0.017281070351600647,-0.07912526279687881,0.0869559645652771,AM7269
-0.010473272763192654,-0.13413314521312714,8.395414333790541e-4,AM7270
0.05305210500955582,0.09095121175050735,0.1304273158311844,AM7272
0.0061845784075558186,0.11955798417329788,0.13090962171554565,AM7273
0.009986198507249355,-0.04232654348015785,0.09455743432044983,AM7277
-0.024664781987667084,-0.09487880766391754,0.196895033121109,AM7278
-0.0758296549320221,-0.0833878219127655,0.06452054530382156,AM7280
-0.10054654628038406,-0.0523776113986969,-0.012012242339551449,AM7283
-0.076503224670887,0.1166476234793663,0.18201807141304016,AM7284
0.01585431583225727,0.15842214226722717,0.12096354365348816,AM7285
-0.007945884019136429,-0.1081230491399765,-0.0160665363073349,AM7294
-0.018622733652591705,0.018485471606254578,0.15707339346408844,AM7295
-0.1197357252240181,-0.1337277591228485,0.04410194233059883,AM7302
-0.07639060914516449,0.0060398271307349205,0.1468111127614975,AM7303
-0.05264803022146225,0.07365276664495468,0.17227141559123993,AM7304
0.0327250212430954,-0.07701816409826279,0.02517964504659176,AM7312
-0.08859878778457642,-0.07080326974391937,-0.01436272356659174,AM7313
-0.0699910819530487,-0.06750178337097168,0.032931145280599594,AM7318
0.0021684623789042234,0.14300139248371124,-0.06949074566364288,AM7319
-0.03133612498641014,-0.1333286613225937,-0.07787317037582397,AM7320
-0.11965703219175339,-0.1294359713792801,-0.08277921378612518,AM7321
-0.05030948668718338,0.12687045335769653,0.006310564465820789,AM7323
-0.043942663818597794,0.042827170342206955,0.09470142424106598,AM7325
-0.09061995148658752,0.04812965914607048,-0.0014613226521760225,AM7327
-0.08678282797336578,0.14550992846488953,-0.035276465117931366,AM7328
-0.042779117822647095,0.13715651631355286,-0.07194536179304123,AM7329
-0.10732845962047577,-0.06650926917791367,0.10624534636735916,AM7332
-0.08907972276210785,0.13527169823646545,-0.11830379068851471,AM7333
-0.006929496768862009,0.16531436145305634,-0.04847869277000427,AM7334
-0.10758624970912933,-0.07044496387243271,-0.10297206044197083,AM7336
-0.10083175450563431,-0.02035689726471901,-0.13938620686531067,AM7337
-0.05158598721027374,0.14495599269866943,0.007726319134235382,AM7343
-0.11098913103342056,0.004841022193431854,-0.0909135490655899,AM7344
-0.004073204006999731,-0.13130253553390503,0.07081597298383713,AM7345
-0.05401904508471489,-0.06989309936761856,0.048468392342329025,AM7346
-0.019890177994966507,0.12960755825042725,-0.09749364107847214,AM7353
-0.10955867916345596,0.040903981775045395,-0.16899843513965607,AM7354
0.05281500145792961,0.1365116983652115,0.0766647681593895,AM7356
0.014354496262967587,-0.05456544831395149,0.2716074585914612,AM7359
-0.09823981672525406,-0.03183397278189659,0.07608690857887268,AM7361
-0.16140425205230713,-0.102674700319767,-0.08847290277481079,AM7362
-0.04945844039320946,0.10326884686946869,-0.10216711461544037,AM7365
-0.026411816477775574,-0.03877421095967293,-0.008433075621724129,AM7372
-0.0040471539832651615,0.09485868364572525,-0.007164651528000832,AM7373
0.035350874066352844,0.12991563975811005,0.030205003917217255,AM7380
-0.01975780352950096,0.09269031137228012,-0.0746380165219307,AM7382
-0.07180385291576385,0.04510697349905968,0.040669556707143784,AM7383
-0.020462917163968086,0.05573020875453949,-0.20600607991218567,AM7384
-0.004087796900421381,0.07297760248184204,-0.1280110776424408,AM7385
-0.04477371647953987,-0.005710009019821882,-0.018060429021716118,AM7386
0.0018431385979056358,0.12878204882144928,-0.07523071020841599,AM7387
-0.009137949906289577,0.03519859537482262,-0.1604006588459015,AM7388
-0.030179917812347412,0.16243483126163483,0.09055996686220169,AM7409
-0.09103140234947205,-0.07211914658546448,0.015226809307932854,AM7416
-0.024128999561071396,0.056744758039712906,-0.0840442031621933,AM7419
-0.01022281777113676,0.06585141271352768,-0.10033312439918518,AM7420
-0.0074801379814743996,0.1026465892791748,-0.18639321625232697,AM7426
-0.02834841050207615,0.1576051115989685,-0.04052082449197769,AM7427
-0.09618055075407028,-0.08908548951148987,0.041863229125738144,AM7492
-0.01579577662050724,-0.12168081104755402,-0.039001546800136566,AM7493
-0.01300954818725586,-0.17160549759864807,-0.06386221200227737,AM7495
-0.01734945736825466,-0.20669957995414734,-0.17134572565555573,AM7589
-0.018680555745959282,-0.04545803740620613,-0.06277813762426376,AM7591
-0.015355465933680534,-0.16796132922172546,-0.08019940555095673,AM7628
-0.008578028529882431,-0.13991399109363556,-0.04573989659547806,AM7629
0.006432404275983572,-0.17570553719997406,-0.06204872950911522,AM7633
-0.006213846616446972,-0.037730541080236435,-0.10626370459794998,AM7634
