V1
0.43072995425494714
0.1869597326660683
0.12242192679897862
0.06799502741748573
0.03258925202629229
0.024898168292485093
0.016277904686728076
0.01388511495379803
0.01102399277761606
0.009118265303453353
0.008033320826215083
0.00658252955915955
0.006156981418103062
0.00514399068844752
0.004725979234853751
0.004291266013835823
0.0038171104585658063
0.0032635009074520422
0.003225993823277207
0.002680799550429392
0.00282555833405191
0.0020994734465751346
0.0020842622552496148
0.002084202466581873
0.0020840748140118414
0.0020840061558570506
0.0020839588400321826
0.0020838676604127532
0.0020837922577146353
0.002083768140604494
0.0020837400488503757
0.0020836442510641256
0.0020835452825197875
0.0020835077908681597
0.0020834928210803085
0.002083452681914419
