PEER1,PEER2,PEER3,PEER4,PEER5,PEER6,PEER7,PEER8,PEER9,PEER10,PEER11,PEER12,PEER13,PEER14,PEER15,PEER16,PEER17,Donor
-0.007797236554324627,0.07114635407924652,-0.16865991055965424,0.04240138828754425,0.06288008391857147,-0.0501815490424633,-0.11598624289035797,-0.02892112545669079,0.00530271278694272,-0.0951223224401474,0.0027545553166419268,0.0288265161216259,0.04946417734026909,-0.06846246123313904,-0.008921753615140915,-0.009168977849185467,-0.04770775884389877,AM7180
0.008061128668487072,0.06758370995521545,-0.06826728582382202,-0.06524650007486343,0.11889185011386871,-0.07560516893863678,-0.1404077708721161,0.05355757474899292,0.003700217232108116,-0.01979096233844757,0.12894701957702637,-0.030257854610681534,-0.0513327419757843,0.006194859743118286,-0.010078759863972664,-0.025794560089707375,-0.03174786642193794,AM7181
-0.0014184459578245878,0.03985190764069557,-0.04274117201566696,-0.1533757746219635,0.08819878846406937,0.003197896294295788,-0.04718008264899254,0.06575805693864822,0.11837008595466614,-0.023367052897810936,0.15449115633964539,-0.06305389851331711,0.025222139433026314,-0.12359043955802917,-0.06977249681949615,-0.01706654392182827,-0.06127772852778435,AM7182
0.04706262797117233,0.05775568634271622,-0.09652215987443924,0.007644455414265394,0.12335476279258728,-0.08767740428447723,-0.17360857129096985,-0.04273640736937523,-0.04114817455410957,-0.14269940555095673,0.03541441634297371,0.09437195211648941,0.00476956507191062,-0.054359205067157745,-0.00763807725161314,0.017134476453065872,0.0454980842769146,AM7188
-0.03906046226620674,-0.1396656334400177,-0.042281340807676315,-0.03146933391690254,0.037131596356630325,-0.12952788174152374,-0.13704173266887665,-0.03181806951761246,-0.09267129749059677,-0.07869887351989746,0.03127903863787651,-0.0807325541973114,0.10506448894739151,-0.05061602592468262,-0.04700307920575142,-0.03351089358329773,0.07136982679367065,AM7189
-0.022122882306575775,0.05815780535340309,0.11907920986413956,-0.09327738732099533,0.030190352350473404,0.11265267431735992,0.11113104224205017,0.00780020747333765,0.05351243540644646,-0.1286052018404007,0.17896214127540588,0.01978091523051262,0.0668412372469902,0.003908664453774691,0.020644351840019226,-0.16259652376174927,0.0240932609885931,AM7196
0.004151226487010717,0.08654428273439407,-0.11619769036769867,0.006518013309687376,0.09853504598140717,0.044569943100214005,-0.15110507607460022,-0.007828827947378159,-0.07697487622499466,-0.1311103254556656,-0.049062468111515045,0.04202314466238022,0.039912961423397064,-0.035970766097307205,0.0339774452149868,0.018649907782673836,-0.032879095524549484,AM7197
0.08763992041349411,-0.09508492052555084,0.22756895422935486,-0.005068505648523569,0.026141265407204628,-0.05428553372621536,-0.12417958676815033,-0.15935522317886353,0.02393364906311035,-0.08649937808513641,0.02991509437561035,-0.05751638114452362,0.004184429533779621,-0.046883437782526016,-0.12377706915140152,0.07213961333036423,0.03036482445895672,AM7203
-0.012943011708557606,0.1444370150566101,0.08942639082670212,-0.024371862411499023,0.06558090448379517,-0.007264034356921911,-0.007239134982228279,0.026317013427615166,-0.07437165826559067,0.10769488662481308,0.0015775567153468728,-0.11161691695451736,-0.12485913187265396,0.13809096813201904,0.0015943810576573014,-0.07773692905902863,0.018437569960951805,AM7204
0.0056954133324325085,0.13289295136928558,0.05208386108279228,-0.031137477606534958,0.08921502530574799,-0.01958261989057064,-0.01191138569265604,-0.031110279262065887,-0.07544494420289993,0.07628223299980164,-0.01107470691204071,-0.12391465902328491,-0.16799356043338776,0.03126554563641548,-0.11009945720434189,-0.026319799944758415,0.029008498415350914,AM7205
0.2706115245819092,-0.013871865347027779,-0.04145437851548195,-0.03403051197528839,-0.03418916463851929,0.04932679235935211,0.06314252316951752,0.076084233820438385,-0.12481293827295303,-0.014377073384821415,0.021352384239435196,0.14771932363510132,0.01005467027425766,0.037430040538311005,0.07009530067443848,-0.0022625229321420193,-0.06492552161216736,AM7208
0.2609376609325409,0.0018349213059991598,0.021311547607183456,-0.028643373399972916,-0.08057335019111633,7.778413128107786e-4,0.006024293601512909,0.13563711941242218,-0.1487312763929367,0.01935526356101036,-0.01711028441786766,0.1752600073814392,0.041033677756786346,0.06351632624864578,0.1318604201078415,0.041583869606256485,0.07155581563711166,AM7209
0.32462334632873535,-0.0358714796602726,-0.025984039530158043,-0.03431805223226547,0.008484144695103168,0.07574176788330078,0.05278022959828377,0.03405687212944031,-0.005834493786096573,-0.044403642416000366,0.051562003791332245,0.07451043277978897,-0.05221404880285263,0.04942023754119873,0.03126532584428787,0.04743292182683945,-0.06867355853319168,AM7211
0.31325310468673706,-0.0444762296974659,0.021078506484627724,0.034466639161109924,-0.09937072545289993,-0.09028948843479156,0.13878171145915985,0.0318571999669075,-0.06881355494260788,0.047927893698215485,0.05489387735724449,-0.0964730978012085,0.042730581015348434,-0.009253552183508873,-0.0933193564414978,0.05544929951429367,0.01949748955667019,AM7213
0.247809499502182,-0.09063895791769028,-0.21300861239433289,-0.022909285500645638,0.0010803601471707225,-0.1008087769150734,0.1751529425382614,-0.0015980404568836093,0.0973014235496521,0.053411178290843964,0.11118058860301971,-0.08713628351688385,-0.026131263002753258,-0.06851261109113693,-0.07511886209249496,0.010671038180589676,-0.04865523800253868,AM7214
0.3287869691848755,-0.07059171050786972,-0.03198986127972603,-0.016260936856269836,0.031230764463543892,-0.1060003712773323,0.0924491137266159,0.018697191029787064,-0.03750092536211014,0.02170516923069954,0.04223896563053131,-0.04875849187374115,-0.030589498579502106,0.047030676156282425,0.05755743756890297,0.07996231317520142,-0.031419482082128525,AM7215
0.27799752354621887,-0.0330156572163105,-0.037442781031131744,-0.016380509361624718,-0.10532315820455551,0.08147034049034119,0.10588716715574265,0.08039694279432297,-0.017201930284500122,-0.005931183695793152,0.03464284539222717,-0.0364876464009285,0.035009149461984634,0.04433682560920715,0.043966442346572876,0.0250835120677948,-0.08682239055633545,AM7216
-0.04627983644604683,-0.1080063208937645,0.006258096545934677,-0.026066770777106285,-0.012119966559112072,-0.18753363192081451,-0.10040909796953201,-0.08249417692422867,0.009415972977876663,-0.05334874242544174,-0.023588916286826134,-0.006623414345085621,0.013330730609595776,0.04076916724443436,-0.07373498380184174,-0.01676405407488346,0.004572225268930197,AM7221
-0.04060934856534004,-0.10885176807641983,-0.021352075040340424,-0.05700559541583061,-0.008099015802145004,-0.19549395143985748,-0.08724918216466904,-0.12699033319950104,0.1071709394454956,-8.304130751639605e-4,-0.07174689322710037,-0.061814747750759125,-0.012805642560124397,0.03593466430902481,-0.018222490325570107,-0.08772452175617218,0.0340651273727417,AM7223
0.02247007004916668,-0.11860664933919907,-0.00813854206353426,0.07543540000915527,0.06528182327747345,0.07809809595346451,-0.04374782741069794,-0.2112356722354889,0.1013876423239708,0.14381760358810425,0.05132390931248665,-0.0997016504406929,5.391209851950407e-4,-0.0973130464553833,0.11805722862482071,-0.06903478503227234,-0.006162986159324646,AM7224
0.021870311349630356,0.037377722561359406,0.09414425492286682,-0.10864110291004181,0.03641347959637642,-0.05019218102097511,0.0844331830739975,-0.049757592380046844,0.08808070421218872,0.049703698605298996,0.005039830692112446,-0.013428783044219017,0.0800873264670372,-0.13408911228179932,-0.0237286277115345,-0.027452953159809113,0.10137205570936203,AM7226
0.037958163768053055,-0.10689138621091843,0.13752669095993042,0.13456837832927704,0.08887723833322525,-0.05196448788046837,-0.08611144870519638,-0.14338751137256622,0.0756976529955864,0.2591572403907776,-0.013009454123675823,-0.034709829837083817,0.07532508671283722,-0.051463909447193146,0.17697125673294067,-0.07710377126932144,-0.11662708967924118,AM7228
0.01778576336801052,0.08274231106042862,0.20364710688591003,-0.06998293846845627,0.02950938232243061,-0.09384702146053314,-0.0020269760861992836,0.056796763092279434,0.028521712869405746,-0.010830040089786053,0.150196835398674,-0.028526118025183678,0.0038772202096879482,-0.03482755273580551,0.026060523465275764,-0.01753716729581356,0.05415336415171623,AM7229
0.1064596027135849,0.049746133387088776,0.17720501124858856,-0.1015118658542633,0.10689352452754974,-0.1267274171113968,-0.012377589009702206,-0.01809476502239704,0.06305859237909317,0.07438061386346817,-0.051443230360746384,-0.0821823924779892,0.08028189092874527,-0.06718488037586212,-0.04578284174203873,-0.056023601442575455,0.012266603298485279,AM7230
-0.009915661066770554,-0.05677533522248268,0.1596406102180481,0.15495359897613525,0.02360733598470688,-0.031894247978925705,-0.09786547720432281,-0.030304118990898132,-0.08913957327604294,0.29839015007019043,-0.15427067875862122,-0.0589471310377121,0.1710691601037979,-0.0640784427523613,0.07967760413885117,-0.10384141653776169,0.06132814288139343,AM7236
0.003509881906211376,0.0252359751611948,0.11623290181159973,-0.04338135942816734,-0.0016150801675394177,-0.058196038007736206,0.1138567328453064,-0.06891583651304245,0.009788508526980877,0.10878309607505798,-0.061026979237794876,-0.02716437727212906,0.23674693703651428,-0.05371347442269325,-0.04255034402012825,0.03393770381808281,0.020223215222358704,AM7237
0.05852367728948593,0.08091062307357788,-0.05264762043952942,-0.042193856090307236,0.14638467133045197,-0.13415418565273285,-0.16440832614898682,-0.08823491632938385,0.009700960479676723,0.0574934259057045,-0.07185355573892593,0.025570398196578026,-0.09500567615032196,-0.0017613923409953713,0.0621577724814415,0.008086085319519043,0.07985374331474304,AM7241
0.08952382951974869,0.08021628111600876,-0.08384840935468674,-0.03256470337510109,0.13292761147022247,0.09590449929237366,-0.11098184436559677,-0.1425856649875641,0.03374357521533966,-0.09981266409158707,-0.08249795436859131,0.04165101423859596,-0.009621516801416874,-0.06671581417322159,0.05752202123403549,-0.01884383149445057,0.02514241449534893,AM7242
0.017648518085479736,-0.13181692361831665,0.03984837234020233,-0.006396248936653137,0.020040960982441902,0.18990157544612885,-0.015620331279933453,-0.19690847396850586,-0.038168009370565414,-0.0898418053984642,0.0580756813287735,-0.04271956905722618,-0.04065227136015892,-0.18860085308551788,-0.0291715357452631,-0.0323650985956192,0.1132422536611557,AM7243
0.06420254707336426,0.11868301779031754,0.06359095126390457,-0.08428759127855301,0.09974916279315948,0.08463010936975479,-0.0673171803355217,-0.034674376249313354,0.05428551137447357,0.06062585115432739,-0.08020773530006409,-0.06088852137327194,-0.05492169037461281,0.026026185601949692,-0.05751912295818329,-0.15256854891777039,0.020394129678606987,AM7255
0.09066237509250641,0.07539341598749161,-0.06559000164270401,0.019800912588834763,0.1036432608962059,0.11194919049739838,-0.05482907220721245,-0.1970633566379547,0.04041922092437744,-0.11983101814985275,-0.12699054181575775,0.08648336678743362,-0.014309398829936981,-0.008576272055506706,0.06602048873901367,-0.0026706440839916468,0.0316983126103878,AM7256
-0.0556812658905983,-0.14030155539512634,-0.06973123550415039,-0.08011233806610107,0.03276224061846733,-0.04225003719329834,-0.07423285394906998,-0.02711489051580429,0.042317379266023636,-0.21754564344882965,0.14904554188251495,-0.06842102855443954,-0.03266476094722748,0.04805867373943329,-0.11018300801515579,-0.06890620291233063,-0.03402762860059738,AM7260
0.035145536065101624,-0.08443431556224823,0.012006035074591637,0.07782987505197525,0.2142174392938614,0.23888278007507324,-0.05432980880141258,0.1724623292684555,0.2896653115749359,-0.06872843950986862,-0.05896243080496788,0.01964985392987728,0.06362031400203705,0.3330059051513672,-0.17532888054847717,-0.05035441368818283,0.12043799459934235,AM7261
0.005125798750668764,-0.07153521478176117,0.10059802979230881,-0.054217297583818436,-0.05934840068221092,-0.025910934433341026,-0.0679074227809906,-0.04140057414770126,0.040563009679317474,-0.11512023210525513,-0.06299719959497452,-0.06376577168703079,0.00831587240099907,0.23583917319774628,-0.047029513865709305,0.02817942015826702,0.1462564319372177,AM7266
-0.016265489161014557,-0.07515911012887955,0.0873604416847229,-0.02918105199933052,-0.11201953142881393,-0.02575760707259178,-0.0997878760099411,-0.029862914234399796,0.11797161400318146,-0.05167686566710472,-0.09561574459075928,-0.004768861457705498,0.040187541395425797,0.14769671857357025,-0.06750243902206421,-0.13057243824005127,-0.07521422952413559,AM7269
-0.009226449765264988,-0.12863394618034363,-0.007512609474360943,0.07340329140424728,0.042499348521232605,-0.030494017526507378,-0.09967156499624252,-0.08365368843078613,-0.11829526722431183,0.05416743457317352,0.13294556736946106,-0.08951953053474426,0.04552089050412178,0.0010530719300732017,0.005804863292723894,-0.009562043473124504,0.14233212172985077,AM7270
0.04942937567830086,0.089297354221344,0.1309204250574112,-0.05443499609827995,0.19600863754749298,-0.08244702965021133,0.021464824676513672,-0.058917224407196045,-0.16746936738491058,0.039023712277412415,-0.029723651707172394,-0.09337417036294937,-0.1373519003391266,0.06433000415563583,-0.06489986181259155,-0.03333444893360138,-0.007217664737254381,AM7272
0.00524282967671752,0.11524523794651031,0.12996448576450348,-0.045537713915109634,0.09177880734205246,0.07608968019485474,0.20083877444267273,-0.11054786294698715,-0.164671391248703,-0.029107436537742615,0.06994166225194931,-0.07671020925045013,-0.0755748599767685,0.143792986869812,0.02484508790075779,-0.1488054245710373,0.06408824026584625,AM7273
0.014556466601788998,-0.040649838745594025,0.07355192303657532,0.16359712183475494,0.0959615483880043,0.06250512599945068,-0.031093498691916466,0.26577451825141907,0.1830628216266632,-0.20448105037212372,-0.11102916300296783,-0.1634581983089447,-0.07197055965662003,-0.1271786093711853,0.06268499791622162,-0.1520506888628006,0.039069920778274536,AM7277
-0.021283326670527458,-0.09289971739053726,0.17566309869289398,0.11841350048780441,-0.055079150944948196,-0.03975822031497955,-0.1126258596777916,-0.05600990727543831,0.05028738081455231,0.05773899704217911,-0.008201347663998604,0.02000267431139946,-0.12738332152366638,0.013802607543766499,0.11498788744211197,0.10378596186637878,-0.13206101953983307,AM7278
-0.06814450770616531,-0.07996717095375061,0.0398443304002285,0.22898894548416138,0.08049650490283966,0.021824335679411888,0.10209180414676666,0.14363993704319,0.1633676141500473,0.08394373953342438,0.13142086565494537,0.20980779826641083,-0.14322741329669952,0.07769718021154404,-0.10396333783864975,-0.005359692964702845,0.005004877224564552,AM7280
-0.09068655967712402,-0.0534212626516819,-0.027735210955142975,0.18005509674549103,0.16483832895755768,-0.08335556834936142,0.10865836590528488,0.35092926025390625,-0.20350348949432373,-0.2433355152606964,-0.15210512280464172,-0.14434167742729187,0.12705332040786743,0.030260853469371796,0.281902015209198,-0.02652350254356861,0.1619444638490677,AM7283
-0.07444334775209427,0.11241228133440018,0.18391059339046478,-0.06799595803022385,0.002536424668505788,-0.03340362757444382,0.052399467676877975,0.13276691734790802,-0.15226706862449646,-0.08217737078666687,0.14640718698501587,0.08168767392635345,0.032326728105545044,-0.01398986205458641,0.1255725473165512,-0.06149528548121452,0.012197418138384819,AM7284
0.017594587057828903,0.14840547740459442,0.10565406829118729,0.12083972990512848,-0.09321638941764832,0.09789525717496872,-0.08492578566074371,0.014070701785385609,-0.1303568333387375,-0.18302524089813232,0.1414863020181656,0.2116980403661728,0.02881714142858982,-0.028370466083288193,-0.01582481525838375,-0.00312842708081007,0.04961099475622177,AM7285
-0.004345874767750502,-0.10172642767429352,-0.030424971133470535,0.15881088376045227,0.2586331367492676,-0.07534097135066986,0.030355088412761688,0.08919025957584381,0.020151996985077858,0.037331532686948776,0.07904103398323059,0.06412505358457565,0.08883795142173767,0.08224125951528549,-0.18787436187267303,0.1064394935965538,-0.05430154874920845,AM7294
-0.012540268711745739,0.012778359465301037,0.12667128443717957,0.21699067950248718,0.01745603047311306,0.0479201003909111,0.18088246881961823,0.17773568630218506,-0.004299027845263481,-0.15992695093154907,-0.35606715083122253,-0.2864941656589508,-0.2512679696083069,-0.24772855639457703,-0.038765113800764084,0.23056602478027344,-0.00198002508841455,AM7295
-0.11442703008651733,-0.13056284189224243,0.03443637490272522,0.06087661162018776,-0.07667238265275955,0.016159866005182266,-0.025551171973347664,-0.05615413561463356,-0.11195249855518341,-0.1543259471654892,0.32314011454582214,0.0457480363547802,-0.12416739761829376,-0.19943642616271973,-0.02200288325548172,0.013868032954633236,0.02210819348692894,AM7302
-0.07316489517688751,0.0060277762822806835,0.14843426644802094,-0.05274052545428276,-0.10947207361459732,-0.09289266914129257,0.03634071350097656,0.10411985218524933,0.10654221475124359,-0.054358791559934616,0.01766589656472206,0.13746631145477295,0.038971032947301865,-0.13503165543079376,-0.0909871831536293,-0.008575082756578922,-0.01905011758208275,AM7303
-0.050709258764982224,0.0706603154540062,0.17320109903812408,-0.09089647233486176,-0.028902091085910797,0.021212350577116013,0.004528531804680824,0.15372928977012634,0.07789938151836395,-0.11349532008171082,0.1657479703426361,0.10309077054262161,0.025535080581903458,-0.1391136348247528,0.10152135789394379,-0.12691989541053772,-0.16199497878551483,AM7304
0.027263907715678215,-0.06678369641304016,0.042957842350006104,-0.1630852371454239,0.16932901740074158,-0.0015566342044621706,-0.029907362535595894,-0.10810969024896622,-0.06119994819164276,-0.11403077095746994,-0.1851646602153778,-0.015136205591261387,0.17916733026504517,-0.10625861585140228,-0.11531838774681091,-0.03168348968029022,-0.15361391007900238,AM7312
-0.07891041785478592,-0.06790474057197571,-0.03308756276965141,0.2122870683670044,0.1977207362651825,-0.21319356560707092,0.10283450037240982,0.19174595177173615,-0.07539248466491699,0.03561155125498772,-0.06379059702157974,0.14907577633857727,0.005123776849359274,-0.042727187275886536,-0.07231036573648453,0.006309126503765583,-0.15947352349758148,AM7313
-0.06278608739376068,-0.06453472375869751,0.012600022368133068,0.205337792634964,0.10380524396896362,0.2222479283809662,0.18635982275009155,-0.04857870191335678,0.12178211659193039,0.15111620724201202,0.04298470914363861,0.23475098609924316,-0.022793421521782875,0.002257924061268568,-0.15612457692623138,-0.028148530051112175,0.16913378238677979,AM7318
0.003821798600256443,0.13209745287895203,-0.07996520400047302,0.12613490223884583,-0.0345722921192646,0.09523148834705353,0.11625615507364273,-0.22295451164245605,-0.07646255940198898,-0.05395672842860222,-0.1422111988067627,0.07123170047998428,0.07730865478515625,-0.010677020065486431,0.013873499818146229,-0.005987610202282667,-0.003960815258324146,AM7319
-0.028187796473503113,-0.12285201996564865,-0.08192810416221619,0.07976751774549484,0.3410700857639313,0.07745441794395447,0.030366184189915657,0.003072078339755535,-0.023451445624232292,0.043826956301927567,-0.006346260663121939,0.11997148394584656,0.14754872024059296,0.02538108080625534,-0.012159891426563263,0.0312802791595459,-0.17234669625759125,AM7320
-0.11293282359838486,-0.12455768138170242,-0.09257909655570984,0.12706691026687622,0.10212801396846771,0.08857430517673492,0.06585458666086197,-0.14882025122642517,-0.12133951485157013,0.08783045411109924,0.16830377280712128,0.01122953649610281,-0.1744973510503769,0.012833072803914547,0.14245329797267914,0.023619042709469795,-0.06443887203931808,AM7321
-0.04804665967822075,0.12439238280057907,0.015668833628296852,-0.09427429735660553,0.018127961084246635,0.20020216703414917,-0.03155886009335518,0.12793399393558502,-0.004707300569862127,0.043349310755729675,0.09181966632604599,-0.10645023733377457,0.04945852980017662,0.06514152884483337,-0.00814557820558548,0.047658417373895645,-0.14136095345020294,AM7323
-0.04291339963674545,0.04097460210323334,0.09372268617153168,-0.03947051241993904,-0.1036992222070694,0.08884750306606293,0.13808900117874146,-0.009673753753304482,-0.0030238886829465628,0.11187100410461426,-0.12077227979898453,4.871846758760512e-4,0.2229119837284088,-0.0336398109793663,-0.06640032678842545,-0.0114928362891078,-0.026244772598147392,AM7325
-0.08808879554271698,0.04804893210530281,0.014701680280268192,-0.13112393021583557,0.1319693922996521,-0.09047716856002808,0.1642037034034729,-0.045534420758485794,-0.10489866137504578,0.014980390667915344,0.04652310907840729,0.05195679888129234,0.06298210471868515,0.01797390915453434,0.027609333395957947,0.12030774354934692,0.10464730113744736,AM7327
-0.08252286911010742,0.1401161551475525,-0.030120685696601868,-0.03731413185596466,-0.07627435028553009,0.025519603863358498,-0.06463316082954407,0.14822928607463837,-0.09884857386350632,0.17440083622932434,0.008464927785098553,-0.1210944801568985,0.027189290151000023,0.047982461750507355,-0.15890157222747803,0.0700511708855629,0.018758224323391914,AM7328
-0.04004160314798355,0.1292339414358139,-0.0761028602719307,0.046940095722675323,-0.12940019369125366,0.041115738451480865,-0.2070818692445755,0.13669174909591675,-0.058948807418346405,-0.014236774295568466,-0.013710741885006428,0.060131434351205826,0.14312469959259033,0.010921676643192768,-0.00711729796603322,0.12828490138053894,0.06236598268151283,AM7329
-0.10181907564401627,-0.06672313064336777,0.09151189029216766,0.08031170815229416,-0.08232282847166061,0.10397397726774216,0.014600847847759724,-0.1136004775762558,-0.25332996249198914,0.06628340482711792,0.06449972093105316,-0.12907972931861877,0.0970894917845726,0.14645566046237946,0.04124411940574646,0.15575627982616425,-0.09398139268159866,AM7332
-0.08540340512990952,0.13076524436473846,-0.1098102480173111,-0.0235546063631773,0.03444897010922432,0.04334249347448349,0.05867337808012962,-0.023945296183228493,-0.12270250916481018,0.09856943041086197,0.04863733425736427,-0.09064441919326782,-0.07443685829639435,-0.047612179070711136,-0.1914174109697342,0.05305119976401329,-0.05266931653022766,AM7333
-0.0050907135009765625,0.15472511947155,-0.05688982829451561,0.09426261484622955,-0.10346850007772446,0.10143532603979111,-0.06924843043088913,-0.03875114768743515,-0.15218773484230042,-0.0649484321475029,-0.04418603330850601,0.05358123034238815,0.15772496163845062,0.025047743692994118,-0.09222525358200073,0.10702207684516907,0.07626201212406158,AM7334
-0.10469262301921844,-0.06530755013227463,-0.08377409726381302,-0.1268007606267929,0.04801217094063759,-0.13478903472423553,0.028331177309155464,-0.016266724094748497,0.04921390116214752,-0.07382857799530029,-0.015678977593779564,0.01378985121846199,0.02632434479892254,-0.010474113747477531,0.045136746019124985,0.14781583845615387,0.006418757606297731,AM7336
-0.09944204986095428,-0.017721571028232574,-0.11423800140619278,-0.1616692841053009,0.060207806527614594,-0.11744499951601028,0.11885357648134232,-0.03389441967010498,0.08293721079826355,0.027925847098231316,0.053032517433166504,0.011975136585533619,0.02605622634291649,-0.030604379251599312,0.09624678641557693,0.09520652145147324,0.029852906242012978,AM7337
-0.05054828152060509,0.13856849074363708,0.011203354224562645,-0.014949156902730465,0.01623537391424179,-0.0726996436715126,-0.02352316863834858,0.03908104822039604,-0.14317922294139862,0.17285199463367462,-0.008931010030210018,-0.005009217653423548,-0.11030291020870209,-0.06211933121085167,-0.045452121645212173,0.08533892780542374,-0.022453004494309425,AM7343
-0.10791440308094025,0.006269228644669056,-0.06854322552680969,-0.14433430135250092,0.011432523839175701,-0.0728946253657341,0.12566430866718292,0.07720745354890823,0.043007224798202515,0.014421755447983742,0.04046986624598503,0.05896039307117462,0.12778329849243164,-0.09994656592607498,-0.044308312237262726,0.09529637545347214,0.062182992696762085,AM7344
-0.005778389051556587,-0.12475963681936264,0.06918171048164368,-0.054302189499139786,-0.12242700159549713,0.21917197108268738,-0.2515305280685425,0.03848985582590103,-0.04995209723711014,-0.0329044908285141,0.09249112010002136,-0.15734201669692993,0.15202294290065765,0.02136816829442978,-0.017219725996255875,0.20294500887393951,0.07459136098623276,AM7345
-0.04836824908852577,-0.06623198091983795,0.03324923664331436,0.10458400845527649,-0.01857432723045349,0.2743067741394043,-0.11568786203861237,0.07373367995023727,0.059945426881313324,0.1878882348537445,0.10384134203195572,-0.028736326843500137,0.16679634153842926,-0.08345019072294235,0.1068437248468399,0.022755011916160583,-0.059285227209329605,AM7346
-0.02041569910943508,0.1268792748451233,-0.08537735790014267,-0.08020609617233276,0.08097676932811737,0.19088970124721527,-0.04024435579776764,-0.04455975815653801,0.028845665976405144,0.019134769216179848,-0.05050567165017128,-0.09625207632780075,-0.12269414216279984,0.008914404548704624,0.0035231350921094418,0.06405659765005112,-0.03104310669004917,AM7353
-0.10712824016809464,0.04205716773867607,-0.14427511394023895,-0.15015579760074615,0.07800449430942535,-0.008734237402677536,0.03702641278505325,0.056317709386348724,0.07724927365779877,0.0645490288734436,0.03411440551280975,-0.06714733690023422,-0.031306978315114975,0.09565018862485886,0.12890693545341492,0.032489486038684845,0.02334832027554512,AM7354
0.05151459202170372,0.12832464277744293,0.0646095871925354,0.07607840746641159,-0.09454571455717087,-0.10695379972457886,-0.22878994047641754,0.021426042541861534,0.15853816270828247,-0.011187521740794182,-0.05674475058913231,0.12044952809810638,-0.11310143768787384,0.03830006718635559,0.08261293172836304,0.0367923229932785,-0.003948024474084377,AM7356
0.013192202895879745,-0.054051563143730164,0.25555625557899475,0.020742477849125862,-0.16813024878501892,-0.14774920046329498,-0.12282861024141312,0.04124050959944725,0.22471632063388824,-0.07955165952444077,0.0440533310174942,0.07709236443042755,-0.10935092717409134,0.09780861437320709,0.08593740314245224,0.22613941133022308,-0.0521639883518219,AM7359
-0.09656036645174026,-0.03176308423280716,0.07586174458265305,-0.033609069883823395,-0.08347634226083755,0.017099184915423393,0.18843317031860352,-0.17204301059246063,-0.05451945960521698,-0.10719657689332962,-0.09076026827096939,0.03860769793391228,-0.018890786916017532,0.16719771921634674,0.06601084023714066,0.06036433205008507,-0.04242759197950363,AM7361
-0.15682674944400787,-0.09730535745620728,-0.07699357718229294,-0.07022968679666519,-0.024181809276342392,0.005475700832903385,0.048908546566963196,-0.09510987251996994,0.006546779535710812,-0.04312988743185997,-0.127839595079422,0.027181196957826614,-0.08139925450086594,0.21071621775627136,0.19340433180332184,-0.006094605196267366,-0.11446958780288696,AM7362
-0.04712635278701782,0.10075071454048157,-0.08851487189531326,-0.08631803840398788,0.031800515949726105,0.044981662184000015,-0.13933037221431732,0.15208913385868073,0.13324251770973206,0.05840638279914856,0.08527099341154099,-0.12446961551904678,-0.06446017324924469,0.033231351524591446,0.02944732829928398,0.025326784700155258,-0.09589744359254837,AM7365
-0.030217809602618217,-0.03452960401773453,0.006283668335527182,-0.14473971724510193,0.0034804351162165403,0.027904221788048744,0.061680909246206284,-0.08084379881620407,0.12298935651779175,-0.04037380963563919,-0.18701180815696716,0.02459578774869442,0.12696363031864166,-0.05718721076846123,0.025270676240324974,0.0332907997071743,-0.10361560434103012,AM7372
-0.0015598575118929148,0.08579234778881073,-0.026021627709269524,0.17416764795780182,-0.18365763127803802,-0.013302851468324661,0.19278794527053833,-0.10261407494544983,0.04622293636202812,-0.0780566856265068,0.0605706162750721,-0.06193382665514946,0.030424974858760834,-0.008891926147043705,-0.016941530629992485,-0.11302312463521957,-0.039378322660923004,AM7373
0.035575468093156815,0.1224697157740593,0.016185462474822998,0.1360582858324051,-0.04452299326658249,-0.00957400631159544,0.024366192519664764,-0.1715814173221588,-0.023778412491083145,-0.040810421109199524,-0.0011529314797371626,0.1323256641626358,-0.08829732239246368,0.008780468255281448,0.021079115569591522,0.043668195605278015,0.08530054986476898,AM7380
-0.01748206652700901,0.08713577687740326,-0.0780659168958664,0.0697864517569542,0.04423055425286293,-0.16913986206054688,-0.020688869059085846,-0.08751051872968674,-0.059801701456308365,-0.03600337356328964,0.07135434448719025,0.1184653639793396,-0.12663808465003967,0.03531014919281006,0.062271133065223694,0.03770536556839943,0.06335586309432983,AM7382
-0.06964662671089172,0.04145454242825508,0.04159769415855408,-0.048341721296310425,-0.12180240452289581,0.03712072595953941,0.18582788109779358,-3.779404505621642e-4,0.17476563155651093,0.033275291323661804,0.018454235047101974,0.04239552095532417,0.005369614344090223,0.0020062196999788284,0.0470869280397892,-0.02345510758459568,0.09657169133424759,AM7383
-0.019259659573435783,0.05058906227350235,-0.20638707280158997,0.07191795855760574,-0.10182862728834152,-0.05914589762687683,-0.03900847211480141,0.007278627250343561,0.09616349637508392,-0.04115994647145271,0.0730188861489296,-0.04944929480552673,0.05079947039484978,-0.004726624581962824,0.03700869157910347,0.004371714312583208,-0.00850018858909607,AM7384
-0.002993007656186819,0.06651712954044342,-0.13548177480697632,0.11387378722429276,-0.17300592362880707,0.030856387689709663,0.10346388071775436,-0.08172544091939926,0.13592258095741272,-0.054886989295482635,0.09625138342380524,-0.07392364740371704,1.4644920156570151e-6,-0.05493529886007309,-0.006039947271347046,-0.048188257962465286,-0.0174249280244112,AM7385
-0.04517475888133049,-0.0036984384059906006,-0.006640637759119272,-0.11200553923845291,0.023564960807561874,0.17444463074207306,0.1538630574941635,-0.16387060284614563,0.1916240155696869,-0.08498590439558029,-0.045597005635499954,-0.06293737143278122,-0.07419562339782715,0.03287452086806297,0.0661780834197998,0.16636697947978973,0.057060591876506805,AM7386
0.004869315307587385,0.1203007623553276,-0.08080872148275375,0.08910396695137024,-0.0982079952955246,-0.03420107439160347,-0.06010686978697777,-0.0713372752070427,0.099003866314888,0.10150928795337677,-0.11882507801055908,0.10651956498622894,-0.0349813811480999,-0.14554215967655182,-0.09849125891923904,-0.03341123089194298,0.032606836408376694,AM7387
-0.00712564354762435,0.030771061778068542,-0.16557185351848602,0.09745202958583832,-0.15813694894313812,-0.11279407888650894,0.013838397338986397,0.05689123645424843,0.07985841482877731,-0.07970483601093292,0.11995656043291092,-0.16450321674346924,0.1409095972776413,0.053020693361759186,-0.03856920823454857,-0.06722473353147507,-0.012298647314310074,AM7388
-0.026296308264136314,0.15452001988887787,0.0846920907497406,0.036013949662446976,-0.06759387254714966,-0.009488841518759727,-0.07321701943874359,0.10950425267219543,-0.013786743395030499,0.09557688236236572,0.03047739714384079,0.08305755257606506,-0.1079753190279007,-0.017229806631803513,-0.05278826877474785,-0.0425817035138607,-0.0927240177989006,AM7409
-0.08879213780164719,-0.07041820138692856,0.017969584092497826,-0.005118642468005419,-0.08397349715232849,-0.21870462596416473,0.01087876409292221,-0.04047905281186104,-0.0913490578532219,-0.004433352034538984,-0.03828835114836693,0.06096090376377106,-0.0025872152764350176,0.09184668958187103,-0.0797935351729393,0.0016631887992843986,-0.04331893101334572,AM7416
-0.020438894629478455,0.048271603882312775,-0.10034569352865219,0.1876058429479599,-0.16283242404460907,-0.29971280694007874,0.10175115615129471,-0.06038614362478256,0.08678936958312988,0.1325674057006836,-0.06031128391623497,-0.14559759199619293,0.05285896360874176,0.05879147723317146,-0.00998123548924923,-0.07045862823724747,0.04096568375825882,AM7419
-0.008939939551055431,0.05926712229847908,-0.10940320789813995,0.1202109083533287,-0.146295428276062,0.03330187126994133,0.11773333698511124,-0.042330898344516754,0.041982538998126984,-0.1268741488456726,0.0729740560054779,-0.18084868788719177,0.08734336495399475,0.0685483068227768,0.0013685381272807717,-0.08083020895719528,-0.07950647175312042,AM7420
-0.006652169860899448,0.0970994308590889,-0.18190212547779083,0.02887183427810669,-0.04040716588497162,-0.053784556686878204,-0.16245989501476288,-0.004789841827005148,0.050547339022159576,0.011787166818976402,-0.128343865275383,0.08798862248659134,0.057551417499780655,-0.025263827294111252,0.01952718012034893,-0.04791853204369545,-7.69550446420908e-4,AM7426
-0.02678503468632698,0.14883679151535034,-0.04127668961882591,0.006205329671502113,-0.07922034710645676,0.08379843086004257,-0.049662791192531586,0.0031025209464132786,0.036894407123327255,0.14166636765003204,-0.14388927817344666,0.01855989545583725,-0.043640073388814926,0.04416222125291824,0.09443436563014984,-0.09718812257051468,-0.07775323837995529,AM7427
-0.09295103698968887,-0.08696634322404861,0.04232073202729225,-0.028719816356897354,-0.11855319887399673,-0.011351392604410648,0.07052475959062576,-0.08235786855220795,-0.0582025907933712,-0.0697222501039505,-0.10172457247972488,0.10265841335058212,-0.04770269617438316,-0.036851394921541214,-0.11711964011192322,-0.0853450670838356,-0.0961841568350792,AM7492
-0.014779655262827873,-0.11659835278987885,-0.0331869050860405,-0.0564829483628273,-0.1486152857542038,0.1617037057876587,0.030861452221870422,0.05332238972187042,-0.17935189604759216,-0.09170333296060562,-0.146267369389534,0.024389566853642464,-0.07764933258295059,-0.06909379363059998,-0.13120177388191223,-0.07857556641101837,-0.15430742502212524,AM7493
-0.013148975558578968,-0.16472317278385162,-0.05129014328122139,-0.09403741359710693,-0.0993608832359314,0.011190535500645638,-0.07163557410240173,0.09886708855628967,-0.21998590230941772,-0.045526426285505295,-0.006651425268501043,0.048992712050676346,-0.11002569645643234,0.07095754146575928,-0.08713239431381226,-0.21662181615829468,0.009725289419293404,AM7495
-0.017511775717139244,-0.19701671600341797,-0.15752580761909485,-0.1015520915389061,-0.04117516428232193,0.07893897593021393,-0.03352787345647812,0.0881628766655922,-0.16022546589374542,0.09757188707590103,-0.05463246628642082,0.027007276192307472,-0.1303708702325821,-0.12059776484966278,0.0414900965988636,-0.09374375641345978,0.08252988010644913,AM7589
-0.020631995052099228,-0.04117164388298988,-0.038859397172927856,-0.19172599911689758,-0.07682160288095474,0.043984461575746536,0.12078309059143066,0.1812165230512619,-0.0020298955496400595,0.14147768914699554,-0.1266006976366043,0.10314887762069702,-0.004472799599170685,-0.0025729474145919085,0.04378509148955345,-0.047454774379730225,0.08854300528764725,AM7591
-0.01451860647648573,-0.16343818604946136,-0.08017466217279434,-5.725383525714278e-4,-0.14349326491355896,-0.019186731427907944,-0.11919909715652466,0.125303715467453,-0.07656341046094894,0.1832425743341446,-0.0494706891477108,-0.04073590040206909,-0.033526599407196045,0.009964894503355026,0.02592671848833561,-0.01181875355541706,0.10877647250890732,AM7628
-0.009919465519487858,-0.13474398851394653,-0.02886134944856167,-0.14186310768127441,-0.13182874023914337,0.010457596741616726,-0.04236556962132454,0.08997229486703873,-0.08601751923561096,0.032153982669115067,-0.16841460764408112,0.0946263000369072,-0.07952480018138885,0.012767807580530643,-0.049781568348407745,-0.051261208951473236,-0.02539660595357418,AM7629
0.005669017322361469,-0.16831177473068237,-0.055909253656864166,-0.05057043954730034,-0.12334927916526794,0.1496923416852951,-0.07196750491857529,0.023839831352233887,0.12212509661912918,0.1006150171160698,-0.020176181569695473,0.040495749562978745,-0.1692473143339157,-0.05820136144757271,-0.00392365176230669,0.04432499408721924,0.09611761569976807,AM7633
-0.008194273337721825,-0.03386320918798447,-0.07813733071088791,-0.20416833460330963,-0.006959413178265095,-0.025464627891778946,0.16790826618671417,0.07712956517934799,0.10361674427986145,0.12551608681678772,-0.006948036607354879,0.10294073075056076,-0.0742807611823082,-0.04969806596636772,0.0674501284956932,0.07162836194038391,0.08111138641834259,AM7634
