V1
0.43382142808751883
0.18793297847610932
0.12303748317230886
0.068260236161346
0.0326602090625153
0.02493386643473788
0.016287258772658773
0.013889068441004203
0.011022992432289146
0.009115646911392354
0.008029918602360908
0.00657877830031095
0.006153096199024721
0.005139960313068884
0.004721897895154355
0.004286841615017342
0.0038126535931711984
0.003259053476106557
0.003221428476629455
0.002675892485436034
0.002820780252885429
0.0020978732656117033
0.002084367523457404
0.002084305209758019
0.0020841710490781323
0.0020840815740361903
0.0020840296157602196
0.0020839614907218625
0.002083894165293483
0.002083849769999406
0.0020838381082657173
0.0020837389887990126
0.0020836304717475975
0.002083577873532266
0.0020835744289055256
0.002083532034432198
0.002083470433037961
0.0020834163857824887
0.002083412544295088
