V1
4.152214301195748
2.790927348822833
2.1740285012153837
1.6315203693332578
0.9944175350000592
0.7863861930042575
0.5348300689152682
0.4431181679015111
0.3347802443527089
0.26878927730275604
0.22901035276722626
0.18675904023675446
0.17131138468299684
0.14281741099313355
0.13294797064909217
0.1194058812215663
0.10863317871623641
0.09674816851506708
0.09576026909927306
0.08658704153894937
0.08777669419342957
0.0734189515273291
0.07023182256219805
0.06941332876304351
0.0681076512636967
0.06705285287451404
0.06649550942109977
0.06536315123176455
0.06449728334496989
0.06399793756646514
0.0638370915140811
0.06255253345945141
0.06127053670502347
0.06083473008104327
0.06056426439476744
0.06018617158054823
0.0594742708052692
0.05882168151958404
