PEER1,PEER2,PEER3,PEER4,PEER5,PEER6,PEER7,PEER8,PEER9,PEER10,PEER11,PEER12,PEER13,PEER14,PEER15,PEER16,PEER17,PEER18,PEER19,PEER20,PEER21,PEER22,PEER23,Donor
-0.021611707285046577,0.23406007885932922,-0.6113958358764648,0.18330729007720947,0.34472158551216125,-0.27407076954841614,-0.7993161678314209,-0.19037578999996185,0.03594580665230751,-0.7343039512634277,0.005320863798260689,0.24795317649841309,0.4149949848651886,-0.5815303921699524,-0.05308988690376282,-0.06387577205896378,-0.43320685625076294,0.11931907385587692,0.49622252583503723,0.22973261773586273,0.00373327755369246,-0.024762582033872604,-7.834471762180328e-4,AM7180
0.02066364884376526,0.22015956044197083,-0.24802374839782715,-0.28495553135871887,0.6434503793716431,-0.4341822862625122,-0.9622414708137512,0.3862253427505493,0.03821397200226784,-0.1586351841688156,0.9951315522193909,-0.2565467059612274,-0.4221004247665405,0.05839352309703827,-0.08302772790193558,-0.2610940933227539,-0.26652222871780396,-0.8614190816879272,0.5570206046104431,0.17288753390312195,-0.19890691339969635,-0.0459979847073555,-0.001183939864858985,AM7181
-0.0038666133768856525,0.1290956437587738,-0.15506893396377563,-0.6676158905029297,0.4703674018383026,0.021507898345589638,-0.3292284309864044,0.46744632720947266,0.8922788500785828,-0.18821945786476135,1.1989541053771973,-0.5372429490089417,0.22735144197940826,-1.047318458557129,-0.5601198673248291,-0.16437840461730957,-0.5073458552360535,-0.2488160878419876,0.05410613864660263,-0.04865856096148491,0.14851073920726776,-0.05234110727906227,-9.751023608259857e-4,AM7182
0.12437023222446442,0.18812792003154755,-0.3506346642971039,0.031124591827392578,0.6747286915779114,-0.49537205696105957,-1.186064600944519,-0.28218874335289,-0.3053152561187744,-1.0985981225967407,0.27050644159317017,0.7790245413780212,0.04364285245537758,-0.45253172516822815,-0.03676415607333183,0.17640380561351776,0.3723059594631195,0.14766861498355865,0.5708163976669312,0.16381339728832245,-0.09703264385461807,-0.037492118775844574,-9.337450610473752e-4,AM7188
-0.10469526052474976,-0.46228668093681335,-0.15539520978927612,-0.1364825814962387,0.19263899326324463,-0.7522837519645691,-0.9267171025276184,-0.23089754581451416,-0.6814916729927063,-0.6156590580940247,0.23018597066402435,-0.6643639206886292,0.8560017943382263,-0.42262259125709534,-0.3639761507511139,-0.260383665561676,0.5906643867492676,0.1097182109951973,0.6916714906692505,0.21655529737472534,-0.09606871008872986,-0.056615330278873444,-0.0014530830085277557,AM7189
-0.05873812735080719,0.19223089516162872,0.43289661407470703,-0.4085119962692261,0.1640021800994873,0.6542842388153076,0.7433098554611206,0.06416961550712585,0.39299139380455017,-1.0037609338760376,1.3849130868911743,0.1423880159854889,0.5703814029693604,0.04208493232727051,0.1907864511013031,-1.3957867622375488,0.21022950112819672,-0.4616674780845642,0.9592939615249634,-0.2020004391670227,-0.09186624735593796,0.07335944473743439,0.0016584568656980991,AM7196
0.00940759014338255,0.28295567631721497,-0.4195350110530853,0.02422959916293621,0.5407536029815674,0.2695247530937195,-1.035811424255371,-0.03734830394387245,-0.5795324444770813,-0.9864196181297302,-0.4100691080093384,0.3532797694206238,0.3317522704601288,-0.30662447214126587,0.2997067868709564,0.17990557849407196,-0.29896751046180725,0.5298410058021545,0.46488916873931885,0.07756063342094421,-0.7356439232826233,-0.18078699707984924,-0.0032896704506129026,AM7197
0.23397374153137207,-0.3136076033115387,0.8234423398971558,-0.022951949387788773,0.14674419164657593,-0.330641508102417,-0.8276715278625488,-1.134813904762268,0.16810287535190582,-0.6847848296165466,0.23221956193447113,-0.4695557653903961,0.044817227870225906,-0.40157049894332886,-1.0299853086471558,0.6274266242980957,0.2745135724544525,0.2873152792453766,-0.33630940318107605,0.6931930780410767,-0.4533611536026001,0.17633792757987976,0.002537912456318736,AM7203
-0.03471902012825012,0.4757688641548157,0.32344916462898254,-0.10805312544107437,0.3637240529060364,-0.050625309348106384,-0.042587921023368835,0.18536308407783508,-0.5469931960105896,0.8392693996429443,0.003333853092044592,-0.9044237732887268,-1.0310053825378418,1.1471576690673828,-0.028057444840669632,-0.6699527502059937,0.06565823405981064,0.22282133996486664,0.6290146708488464,0.3486444354057312,0.11467190831899643,-0.07890544086694717,-0.002071400871500373,AM7204
0.01498419139534235,0.43728601932525635,0.187187060713768,-0.1377624273300171,0.4912213087081909,-0.11935735493898392,-0.07297579944133759,-0.2147672027349472,-0.5509420037269592,0.5906152129173279,-0.07890409231185913,-0.9981427788734436,-1.3707501888275146,0.2448454648256302,-0.9748921990394592,-0.21132420003414154,0.19373354315757751,0.4112251102924347,0.11222782731056213,0.38232359290122986,-0.044191714376211166,-0.10357683151960373,-0.0025057666935026646,AM7205
0.7207446098327637,-0.046863291412591934,-0.1507032811641693,-0.14556118845939636,-0.1761397421360016,0.29798081517219543,0.4179396629333496,0.5507584810256958,-0.9420506954193115,-0.10647771507501602,0.18432749807834625,1.2016453742980957,0.0813794955611229,0.3164437413215637,0.6039197444915771,-0.0296251829713583,-0.5935217142105103,-0.372246116399765,0.4974595308303833,0.3203020989894867,0.5448363423347473,-0.09929967671632767,-0.0026187996845692396,AM7208
0.6950960159301758,0.005481556989252567,0.07695140689611435,-0.12212081998586655,-0.4236980974674225,0.010633695870637894,0.03730277717113495,0.9657925367355347,-1.1238737106323242,0.16271917521953583,-0.12171431630849838,1.41042959690094,0.3157132565975189,0.5589002966880798,1.1497206687927246,0.3809349238872528,0.5117403864860535,-0.27443376183509827,1.3744679689407349,0.40396103262901306,0.6758578419685364,-0.10886947065591812,-0.003051437670364976,AM7209
0.8649407029151917,-0.11995579302310944,-0.09439004957675934,-0.14636997878551483,0.0550687350332737,0.452165424823761,0.34688422083854675,0.2506493926048279,-0.054323066025972366,-0.34604620933532715,0.4134913980960846,0.6018146872520447,-0.41877034306526184,0.4075285494327545,0.26798439025878906,0.3902355134487152,-0.6046955585479736,0.19119404256343842,-0.4784107506275177,0.20363667607307434,0.3143678903579712,-0.08099120110273361,-0.00191910017747432,AM7211
0.8360032439231873,-0.1454969048500061,0.07213808596134186,0.15728284418582916,-0.5274168848991394,-0.5183486342430115,0.9382827281951904,0.22736358642578125,-0.5247330665588379,0.3320518136024475,0.4615713059902191,-0.8079665303230286,0.34227490425109863,-0.0783630907535553,-0.7791165113449097,0.4622815251350403,0.2138141542673111,-0.022862903773784637,-0.5868591666221619,-0.16722379624843597,-0.31936052441596985,0.06477745622396469,0.00161438446957618,AM7213
0.6612548232078552,-0.29885929822921753,-0.7770408391952515,-0.09095752984285355,9.48586908634752e-4,-0.5633783936500549,1.1768022775650024,-0.005287874490022659,0.732461154460907,0.36486196517944336,0.904924750328064,-0.7163815498352051,-0.20871120691299438,-0.5763216018676758,-0.6382986307144165,0.03343071788549423,-0.3385221064090729,-0.8913809061050415,-0.8229047656059265,0.1294366866350174,0.19104395806789398,-0.026019897311925888,-8.100256090983748e-4,AM7214
0.876484215259552,-0.23439379036426544,-0.1206851378083229,-0.06424027681350708,0.175352543592453,-0.6056209206581116,0.6277356743812561,0.13736805319786072,-0.2810935974121094,0.14288350939750671,0.3490886986255646,-0.4064364433288574,-0.26823440194129944,0.39757174253463745,0.4893369674682617,0.6548071503639221,-0.2689649164676666,0.15574590861797333,-0.5114143490791321,-0.027574140578508377,-0.2533281743526459,-0.026723120361566544,-3.3717858605086803e-4,AM7215
0.7412123084068298,-0.10813846439123154,-0.1355215609073639,-0.06669025123119354,-0.5623993873596191,0.4832874536514282,0.7045849561691284,0.5714503526687622,-0.14714886248111725,-0.055362898856401443,0.26549267768859863,-0.31054145097732544,0.2843213379383087,0.36975210905075073,0.3780464231967926,0.18606027960777283,-0.7461084127426147,-0.023997949436306953,-0.16332334280014038,-0.00800541415810585,-0.2147664576768875,-0.05180926248431206,-8.834128966554999e-4,AM7216
-0.12282242625951767,-0.3555818498134613,0.019599638879299164,-0.11157374829053879,-0.07111787796020508,-1.091341495513916,-0.6703284382820129,-0.5916157960891724,0.07380188256502151,-0.43347105383872986,-0.18814046680927277,-0.04050745815038681,0.1170596331357956,0.3350486159324646,-0.6189439296722412,-0.12952204048633575,0.007427948527038097,-0.18155597150325775,0.42085933685302734,0.6750998497009277,0.14625437557697296,-0.014339253306388855,-0.001376394066028297,AM7221
-0.10718514770269394,-0.3578411042690277,-0.08097945153713226,-0.24513942003250122,-0.05269687995314598,-1.1387724876403809,-0.5770638585090637,-0.9100949764251709,0.8015925884246826,-0.02761220745742321,-0.5736416578292847,-0.47448381781578064,-0.09882113337516785,0.29342830181121826,-0.17733120918273926,-0.7461118698120117,0.2845406234264374,-0.18400262296199799,0.053949225693941116,0.4174148738384247,0.288178950548172,-0.07726900279521942,-0.0022461265325546265,AM7223
0.059210844337940216,-0.39032185077667236,-0.028662100434303284,0.3282163441181183,0.34335240721702576,0.4528927505016327,-0.2909449338912964,-1.5090405941009521,0.7482984662055969,1.0992279052734375,0.3816256821155548,-0.8109686374664307,0.011842998676002026,-0.8254489302635193,1.0191762447357178,-0.5783877372741699,-0.1961432695388794,0.3597455322742462,1.3586548566818237,0.5874068140983582,0.7515709400177002,-0.05371461808681488,-0.002127702347934246,AM7224
0.05929084122180939,0.12388963252305984,0.33845365047454834,-0.4713752865791321,0.19616259634494781,-0.2979496121406555,0.583984375,-0.34975576400756836,0.6521971821784973,0.3778262138366699,0.059314049780368805,-0.11902302503585815,0.6712580323219299,-1.1184251308441162,-0.17090733349323273,-0.18450681865215302,0.8514686822891235,0.6712475419044495,0.490043580532074,0.09528225660324097,-0.3086068034172058,0.00991660077124834,2.0114853396080434e-4,AM7226
0.10094710439443588,-0.35290655493736267,0.49755898118019104,0.5861920714378357,0.4737299680709839,-0.3183470666408539,-0.5636837482452393,-1.0354528427124023,0.5560958981513977,1.9938081502914429,-0.09934079647064209,-0.2765751779079437,0.5962162017822266,-0.438210129737854,1.4997538328170776,-0.6983907222747803,-1.0168039798736572,-0.19122089445590973,-0.1371581256389618,0.33985114097595215,0.5299288630485535,0.1381569504737854,0.001980995759367943,AM7228
0.048339974135160446,0.2726891338825226,0.7362470626831055,-0.3045075833797455,0.16526448726654053,-0.5558207631111145,-0.008197641931474209,0.4021676480770111,0.21804848313331604,-0.0995779037475586,1.1770024299621582,-0.2611633539199829,0.022319583222270012,-0.2806975245475769,0.24584855139255524,-0.15110750496387482,0.47070759534835815,0.15468421578407288,0.18520867824554443,-0.1272488534450531,-0.4616849720478058,-0.07622131705284119,-0.0011232192628085613,AM7229
0.2845381200313568,0.16276894509792328,0.6383096575737,-0.44048282504081726,0.5824080109596252,-0.7519528865814209,-0.06507150828838348,-0.13087701797485352,0.46390268206596375,0.5727072954177856,-0.3944878876209259,-0.667904794216156,0.666080892086029,-0.5676254630088806,-0.38324305415153503,-0.4718421697616577,0.11495562642812729,-0.1386907398700714,0.3597380518913269,0.07470913231372833,-0.2041054219007492,0.011089770123362541,1.6940715431701392e-4,AM7230
-0.026592731475830078,-0.18823795020580292,0.5785501599311829,0.6733831763267517,0.1256013959646225,-0.21411225199699402,-0.6400636434555054,-0.23675818741321564,-0.6709296107292175,2.332009792327881,-1.196070909500122,-0.48499271273612976,1.3678022623062134,-0.5306291580200195,0.6721668839454651,-0.861060619354248,0.5729607343673706,0.7013474106788635,-0.6112633347511292,-0.15093505382537842,-0.47807976603507996,-0.181670680642128,-0.0030136641580611467,AM7236
0.010311529040336609,0.08521726727485657,0.41827934980392456,-0.18738354742527008,-0.009815157391130924,-0.35210973024368286,0.7876741886138916,-0.48944976925849915,0.05542692542076111,0.8341562151908875,-0.4518700838088989,-0.23847432434558868,1.9362868070602417,-0.4360533356666565,-0.32218360900878906,0.27753642201423645,0.22077734768390656,-1.1708468198776245,0.30682745575904846,0.08078406751155853,0.37761542201042175,-0.005368363112211227,-4.8544586752541363e-4,AM7237
0.15575505793094635,0.26427188515663147,-0.19344833493232727,-0.18390384316444397,0.7983415722846985,-0.7809338569641113,-1.1047029495239258,-0.6159877777099609,0.0790698304772377,0.45602360367774963,-0.5588182210922241,0.23199541866779327,-0.8023792505264282,-0.0017125766025856137,0.5055392384529114,0.07342912256717682,0.692334771156311,0.014119784347712994,-0.09290646761655807,-0.11900459229946136,-0.18365521728992462,-0.025977181270718575,-2.9307385557331145e-4,AM7241
0.2377515733242035,0.2626098096370697,-0.3023667335510254,-0.14473094046115875,0.7279906272888184,0.5643388628959656,-0.7576022744178772,-0.9888843297958374,0.23835039138793945,-0.7438927888870239,-0.667401134967804,0.36871564388275146,-0.0842999815940857,-0.5530984997749329,0.4747633635997772,-0.16552327573299408,0.28252869844436646,-0.24845604598522186,-0.4123826026916504,-0.23259712755680084,-0.0843086987733841,-0.04608488455414772,-5.364681128412485e-4,AM7242
0.04650767892599106,-0.43529918789863586,0.1475447714328766,-0.03038347326219082,0.10452333092689514,1.09766685962677,-0.10536254197359085,-1.3940644264221191,-0.28627023100852966,-0.6893277764320374,0.44387030601501465,-0.34388267993927,-0.34062325954437256,-1.561055064201355,-0.24378971755504608,-0.2911413609981537,1.0708643198013306,-0.43931230902671814,-0.3606947362422943,0.2093721628189087,-0.5980566143989563,-0.08497633039951324,-0.0017786696553230286,AM7243
0.17114858329296112,0.38987231254577637,0.2313728928565979,-0.3692507743835449,0.546821117401123,0.4811807870864868,-0.4516336917877197,-0.2418796420097351,0.3988208770751953,0.49405452609062195,-0.6409210562705994,-0.47325822710990906,-0.43431171774864197,0.20501379668712616,-0.5374317765235901,-1.28780198097229,0.19242236018180847,0.2782207727432251,-0.3054313659667969,0.14558842778205872,-0.19645285606384277,0.0591709166765213,0.0010097860358655453,AM7255
0.24093806743621826,0.24817386269569397,-0.23655441403388977,0.08340251445770264,0.5728075504302979,0.6585842967033386,-0.3723471760749817,-1.374208927154541,0.28214845061302185,-0.9023168087005615,-1.0091631412506104,0.742245614528656,-0.11652720719575882,-0.06978492438793182,0.5480993986129761,-0.0037497119046747684,0.28903689980506897,0.20122291147708893,-0.13780835270881653,0.03833654522895813,-0.14852698147296906,-0.11444562673568726,-0.002170839114114642,AM7256
-0.1486213058233261,-0.46391725540161133,-0.25296735763549805,-0.34861642122268677,0.16682764887809753,-0.2353987991809845,-0.510671854019165,-0.1955016702413559,0.3323335647583008,-1.7058945894241333,1.1366533041000366,-0.5533049702644348,-0.25907012820243835,0.3898915648460388,-0.9343587160110474,-0.6169909238815308,-0.2619602680206299,-0.6799294948577881,-0.5555253028869629,-0.26477476954460144,1.3433153629302979,-0.05706077069044113,-0.0012094147969037294,AM7260
0.09193636476993561,-0.28365665674209595,0.050350677222013474,0.3349705934524536,1.1456761360168457,1.3918198347091675,-0.37820520997047424,1.2015961408615112,2.1564581394195557,-0.47993549704551697,-0.4881003499031067,0.14600682258605957,0.5754496455192566,2.785003900527954,-1.4937118291854858,-0.3650972545146942,0.9678745865821838,0.41841766238212585,0.48994767665863037,-0.5356897711753845,0.19576014578342438,-0.24213215708732605,-0.003872060915455222,AM7261
0.014592771418392658,-0.2353774607181549,0.36498773097991943,-0.2356165647506714,-0.320514053106308,-0.15998575091362,-0.451763391494751,-0.3047233521938324,0.29663169384002686,-0.8894377946853638,-0.516769289970398,-0.522394597530365,0.057413581758737564,1.9880027770996094,-0.4130514860153198,0.26654675602912903,1.2427215576171875,0.31559690833091736,-0.0753667950630188,-0.369477242231369,-0.38413718342781067,-0.2154882401227951,-0.003488349262624979,AM7266
-0.04229073226451874,-0.24553745985031128,0.3180224895477295,-0.12637433409690857,-0.6081864833831787,-0.1586064100265503,-0.6704558730125427,-0.22918254137039185,0.859420895576477,-0.4025854468345642,-0.7793222069740295,-0.008640536107122898,0.34652474522590637,1.2241634130477905,-0.6162102222442627,-1.1329927444458008,-0.6285188794136047,-1.1575231552124023,0.049302518367767334,-0.024553773924708366,1.183197259902954,0.11684048175811768,0.0017702847253531218,AM7269
-0.025692839175462723,-0.42539340257644653,-0.027558138594031334,0.3187316656112671,0.22311736643314362,-0.1779174655675888,-0.6744193434715271,-0.6013117432594299,-0.8696895837783813,0.40402719378471375,1.0413572788238525,-0.754334032535553,0.34830963611602783,0.01591210998594761,0.07911437749862671,-0.05418986827135086,1.1644271612167358,0.5216047167778015,0.3225416839122772,-0.7550966143608093,0.8761488795280457,0.022519761696457863,0.0012490944936871529,AM7270
0.131280779838562,0.29077771306037903,0.4699767529964447,-0.2388557344675064,1.0688700675964355,-0.49069643020629883,0.1661786437034607,-0.40690556168556213,-1.2294124364852905,0.3069196343421936,-0.21274250745773315,-0.7410502433776855,-1.1343234777450562,0.5168091058731079,-0.6011373996734619,-0.2793808579444885,-0.0724729597568512,0.6673416495323181,-0.37711164355278015,-0.565122127532959,-0.27461013197898865,-0.012727377004921436,7.979261572472751e-4,AM7272
0.013649582862854004,0.3800765872001648,0.46881192922592163,-0.20087909698486328,0.5063257813453674,0.4375666081905365,1.3689841032028198,-0.7642029523849487,-1.2229502201080322,-0.22970618307590485,0.5501776933670044,-0.6171389222145081,-0.6315839886665344,1.2032126188278198,0.16580724716186523,-1.27799391746521,0.5224606394767761,0.17372989654541016,0.17960350215435028,-0.6173051595687866,0.4740619659423828,0.27043938636779785,0.005944087170064449,AM7273
0.037639886140823364,-0.1378544121980667,0.26999983191490173,0.7096463441848755,0.5190648436546326,0.36869290471076965,-0.218702033162117,1.8655338287353516,1.3606055974960327,-1.5560970306396484,-0.9424354434013367,-1.301568627357483,-0.5975128412246704,-1.0662986040115356,0.4852801561355591,-1.3124443292617798,0.3925822377204895,-0.04605501890182495,-1.4302111864089966,-0.442959189414978,1.752947449684143,0.2880440354347229,0.005496489815413952,AM7277
-0.05651656165719032,-0.30531519651412964,0.6380271911621094,0.5146833658218384,-0.2982257902622223,-0.24528484046459198,-0.7490367889404297,-0.41645118594169617,0.3740105628967285,0.4356335699558258,-0.07229743897914886,0.17050974071025848,-1.0608597993850708,0.10906846821308136,0.9592918753623962,0.8366054892539978,-1.1641747951507568,-0.1519712656736374,-0.6063989996910095,0.9966583251953125,0.2581639885902405,-0.11237592995166779,-0.0036744633689522743,AM7278
-0.1825188547372818,-0.2650458514690399,0.14655937254428864,0.9962784647941589,0.42148229479789734,0.13452531397342682,0.6848713755607605,1.0062661170959473,1.2399277687072754,0.6405221819877625,1.0812424421310425,1.691545009613037,-1.126278281211853,0.6541832089424133,-0.8967830538749695,-0.026216639205813408,0.035832054913043976,0.09697219729423523,-0.034976158291101456,0.2294430285692215,-0.45477622747421265,-0.5088213086128235,-0.009918094612658024,AM7280
-0.24459388852119446,-0.18197889626026154,-0.10147863626480103,0.780767023563385,0.8892765641212463,-0.47659847140312195,0.7314034700393677,2.4885029792785645,-1.501799464225769,-1.8434102535247803,-1.246837854385376,-1.1870633363723755,0.9338210225105286,0.32731181383132935,2.3839194774627686,-0.2934179902076721,1.4569123983383179,-1.016002893447876,-0.5378624200820923,2.1100971698760986,-0.760917067527771,-0.03853452578186989,-0.0036206210497766733,AM7283
-0.198221817612648,0.3698005974292755,0.6659911274909973,-0.29850196838378906,0.02069457247853279,-0.20424790680408478,0.35292404890060425,0.9519142508506775,-1.1240344047546387,-0.6345747709274292,1.1467549800872803,0.6361216306686401,0.23716144263744354,-0.10016803443431854,1.084385633468628,-0.532930314540863,0.14412821829319,0.5052119493484497,-0.34930145740509033,-0.11142879724502563,-0.7493235468864441,-0.12000106275081635,-0.001861737691797316,AM7284
0.04648946225643158,0.4908777177333832,0.38701263070106506,0.5206725001335144,-0.4821493625640869,0.5715957880020142,-0.5970847010612488,0.12040029466152191,-0.9887226819992065,-1.4113191366195679,1.1111042499542236,1.712630271911621,0.22088295221328735,-0.22104135155677795,-0.11757790297269821,-0.0403355248272419,0.5923526287078857,-0.6531336307525635,-1.5611048936843872,-0.7656243443489075,0.522286593914032,0.048899952322244644,0.0017916273791342974,AM7285
-0.014007349498569965,-0.3404206335544586,-0.11177320033311844,0.6904258131980896,1.3847346305847168,-0.4276527762413025,0.2017388790845871,0.6286911368370056,0.1675318330526352,0.2864261269569397,0.661648154258728,0.49488121271133423,0.7755498886108398,0.6696584224700928,-1.5498230457305908,0.9346030354499817,-0.512271523475647,-0.15714430809020996,0.9886066913604736,-0.2474943995475769,-0.18331243097782135,0.06306611746549606,0.0016120910877361894,AM7294
-0.034162044525146484,0.041754018515348434,0.46054625511169434,0.9428343772888184,0.10239636898040771,0.28385859727859497,1.2399672269821167,1.2470195293426514,-0.03380782902240753,-1.2082546949386597,-2.8203489780426025,-2.2823727130889893,-2.0577077865600586,-2.1028714179992676,-0.3580578565597534,1.9751620292663574,-0.09882227331399918,-0.17323146760463715,1.3920899629592896,-1.149834394454956,0.40956684947013855,-0.11308177560567856,-7.538652280345559e-4,AM7295
-0.3054237365722656,-0.42944613099098206,0.1262683868408203,0.26287034153938293,-0.42096588015556335,0.10011069476604462,-0.1863265335559845,-0.39655783772468567,-0.8125584125518799,-1.2319953441619873,2.5304110050201416,0.34847894310951233,-1.0243924856185913,-1.656927466392517,-0.146491140127182,0.08483397215604782,0.22757212817668915,-0.6881635785102844,0.23622390627861023,0.16885493695735931,8.278475143015385e-4,0.005317941773682833,-1.9156219786964357e-4,AM7302
-0.19365432858467102,0.021771617233753204,0.5370842218399048,-0.22871284186840057,-0.5928466320037842,-0.5414458513259888,0.2525608539581299,0.7294458746910095,0.7950834631919861,-0.43318071961402893,0.16063255071640015,1.1170711517333984,0.3736836314201355,-1.1645660400390625,-0.7351101040840149,0.0312252938747406,-0.2571977376937866,1.8541163206100464,0.17824889719486237,0.08666575700044632,0.5504159927368164,-0.24174843728542328,-0.0047449409030377865,AM7303
-0.1346278339624405,0.23311485350131989,0.6295750141143799,-0.3980039656162262,-0.15495100617408752,0.12128569930791855,0.02227095328271389,1.090376853942871,0.5812196135520935,-0.8809835314750671,1.275468111038208,0.8308263421058655,0.23981225490570068,-1.1890686750411987,0.8906946778297424,-1.074409008026123,-1.432567834854126,0.6697622537612915,0.8933861255645752,-0.3378039002418518,-0.18736687302589417,-0.06739138066768646,-5.916962400078773e-4,AM7304
0.07234511524438858,-0.22416839003562927,0.15268094837665558,-0.7113178372383118,0.9123931527137756,-0.021372603252530098,-0.1846960037946701,-0.7573647499084473,-0.46191319823265076,-0.8506700992584229,-1.4504284858703613,-0.08789171278476715,1.494756817817688,-0.9221265912055969,-0.9793447852134705,-0.2590082287788391,-1.1985925436019897,0.09319692105054855,-0.9125419855117798,-0.4498704969882965,-0.44391071796417236,-0.07010842114686966,-4.1307465289719403e-4,AM7312
-0.2120521515607834,-0.22834904491901398,-0.12426150590181351,0.9248220324516296,1.0600554943084717,-1.2287962436676025,0.7046366333961487,1.3583118915557861,-0.5327438712120056,0.27670469880104065,-0.44446948170661926,1.2338322401046753,0.06576403230428696,-0.37588804960250854,-0.6237629055976868,0.054202672094106674,-1.3444699048995972,-0.14124998450279236,-0.10074521601200104,-0.24280351400375366,0.13852941989898682,0.2165648341178894,0.004581433720886707,AM7313
-0.16847887635231018,-0.21347802877426147,0.049830105155706406,0.8918160200119019,0.549360990524292,1.2920068502426147,1.2596379518508911,-0.3451119065284729,0.9127593636512756,1.1836585998535156,0.41277486085891724,1.8953897953033447,-0.1355416625738144,0.04298999905586243,-1.3304749727249146,-0.1915830373764038,1.5169410705566406,-0.11237321048974991,-0.47826728224754333,0.8840872049331665,-0.37799936532974243,0.08400983363389969,3.0671400600112975e-4,AM7318
0.009762641973793507,0.4396507441997528,-0.289915531873703,0.5466094613075256,-0.17066097259521484,0.5649372339248657,0.7850951552391052,-1.5543690919876099,-0.59895259141922,-0.41191616654396057,-1.10763680934906,0.616397500038147,0.641324520111084,-0.09688890725374222,0.12203966081142426,-0.010912483558058739,-0.09291407465934753,0.36737626791000366,0.5426346063613892,0.4419187009334564,0.498085618019104,0.07009836286306381,5.816520424559712e-4,AM7319
-0.07803937792778015,-0.41229528188705444,-0.29716891050338745,0.34447020292282104,1.8258763551712036,0.454738050699234,0.20614281296730042,0.03086289018392563,-0.15804651379585266,0.37092065811157227,-0.019019214436411858,0.9713655710220337,1.2467795610427856,0.19266612827777863,-0.08388199657201767,0.2719155251979828,-1.4735920429229736,0.22550910711288452,0.43544214963912964,-0.3227112591266632,-0.8499536514282227,0.48630931973457336,0.010109363123774529,AM7320
-0.30278223752975464,-0.4121379256248474,-0.3351416289806366,0.5509533286094666,0.5400207042694092,0.5213695764541626,0.4468437731266022,-1.0531457662582397,-0.8721613883972168,0.6665307879447937,1.3327672481536865,0.09239449352025986,-1.4413704872131348,0.09666405618190765,1.2003796100616455,0.1832147240638733,-0.6329430937767029,0.8116430640220642,0.3392854630947113,-0.81632399559021,0.04448233172297478,-0.08982609957456589,-4.321950546000153e-4,AM7321
-0.1286342740058899,0.40879780054092407,0.06113002076745033,-0.4141677916049957,0.09951948374509811,1.1533609628677368,-0.22604316473007202,0.9055639505386353,-0.037936631590127945,0.3569304347038269,0.6899231672286987,-0.9035512804985046,0.40077733993530273,0.541486382484436,-0.06039420887827873,0.34333735704421997,-1.1825271844863892,-0.6165346503257751,-0.39121437072753906,0.027334917336702347,-0.2470991164445877,0.21491847932338715,0.004184913821518421,AM7323
-0.11327996104955673,0.13811685144901276,0.34046611189842224,-0.1716344654560089,-0.5619998574256897,0.4996393620967865,0.9447075724601746,-0.07356583327054977,-0.044831112027168274,0.8788520097732544,-0.925429105758667,-0.001424339017830789,1.8323572874069214,-0.2717072367668152,-0.555985689163208,-0.11501822620630264,-0.10101402550935745,-1.3289824724197388,0.0030594582203775644,-0.5939697623252869,-0.2616083323955536,-0.028797797858715057,2.8221364482305944e-4,AM7325
-0.23515230417251587,0.15688972175121307,0.04812619462609291,-0.5706632733345032,0.710136890411377,-0.5272084474563599,1.1277047395706177,-0.3071978688240051,-0.7623735666275024,0.11335115879774094,0.4071744978427887,0.40034765005111694,0.5007959008216858,0.16059449315071106,0.2857295274734497,1.073380947113037,0.8040429353713989,0.9238921999931335,0.26181021332740784,0.00393552053719759,0.6701441407203674,0.20131278038024902,0.0036919009871780872,AM7327
-0.2200041264295578,0.46296605467796326,-0.1078820675611496,-0.16375474631786346,-0.4082813858985901,0.13946126401424408,-0.44531694054603577,1.0431203842163086,-0.7336877584457397,1.3587645292282104,0.07355938106775284,-1.0196605920791626,0.22533994913101196,0.3876538574695587,-1.332663893699646,0.6280968189239502,0.08325750380754471,0.4765456020832062,0.1591884195804596,0.7092646360397339,0.20133154094219208,0.08101236820220947,4.8147872439585626e-4,AM7328
-0.10704969614744186,0.42726629972457886,-0.2714107036590576,0.2013915628194809,-0.6884294748306274,0.24150505661964417,-1.4225131273269653,0.970084011554718,-0.4547170102596283,-0.0842665508389473,-0.1253160685300827,0.4591650664806366,1.1606556177139282,0.10108818858861923,-0.0020908904261887074,1.144340991973877,0.4980616271495819,0.5011841654777527,0.3778896927833557,-0.1910001039505005,-0.07039712369441986,0.06435580551624298,0.0015644755912944674,AM7329
-0.2724018692970276,-0.21820642054080963,0.33362793922424316,0.346809983253479,-0.444951593875885,0.5918015241622925,0.10505401343107224,-0.8181934952735901,-1.8932162523269653,0.5056774616241455,0.4989354610443115,-1.0820658206939697,0.7628370523452759,1.2101401090621948,0.39616110920906067,1.2978549003601074,-0.9333142042160034,0.10900631546974182,0.4381881356239319,0.07030044496059418,1.158423900604248,-0.39953503012657166,-0.008154784329235554,AM7332
-0.22816140949726105,0.43136441707611084,-0.39877304434776306,-0.10402832925319672,0.1895361840724945,0.2539955675601959,0.39125603437423706,-0.1582040637731552,-0.9029942154884338,0.7574771046638489,0.40804529190063477,-0.7417328953742981,-0.5975028276443481,-0.4212695062160492,-1.6314610242843628,0.44407010078430176,-0.46041935682296753,-0.1437651813030243,-0.4061277508735657,0.7920194864273071,0.3963469862937927,0.09823019802570343,6.181258358992636e-4,AM7333
-0.01407272182404995,0.512836754322052,-0.20326493680477142,0.40664172172546387,-0.5408649444580078,0.5948227047920227,-0.48528867959976196,-0.25709033012390137,-1.161558747291565,-0.4863002300262451,-0.346748024225235,0.4225870370864868,1.2890630960464478,0.20490412414073944,-0.73248291015625,0.9736033082008362,0.6207864284515381,0.5744132399559021,-0.2278854101896286,0.09331097453832626,0.9154126048088074,0.06562775373458862,8.467352599836886e-4,AM7334
-0.2787790298461914,-0.21616652607917786,-0.3073776364326477,-0.5505608916282654,0.24820707738399506,-0.778268575668335,0.20015303790569305,-0.11322571337223053,0.38163521885871887,-0.5784574151039124,-0.11556719988584518,0.10975689440965652,0.2006867527961731,-0.08162934333086014,0.4086158275604248,1.246565818786621,0.05380835011601448,-0.20729999244213104,-0.4564446806907654,-0.21134044229984283,0.7483203411102295,-0.13958321511745453,-0.0026667527854442596,AM7336
-0.2646341621875763,-0.05879160016775131,-0.4185350835323334,-0.7003768682479858,0.3115699291229248,-0.6773959994316101,0.8113500475883484,-0.23236097395420074,0.6367902159690857,0.19812533259391785,0.4342833161354065,0.08268104493618011,0.19682900607585907,-0.2417321503162384,0.8446357250213623,0.7911831736564636,0.251801460981369,-0.07226293534040451,-0.47464749217033386,-0.12599459290504456,0.6291852593421936,0.09389257431030273,0.0017367773689329624,AM7337
-0.13460147380828857,0.45623186230659485,0.03866526111960411,-0.06580910086631775,0.09297823160886765,-0.4346800148487091,-0.15173491835594177,0.2840985655784607,-1.0516387224197388,1.3404135704040527,-0.033524058759212494,-0.04275524988770485,-0.9392693042755127,-0.5068968534469604,-0.4149083197116852,0.6624242663383484,-0.04580097272992134,-1.2391777038574219,-1.2235965728759766,-0.38812148571014404,-0.4644140303134918,-0.12444272637367249,-0.0017465513665229082,AM7343
-0.28719449043273926,0.020355941727757454,-0.2514781355857849,-0.6259601712226868,0.049744460731744766,-0.4208869934082031,0.8531479835510254,0.5523579120635986,0.33225634694099426,0.10693490505218506,0.3506065011024475,0.4500434398651123,1.0529438257217407,-0.820231020450592,-0.3250320255756378,0.8196156024932861,0.58934086561203,-0.3390461802482605,-0.3346308767795563,0.10018258541822433,0.04198664054274559,-0.18484072387218475,-0.0037902267649769783,AM7344
-0.015782617032527924,-0.41223034262657166,0.25820744037628174,-0.2389659434556961,-0.6674964427947998,1.253325343132019,-1.7154643535614014,0.24804815649986267,-0.3840680420398712,-0.22924858331680298,0.6730380654335022,-1.3478354215621948,1.2103348970413208,0.2075524628162384,-0.08097219467163086,1.6945278644561768,0.6927446126937866,-0.7875728011131287,-0.22256718575954437,-0.12017302960157394,-0.4758482277393341,0.18811994791030884,0.003841051831841469,AM7345
-0.12989430129528046,-0.21960072219371796,0.12785089015960693,0.4517192840576172,-0.11061624437570572,1.5795150995254517,-0.7958199977874756,0.5001048445701599,0.437680184841156,1.4830000400543213,0.7927491664886475,-0.2824612855911255,1.350289225578308,-0.6983983516693115,0.9511104822158813,0.17121905088424683,-0.4394437074661255,0.3648993670940399,-1.342320203781128,-0.5035139322280884,0.3016919791698456,-0.022582469508051872,2.514749940019101e-4,AM7346
-0.05514882877469063,0.41696563363075256,-0.306394100189209,-0.3528003990650177,0.4413808286190033,1.1083422899246216,-0.2792106568813324,-0.30666470527648926,0.21390676498413086,0.17699874937534332,-0.42095133662223816,-0.7768731117248535,-1.0079606771469116,0.07040409743785858,0.0068810381926596165,0.5247596502304077,-0.2868487238883972,0.020384924486279488,-0.06841466575860977,0.3951098322868347,-0.49954986572265625,-0.01440385915338993,-6.588563555851579e-4,AM7353
-0.2856747806072235,0.13693620264530182,-0.5238985419273376,-0.6524143815040588,0.41105756163597107,-0.04872146248817444,0.248907670378685,0.4010598063468933,0.5959692001342773,0.5054547786712646,0.2582009434700012,-0.5652509331703186,-0.2804242670536041,0.8248690962791443,1.089522361755371,0.22935590147972107,0.19421473145484924,-0.043164756149053574,-0.3619859218597412,0.14843307435512543,-0.4656027853488922,-0.042940348386764526,-9.486057097092271e-4,AM7354
0.13850416243076324,0.4258626699447632,0.23582889139652252,0.3314495086669922,-0.49482524394989014,-0.6202947497367859,-1.5514787435531616,0.14857251942157745,1.1663672924041748,-0.0868908241391182,-0.464561402797699,1.0024092197418213,-0.9233745336532593,0.31840410828590393,0.6903666853904724,0.3458203971385956,-0.10630723834037781,0.5798614025115967,0.3040100932121277,-0.35566601157188416,0.25380581617355347,0.1057845801115036,0.002545837080106139,AM7356
0.03752056136727333,-0.17495372891426086,0.9270649552345276,0.09230156242847443,-0.9060462713241577,-0.8698990941047668,-0.822597861289978,0.269551545381546,1.6649141311645508,-0.6403759717941284,0.3321181833744049,0.61112380027771,-0.8965174555778503,0.831599771976471,0.7477671504020691,1.9130889177322388,-0.505181074142456,0.39242079854011536,0.14409080147743225,0.06470990180969238,-1.1650508642196655,0.3800932765007019,0.007698755711317062,AM7359
-0.2564767599105835,-0.10094476491212845,0.27396783232688904,-0.14659519493579865,-0.450309693813324,0.09507056325674057,1.292401671409607,-1.2143880128860474,-0.41481518745422363,-0.8383591771125793,-0.706494927406311,0.3412590026855469,-0.16990326344966888,1.4177608489990234,0.5359947085380554,0.46604347229003906,-0.35577327013015747,-1.112841248512268,0.37954699993133545,-0.1701694279909134,-0.03607136383652687,0.09977110475301743,0.0020365938544273376,AM7361
-0.417602002620697,-0.3208004832267761,-0.27958396077156067,-0.3052593767642975,-0.14262516796588898,0.026329176500439644,0.3436874747276306,-0.6774783730506897,0.059194374829530716,-0.32437968254089355,-1.0189263820648193,0.2572175860404968,-0.705269455909729,1.7724826335906982,1.571301817893982,-0.12806430459022522,-0.9015445113182068,-0.37504535913467407,-1.4090932607650757,-0.7104580998420715,-0.3554394841194153,-0.07416034489870071,-2.3650875664316118e-4,AM7362
-0.12584225833415985,0.3308587670326233,-0.31773629784584045,-0.37728703022003174,0.1693405956029892,0.2632119953632355,-0.9595931172370911,1.068110704421997,0.9995534420013428,0.45865878462791443,0.6262583136558533,-1.0355303287506104,-0.5287176370620728,0.2671612501144409,0.2503858208656311,0.1808139830827713,-0.8873979449272156,-0.05813806131482124,0.1002197340130806,0.5762233734130859,0.23354582488536835,-0.1036955863237381,-0.0029104226268827915,AM7365
-0.07963211834430695,-0.11368168890476227,0.022490011528134346,-0.6295875906944275,0.012090731412172318,0.15626311302185059,0.4308885335922241,-0.5735042691230774,0.9024947881698608,-0.2942146956920624,-1.470181941986084,0.22210988402366638,1.060347080230713,-0.48793745040893555,0.21441318094730377,0.2825027108192444,-0.8365961909294128,-0.18791069090366364,-0.1111772283911705,-0.39531975984573364,-0.5103159546852112,-0.23616816103458405,-0.0037668964359909296,AM7372
-0.00275054550729692,0.28967782855033875,-0.09515366703271866,0.7605453729629517,-0.9821544885635376,-0.06117724999785423,1.2919896841049194,-0.7158300876617432,0.32274526357650757,-0.655422568321228,0.46818774938583374,-0.49391788244247437,0.26389080286026,-0.08152808248996735,-0.1503014862537384,-0.9681240916252136,-0.3276943266391754,0.2757264971733093,0.15897236764431,-0.020927565172314644,-0.4857609272003174,-0.08675138652324677,-0.0014281239127740264,AM7373
0.09532041847705841,0.407222181558609,0.058554500341415405,0.5912922620773315,-0.2240123301744461,-0.0481126569211483,0.16308553516864777,-1.1965374946594238,-0.1902974247932434,-0.3286588191986084,0.013351617380976677,1.0958346128463745,-0.7345629334449768,0.08864273875951767,0.16285577416419983,0.3774116039276123,0.7799707651138306,-0.20116180181503296,-0.4954098165035248,-0.33576202392578125,0.10377521812915802,0.13657265901565552,0.003037378890439868,AM7380
-0.046724479645490646,0.28792163729667664,-0.2862839102745056,0.30392658710479736,0.24677827954292297,-0.9684953689575195,-0.1414569616317749,-0.60025554895401,-0.4342983663082123,-0.30320003628730774,0.5813255310058594,0.9774730801582336,-1.0549079179763794,0.3114994168281555,0.5200384259223938,0.316881388425827,0.5361616611480713,-0.06956987828016281,0.13979566097259521,-0.2812845706939697,-0.057793039828538895,0.11805304884910583,0.0026602651923894882,AM7382
-0.18410110473632812,0.14105075597763062,0.15083418786525726,-0.20910070836544037,-0.6638361215591431,0.21704725921154022,1.2599679231643677,-0.006424065213650465,1.2916628122329712,0.24324660003185272,0.14978031814098358,0.3305681049823761,0.06268646568059921,0.04233577474951744,0.4081079065799713,-0.1945553869009018,0.7722982168197632,-0.5737221837043762,1.1833215951919556,0.3835430443286896,0.221096470952034,0.14695459604263306,0.0020633123349398375,AM7383
-0.05109230428934097,0.16997508704662323,-0.7478029727935791,0.31517231464385986,-0.5483551621437073,-0.32268595695495605,-0.28699105978012085,0.05726885050535202,0.708495557308197,-0.34437042474746704,0.5462809801101685,-0.41339513659477234,0.4127734303474426,-0.039437755942344666,0.33845070004463196,0.03561336174607277,-0.10054909437894821,0.34097257256507874,0.10948201268911362,0.13618455827236176,-0.05306597054004669,-0.01900426484644413,-5.11380669195205e-4,AM7384
-0.006824889685958624,0.22529970109462738,-0.4902834892272949,0.49809226393699646,-0.9297571778297424,0.19815951585769653,0.6795365214347839,-0.5708391666412354,0.9964761137962341,-0.465413898229599,0.7363527417182922,-0.6039056777954102,0.01196164172142744,-0.45901623368263245,-0.05005289614200592,-0.43159833550453186,-0.11433839052915573,-0.09755931794643402,-0.011057177558541298,0.11859595775604248,-0.5577678084373474,-0.202737957239151,-0.0038804118521511555,AM7385
-0.11989524215459824,-0.010434329509735107,-0.02261410653591156,-0.48822054266929626,0.12376255542039871,1.0160914659500122,1.0493037700653076,-1.1569949388504028,1.4225653409957886,-0.650784432888031,-0.37382960319519043,-0.5148767232894897,-0.6023496389389038,0.2759481370449066,0.578161358833313,1.44786536693573,0.3658190667629242,1.030022382736206,0.10329824686050415,0.6799025535583496,0.26648905873298645,0.13359209895133972,0.001608462305739522,AM7386
0.013995751738548279,0.40026697516441345,-0.29186975955963135,0.38883090019226074,-0.5216054320335388,-0.19414295256137848,-0.4086184501647949,-0.5003332495689392,0.7225790023803711,0.7841602563858032,-0.9061846733093262,0.9019633531570435,-0.26829952001571655,-1.2206945419311523,-0.8577839732170105,-0.2578763961791992,0.3338921368122101,-0.6288660764694214,-0.019095100462436676,0.162578746676445,0.37993553280830383,5.919838440604508e-4,-4.090459842700511e-4,AM7387
-0.018178781494498253,0.105563685297966,-0.6012469530105591,0.4280664026737213,-0.8531590700149536,-0.6342025995254517,0.06715629249811172,0.40390169620513916,0.5839909315109253,-0.6650484800338745,0.9065701961517334,-1.3629451990127563,1.1629118919372559,0.4332888126373291,-0.29718559980392456,-0.5642442107200623,-0.1196201965212822,0.7838802933692932,0.007197842933237553,-0.46246716380119324,-0.3540600538253784,0.09578978270292282,0.0027161024045199156,AM7388
-0.06934977322816849,0.5107713341712952,0.3088368773460388,0.1552381068468094,-0.35596030950546265,-0.0635940432548523,-0.5007249712944031,0.7754460573196411,-0.10422665625810623,0.7409029006958008,0.25231531262397766,0.6840426921844482,-0.8857424855232239,-0.14641667902469635,-0.4845854938030243,-0.41515401005744934,-0.6941706538200378,-1.3072136640548706,-0.684568464756012,-0.07286650687456131,0.16750185191631317,-0.025665147230029106,-5.259541212581098e-4,AM7409
-0.23544582724571228,-0.23041722178459167,0.06090258061885834,-0.019498495385050774,-0.45809856057167053,-1.2761223316192627,0.08709446340799332,-0.2899705469608307,-0.6708234548568726,-0.05968651920557022,-0.2697095572948456,0.5173717141151428,-0.02740241214632988,0.7647125124931335,-0.7036781311035156,-0.007547679822891951,-0.28486374020576477,-0.8081456422805786,-0.666447639465332,-0.3128027617931366,0.09629747271537781,-0.02910688892006874,-2.2946743411011994e-4,AM7416
-0.05229932814836502,0.165248304605484,-0.36918166279792786,0.8241106867790222,-0.8756976127624512,-1.731415033340454,0.6934505701065063,-0.43300098180770874,0.6402208805084229,0.9637405276298523,-0.45785167813301086,-1.1730802059173584,0.419845849275589,0.4911438226699829,-0.10423056781291962,-0.5949629545211792,0.35711976885795593,0.5342918634414673,-0.3164527714252472,-0.3195120692253113,-0.40537139773368835,0.10609334707260132,0.0026977418456226587,AM7419
-0.023078344762325287,0.20022423565387726,-0.396033376455307,0.5249091982841492,-0.7835304141044617,0.21159307658672333,0.7744359970092773,-0.2908783257007599,0.2949844300746918,-1.0217156410217285,0.5317190289497375,-1.478083610534668,0.7218087315559387,0.5603138208389282,0.015342758037149906,-0.7038028836250305,-0.6765599250793457,0.7711034417152405,-0.1726963073015213,-0.40554413199424744,-0.8541188836097717,0.0646296963095665,0.0022591848392039537,AM7420
-0.017690034583210945,0.32140102982521057,-0.6581537127494812,0.12589819729328156,-0.21234846115112305,-0.30242350697517395,-1.1093744039535522,-0.025535384193062782,0.3644343316555023,0.10670901089906693,-1.0161113739013672,0.7440975308418274,0.4754253029823303,-0.21405433118343353,0.1598893702030182,-0.3837498426437378,0.005906938575208187,-0.004651183262467384,0.25391969084739685,-0.33570048213005066,0.08953602612018585,0.06336178630590439,0.0016793424729257822,AM7426
-0.07091230899095535,0.4934365749359131,-0.14665916562080383,0.026199497282505035,-0.42128250002861023,0.48222634196281433,-0.33714398741722107,0.020832058042287827,0.2574726641178131,1.117783784866333,-1.1453357934951782,0.17911769449710846,-0.3616423010826111,0.3722214698791504,0.7498700022697449,-0.8612074255943298,-0.6799096465110779,-0.9398122429847717,0.7947924137115479,0.15041863918304443,-0.03493550792336464,0.022459188476204872,1.2910067744087428e-4,AM7427
-0.2469448447227478,-0.28434664011001587,0.15263330936431885,-0.12480936199426651,-0.6451783776283264,-0.07130427658557892,0.4876086413860321,-0.5816605091094971,-0.4361002445220947,-0.544020414352417,-0.7782469391822815,0.8765280246734619,-0.35161399841308594,-0.3349967300891876,-1.0315407514572144,-0.6980370283126831,-0.8014636039733887,0.3308963477611542,-0.2049759477376938,0.951556921005249,-0.5546509027481079,-0.030551498755812645,-0.0017199442954733968,AM7492
-0.03972245380282402,-0.38423869013786316,-0.11683108657598495,-0.24673737585544586,-0.806318998336792,0.9394755959510803,0.20754840970039368,0.37352582812309265,-1.3378193378448486,-0.684441328048706,-1.1548229455947876,0.231099471449852,-0.5894711017608643,-0.6291139721870422,-1.1525399684906006,-0.6106693744659424,-1.3938313722610474,1.201866626739502,0.4889445900917053,0.6863888502120972,-0.3768952488899231,0.18779438734054565,0.002943055471405387,AM7493
-0.03544227033853531,-0.5448589324951172,-0.1846008002758026,-0.40910962224006653,-0.5457946062088013,0.06446950882673264,-0.48946911096572876,0.6920268535614014,-1.6214344501495361,-0.3420649468898773,-0.05699864774942398,0.4246750771999359,-0.8848881721496582,0.5754614472389221,-0.7899530529975891,-1.8050419092178345,0.038892243057489395,0.5189090967178345,0.4718947112560272,0.37638017535209656,0.18785260617733002,0.22441338002681732,0.003706241026520729,AM7495
-0.04713387042284012,-0.6529148817062378,-0.568934440612793,-0.4401046931743622,-0.24121347069740295,0.45475366711616516,-0.22406843304634094,0.612380862236023,-1.1624025106430054,0.7855725288391113,-0.4191601574420929,0.23526442050933838,-1.0874923467636108,-0.9962557554244995,0.3095502555370331,-0.7960248589515686,0.7831863164901733,-0.2690648138523102,0.19438709318637848,-1.2230682373046875,-0.5185902714729309,-0.028445925563573837,0.0013760055880993605,AM7589
-0.05415991693735123,-0.13695472478866577,-0.1408863067626953,-0.8312796354293823,-0.42573755979537964,0.24795345962047577,0.8290122747421265,1.271872639656067,-0.001467177295126021,1.1264748573303223,-0.9634363055229187,0.8425683975219727,-0.036648940294981,-0.018533335998654366,0.35014674067497253,-0.3502994775772095,0.7266161441802979,0.9505658745765686,-0.4101724326610565,-0.15792913734912872,0.6456823348999023,0.058438289910554886,0.0012116796569898725,AM7591
-0.03844812512397766,-0.5391637682914734,-0.2886213958263397,1.4847383135929704e-4,-0.7894372940063477,-0.11666541546583176,-0.8049265146255493,0.8586174249649048,-0.5568901300430298,1.4278721809387207,-0.39055579900741577,-0.34654268622398376,-0.28785839676856995,0.09079493582248688,0.2205808162689209,-0.05869229882955551,0.8419815301895142,0.6083675026893616,1.1249196529388428,-0.3796669840812683,-0.2052944004535675,0.1080724447965622,0.002757601672783494,AM7628
-0.025780221447348595,-0.44510617852211,-0.10341452062129974,-0.615412712097168,-0.7227456569671631,0.05120231956243515,-0.2757371962070465,0.6224358677864075,-0.6314262747764587,0.2753323018550873,-1.3076567649841309,0.7991545796394348,-0.6408882141113281,0.0875728577375412,-0.471241295337677,-0.403853178024292,-0.19829724729061127,0.40199998021125793,-0.32524433732032776,-0.08506249636411667,-0.11163059622049332,-0.16462653875350952,-0.002969280583783984,AM7629
0.01596989296376705,-0.5546401143074036,-0.19757437705993652,-0.2175225168466568,-0.6814743876457214,0.8613390922546387,-0.4861900508403778,0.14241601526737213,0.9202746748924255,0.7932933568954468,-0.1559777855873108,0.32718369364738464,-1.388878583908081,-0.45596447587013245,-0.06524580717086792,0.3580456078052521,0.8911495208740234,-0.8941376805305481,-0.08445962518453598,0.229944109916687,-0.7885833978652954,0.1818399280309677,0.0033565200865268707,AM7633
-0.020874423906207085,-0.11235740035772324,-0.28570446372032166,-0.8841447830200195,-0.0518563911318779,-0.14631280303001404,1.1479171514511108,0.5438392162322998,0.7923665046691895,0.9732314348220825,-0.014409581199288368,0.8264744877815247,-0.6054597496986389,-0.40260395407676697,0.5786986351013184,0.6346514225006104,0.6536330580711365,0.4917759895324707,-0.0906880646944046,-0.16243474185466766,0.4433981478214264,0.13471731543540955,0.0027167571242898703,AM7634
