V1
0.4366940057836418
0.188878807676588
0.12363927069319049
0.06851130018031834
0.032727046192570775
0.024969783631848857
0.016294462944523774
0.013891800560581296
0.011022203594745986
0.009113435545207637
0.008026521225161459
0.006575146096242778
0.006149155298073022
0.005135823955089125
0.004717773334228858
0.004282442840372557
0.0038082420874205867
0.003254585177950861
0.003216812873534332
0.0026709798382919293
0.0028159863600660685
0.0020964473253534234
0.002084452249548781
0.002084392715159415
0.0020842561569135503
0.0020841747608013844
0.0020841318116694846
0.0020840338571550226
0.0020839701055098904
0.0020839176226753234
0.0020839149720972383
0.00208380299133328
0.002083698707646414
0.0020836850601091126
0.002083641733675384
0.0020836287493458455
0.00208357310405212
0.002083515871993485
0.002083499179901965
0.0020834242012661023
0.002083370288868624
0.002083340485915263
