V1
4.11751643598531
2.7564679514409822
2.144647497520559
1.6042145636366905
0.9736167589222003
0.7684976894979503
0.5202635984833567
0.43031111783216885
0.32416263283212593
0.2595837417788194
0.22082748179410958
0.17963724301401393
0.16463651919721295
0.13696179369458453
0.12738356121615088
0.1142973370596179
0.103871814927611
0.09237382284768955
0.09141127559395587
0.08254513754242875
0.08371279451535323
0.06987773049849566
0.06678541741490954
0.066000461749446293
0.06476825331724076
0.06376406827715468
0.06323498177022682
0.062161648171483286
0.06134111141920817
0.0608698680871122
0.06070332484223779
0.05948578282211415
0.05827079055033537
0.05786156719815254
0.05760900140646976
0.05723814341982099
0.05657034310380081
0.05594926780335671
0.05580055405907501
0.055017251655907116
