V1
0.44050383937331583
0.1900793734596824
0.12441495984719604
0.06883573563689087
0.032813927192847286
0.02501391230932121
0.016304292390575573
0.013895252575517377
0.011020477074192483
0.009109787141294139
0.008021931050758397
0.006570254280550339
0.006143777480059394
0.005130308714072339
0.004712225030028426
0.004276404116795894
0.003802300340649814
0.003248627254721603
0.0032105977945364383
0.002664375234580156
0.0028095940158939956
0.002094826708835965
0.0020845837941549845
0.002084518948015146
0.0020843874115925986
0.0020842760429235687
0.002084230968512262
0.0020841506348365573
0.0020840851528903643
0.0020840384962003567
0.0020840353151384736
0.0020839219961439046
0.002083815315254014
0.0020837768863051953
0.002083758467414979
0.002083722955653672
0.0020836675703226675
0.00208361059805436
0.002083598276554941
0.0020835395858214774
0.002083488449412935
0.002083442879184792
0.0020833906878260184
0.0020833391613593482
0.0020833268430700104
0.002083284591119796
