V1
4.127941915780071
2.7739119723753207
2.1596926497119395
1.6199872001705613
0.9866078978894849
0.7799030900257922
0.5299380002317206
0.4389283431823431
0.3314344270456177
0.26596198401629795
0.22653242343823857
0.18465734588877056
0.1693579738727932
0.14112902167529473
0.1313502490839031
0.11794547905621211
0.10729187013723462
0.09551828967518028
0.0945420932924429
0.08545860028550965
0.08664518859063491
0.0724420850754559
0.06925260097813117
0.06844149547633525
0.06715988832219345
0.06611829556424738
0.06557092061340918
0.06445426804774643
0.0636005980267108
0.06310657057589705
0.06294587179446544
0.061680317116791526
0.060417831769536245
0.059984494974596105
0.05972632346161325
0.05934451279903562
0.05864789950587203
