V1
4.124671299128119
2.734156899831605
2.125448898225412
1.5795347206485189
0.9510173152418842
0.7481079715882265
0.5022518266679025
0.4140725496510453
0.310291276845574
0.24732208046359683
0.20977001290437192
0.16984284318179002
0.15545196960122454
0.12882706757217893
0.11962794242302896
0.10714202876634155
0.09717208489583555
0.08619666079349764
0.08528146210548694
0.07681610400110003
0.07795202859446361
0.06481119213416657
0.0619944800828567
0.06127335084663875
0.060123853615535454
0.05919220826198983
0.05870803533536459
0.05770800314842171
0.056951408137600704
0.05651044184459564
0.05636599277858022
0.05523591109627725
0.05411132118761123
0.05372479242265318
0.053495849614755765
0.053152325399029206
0.052528904332987375
0.05195996008416458
0.05182043841707127
0.051094109454020195
0.050476407876810486
0.05016360713964163
0.049731898806027686
0.04908605901547009
0.04874903287720067
0.048419809262405265
0.04814042671776788
0.04764973200842901
0.04756015276928344
0.04711300226413575
