PEER1,PEER2,PEER3,PEER4,PEER5,PEER6,PEER7,PEER8,PEER9,PEER10,PEER11,PEER12,PEER13,PEER14,PEER15,PEER16,PEER17,PEER18,PEER19,PEER20,PEER21,PEER22,PEER23,PEER24,PEER25,Donor
-0.029604755342006683,0.32975006103515625,-0.8718475699424744,0.2624497711658478,0.47229912877082825,-0.3535645008087158,-0.9681347012519836,-0.2188517153263092,0.03800487145781517,-0.7958773970603943,6.147284293547273e-4,0.25960806012153625,0.4414774477481842,-0.6038190126419067,-0.04790874198079109,-0.06978727877140045,-0.4288989007472992,0.12565501034259796,0.5211229920387268,0.2118811458349228,0.005561173893511295,-0.013366369530558586,-2.2720459674019367e-4,-3.394077648408711e-4,-1.0913487494690344e-4,AM7180
0.027726076543331146,0.30890652537345886,-0.3545876145362854,-0.40830981731414795,0.8795341849327087,-0.570186972618103,-1.1632211208343506,0.4535195231437683,0.04792501777410507,-0.17924360930919647,1.0562262535095215,-0.2802332043647766,-0.4369916021823883,0.05385110527276993,-0.08871791511774063,-0.2702016830444336,-0.2769627571105957,-0.8747190833091736,0.5775831937789917,0.11634909361600876,-0.22065359354019165,-0.024723755195736885,-3.872336819767952e-4,-6.42106868326664e-4,-1.916046312544495e-4,AM7181
-0.005215390585362911,0.18051132559776306,-0.2216617614030838,-0.9558910727500916,0.6399728059768677,0.029284285381436348,-0.3999234139919281,0.5460444688796997,1.0002663135528564,-0.2153446227312088,1.27202570438385,-0.5789564251899719,0.24707995355129242,-1.0932897329330444,-0.5648711919784546,-0.16754986345767975,-0.5074455738067627,-0.24882319569587708,0.058947060257196426,-0.05128049850463867,0.15615659952163696,-0.027987685054540634,-4.235728411003947e-4,-7.305879844352603e-4,-2.0662855240516365e-4,AM7182
0.16769331693649292,0.2639715075492859,-0.5008730292320251,0.044394753873348236,0.9239181876182556,-0.6487844586372375,-1.4332869052886963,-0.3246830701828003,-0.34136688709259033,-1.1918487548828125,0.2848941683769226,0.8158288598060608,0.05396385118365288,-0.4631277620792389,-0.030092917382717133,0.18484938144683838,0.3898491859436035,0.15497644245624542,0.5860344171524048,0.12750759720802307,-0.10975149273872375,-0.020202618092298508,-3.1987862894311547e-4,-5.231031682342291e-4,-1.5790534962434322e-4,AM7188
-0.14161062240600586,-0.6532005071640015,-0.22271715104579926,-0.19410550594329834,0.256479412317276,-0.9915983080863953,-1.1140433549880981,-0.26885464787483215,-0.7625012993812561,-0.6711795330047607,0.2354237586259842,-0.7038414478302002,0.8954356908798218,-0.4337253272533417,-0.364646852016449,-0.26223358511924744,0.6195673942565918,0.11048382520675659,0.70851731300354,0.16903916001319885,-0.11781835556030273,-0.03025307133793831,-4.776093701366335e-4,-7.83523719292134e-4,-2.3505152785219252e-4,AM7189
-0.07919026166200638,0.27078142762184143,0.617932140827179,-0.5865635871887207,0.22425846755504608,0.85919952392578125,0.8929940462112427,0.07956014573574066,0.43921273946762085,-1.1011744737625122,1.4694774150848389,0.13823972642421722,0.5964652299880981,0.04589376226067543,0.1950281262397766,-1.4342296123504639,0.23033073544502258,-0.46488961577415466,0.9568439722061157,-0.27672916650772095,-0.11939230561256409,0.03736088052392006,6.006459589116275e-4,9.605737868696451e-4,2.9044324764981866e-4,AM7196
0.01220871601253748,0.39798566699028015,-0.597242534160614,0.03328036889433861,0.740734338760376,0.35785219073295593,-1.2540630102157593,-0.039060696959495544,-0.6510695219039917,-1.0618864297866821,-0.4477625787258148,0.3760538101196289,0.34737104177474976,-0.31589511036872864,0.31577450037002563,0.17739064991474152,-0.3090783655643463,0.5611841678619385,0.4691965579986572,0.06400842219591141,-0.7347351908683777,-0.0951232984662056,-0.0014408306451514363,-0.002489236881956458,-7.227363530546427e-4,AM7197
0.3163520395755768,-0.44306451082229614,1.173236608505249,-0.033414747565984726,0.20217156410217285,-0.445705771446228,-0.9911579489707947,-1.3294905424118042,0.18444693088531494,-0.7489676475524902,0.23543612658977509,-0.49524712562561035,0.05577481910586357,-0.41861492395401,-1.0520726442337036,0.6596988439559937,0.28278934955596924,0.2779273986816406,-0.31014251708984375,0.7133784890174866,-0.463087260723114,0.09540538489818573,0.0013815390411764383,0.002516582841053605,6.835461826995015e-4,AM7203
-0.046887435019016266,0.6706960797309875,0.46064314246177673,-0.15671226382255554,0.5033363699913025,-0.07130757719278336,-0.048283424228429794,0.21778786182403564,-0.6070371270179749,0.9096214175224304,0.0016917720204219222,-0.9471237659454346,-1.0866763591766357,1.1855378150939941,-0.06108894944190979,-0.7002702355384827,0.06982851028442383,0.20699824392795563,0.652174711227417,0.3225594758987427,0.10014324635267258,-0.0422787182033062,-6.81535282637924e-4,-0.0010876363376155496,-3.2984494464471936e-4,AM7204
0.020176684483885765,0.6161389946937561,0.2659475803375244,-0.19883041083812714,0.6772158741950989,-0.16026203334331512,-0.08481627702713013,-0.24879559874534607,-0.6128986477851868,0.6376480460166931,-0.08458974212408066,-1.0411478281021118,-1.4317829608917236,0.24611499905586243,-1.0307319164276123,-0.21473969519138336,0.20168322324752808,0.39820557832717896,0.12605276703834534,0.38660696148872375,-0.05161402374505997,-0.054234884679317474,-8.673957199789584e-4,-0.0013984283432364464,-4.2320851935073733e-4,AM7205
0.9743406176567078,-0.06644922494888306,-0.2149576097726822,-0.20567715167999268,-0.2363138645887375,0.39652273058891296,0.4991215169429779,0.6466730833053589,-1.0501396656036377,-0.10878103971481323,0.20857557654380798,1.2612131834030151,0.08371128141880035,0.3282742202281952,0.6220306754112244,-0.04028935730457306,-0.5960599780082703,-0.38745182752609253,0.5372942686080933,0.2983037233352661,0.5457133650779724,-0.053580984473228455,-8.600214496254921e-4,-0.0013775912811979651,-4.097917990293354e-4,AM7208
0.9399353861808777,0.007932237349450588,0.10954097658395767,-0.17224141955375671,-0.5727905631065369,0.01421353779733181,0.04166538268327713,1.1292635202407837,-1.252468466758728,0.19008836150169373,-0.1166469156742096,1.4777746200561523,0.3203110098838806,0.5933791995048523,1.189684271812439,0.383022665977478,0.5375214219093323,-0.2853149473667145,1.4284089803695679,0.31755417585372925,0.6510252356529236,-0.05972299352288246,-9.580995538271964e-4,-0.0015361448749899864,-4.5617111027240753e-4,AM7209
1.169045329093933,-0.17020277678966522,-0.1346629112958908,-0.20700226724147797,0.07895305007696152,0.600290060043335,0.4124830961227417,0.29449811577796936,-0.05830956995487213,-0.37531617283821106,0.44286075234413147,0.6303882002830505,-0.4381377398967743,0.4198361933231354,0.2735401690006256,0.3912084400653839,-0.6221098303794861,0.18377752602100372,-0.4657309055328369,0.25294730067253113,0.33642256259918213,-0.04245677590370178,-6.801999406889081e-4,-0.001091965939849615,-3.260904923081398e-4,AM7211
1.1304247379302979,-0.20447321236133575,0.10107008367776871,0.22949783504009247,-0.7139158844947815,-0.6769008636474609,1.132080316543579,0.266594260931015,-0.5836688876152039,0.3537229597568512,0.49727046489715576,-0.8582587242126465,0.35733291506767273,-0.08413152396678925,-0.7935813665390015,0.4869513511657715,0.20555101335048676,-0.018526991829276085,-0.6100624203681946,-0.14283017814159393,-0.3165535628795624,0.03521936759352684,5.581744480878115e-4,9.088527294807136e-4,2.678358869161457e-4,AM7213
0.8937495350837708,-0.4221150577068329,-1.1105108261108398,-0.12460247427225113,-8.567284094169736e-4,-0.7262215614318848,1.4162158966064453,-0.004040506202727556,0.82342529296875,0.3785717189311981,0.9733324646949768,-0.7624171376228333,-0.21175281703472137,-0.6071684956550598,-0.6528580784797668,0.04396270215511322,-0.3480016887187958,-0.9204996228218079,-0.8192079663276672,0.15767225623130798,0.19277764856815338,-0.012977215461432934,-2.201319148298353e-4,-3.276507486589253e-4,-1.0123230458702892e-4,AM7214
1.1847549676895142,-0.3317396342754364,-0.17481599748134613,-0.0876699686050415,0.24221375584602356,-0.7909534573554993,0.7577254772186279,0.16274620592594147,-0.3086569905281067,0.14811089634895325,0.37454140186309814,-0.43287530541419983,-0.29044365882873535,0.41347771883010864,0.5064059495925903,0.6614837050437927,-0.29519209265708923,0.16537344455718994,-0.5187631249427795,0.009217050857841969,-0.23916511237621307,-0.013330118730664253,-1.9895480363629758e-4,-3.503104962874204e-4,-1.0218346142210066e-4,AM7215
1.0021435022354126,-0.15204982459545135,-0.19265997409820557,-0.09234567731618881,-0.7645221948623657,0.6421747803688049,0.8438972234725952,0.6674848198890686,-0.16396792232990265,-0.05896954983472824,0.27986860275268555,-0.3305538296699524,0.2897050082683563,0.3786528706550598,0.39172619581222534,0.1791410744190216,-0.7747989892959595,-0.01575479283928871,-0.16189827024936676,0.011610823683440685,-0.20110605657100677,-0.0270689744502306,-4.094621108379215e-4,-7.083144737407565e-4,-2.0515843061730266e-4,AM7216
-0.1657787412405014,-0.5015956163406372,0.025759102776646614,-0.15802589058876038,-0.1015094518661499,-1.4394453763961792,-0.8020166158676147,-0.6927745938301086,0.08149135112762451,-0.47257110476493835,-0.20352773368358612,-0.03985654190182686,0.1315845251083374,0.3433559238910675,-0.6438704133033752,-0.12675414979457855,0.020499177277088165,-0.207184836268425,0.4662865698337555,0.6495225429534912,0.12824368476867676,-0.0074186851270496845,-1.8873155931942165e-4,-1.620748225832358e-4,-8.082763815764338e-5,AM7221
-0.14463230967521667,-0.5047751665115356,-0.11821087449789047,-0.34871843457221985,-0.07714556157588959,-1.501105546951294,-0.6872075796127319,-1.0677239894866943,0.8939189314842224,-0.03324609994888306,-0.6184016466140747,-0.4908332824707031,-0.09877104312181473,0.30297690629959106,-0.1989288330078125,-0.7642191648483276,0.3055153787136078,-0.21370179951190948,0.07690458744764328,0.4108140170574188,0.2717999219894409,-0.04087069630622864,-6.737812072969973e-4,-0.001043900498189032,-3.20906430715695e-4,AM7223
0.07934650778770447,-0.5514708161354065,-0.03991655632853508,0.4692765176296234,0.4661850333213806,0.5961222648620605,-0.3474178612232208,-1.769086241722107,0.8339953422546387,1.1816623210906982,0.4053206741809845,-0.8579500317573547,3.39637539582327e-4,-0.8458263278007507,1.0461560487747192,-0.62063068151474,-0.15949854254722595,0.3541608154773712,1.4232035875320435,0.5353167057037354,0.7449001669883728,-0.030339879915118217,-5.354710156098008e-4,-7.588302250951529e-4,-2.442247932776809e-4,AM7224
0.08046630024909973,0.17442730069160461,0.4806109070777893,-0.674526572227478,0.2690025568008423,-0.3957001566886902,0.7107839584350586,-0.4095155596733093,0.7288820147514343,0.403660386800766,0.06883366405963898,-0.13007651269435883,0.7031120657920837,-1.1483829021453857,-0.16308225691318512,-0.1800529509782791,0.8910449743270874,0.6894809007644653,0.49076205492019653,0.06974827498197556,-0.32290393114089966,0.005411273334175348,8.140108548104763e-5,1.3957556802779436e-4,3.466369162197225e-5,AM7226
0.13586831092834473,-0.49874547123908997,0.7088695764541626,0.8381819725036621,0.6476220488548279,-0.42580246925354004,-0.668846607208252,-1.2192729711532593,0.623313844203949,2.1593644618988037,-0.0983918234705925,-0.29841914772987366,0.6127232909202576,-0.44984644651412964,1.54761803150177,-0.7445119023323059,-1.0192270278930664,-0.20526327192783356,-0.10231192409992218,0.3681459128856659,0.5470752716064453,0.07282174378633499,0.0010571825550869107,0.0019241968402639031,5.359896458685398e-4,AM7228
0.06583646684885025,0.38441842794418335,1.0481654405593872,-0.43688008189201355,0.23012013733386993,-0.7390373945236206,-0.007104453165084124,0.47022029757499695,0.24899202585220337,-0.1188979223370552,1.2529656887054443,-0.2895633578300476,0.019806040450930595,-0.2840191125869751,0.2588447332382202,-0.15687187016010284,0.4777989387512207,0.1692638397216797,0.17134366929531097,-0.14620959758758545,-0.47256147861480713,-0.04004132002592087,-5.843515391461551e-4,-0.0010576925706118345,-2.984252932947129e-4,AM7229
0.38482776284217834,0.22819413244724274,0.9070346355438232,-0.6306634545326233,0.7997741103172302,-0.9974621534347534,-0.06750200688838959,-0.1556108444929123,0.5203983187675476,0.6191784143447876,-0.42359381914138794,-0.7028650045394897,0.6997984647750854,-0.5896326303482056,-0.3904585838317871,-0.47780129313468933,0.12943722307682037,-0.13841666281223297,0.3657258152961731,0.04470520094037056,-0.21804319322109222,0.0057306429371237755,8.579849236411974e-5,1.488054112996906e-4,3.943819319829345e-5,AM7230
-0.03633488714694977,-0.2656451463699341,0.8253026008605957,0.962225615978241,0.17482537031173706,-0.291422039270401,-0.7595767378807068,-0.2855309545993805,-0.7498568892478943,2.5420446395874023,-1.2659987211227417,-0.510469913482666,1.4189651012420654,-0.538604199886322,0.7002529501914978,-0.8848812580108643,0.5946257710456848,0.7169427871704102,-0.6437236666679382,-0.1063484400510788,-0.47646674513816833,-0.0950036272406578,-0.001424101646989584,-0.00249008578248322,-7.124717230908573e-4,AM7236
0.014277094975113869,0.12052082270383835,0.5946249961853027,-0.26802411675453186,-0.01100743655115366,-0.46755051612854004,0.9598370790481567,-0.5730305910110474,0.05923474207520485,0.9033359885215759,-0.4717935621738434,-0.25926268100738525,2.025726795196533,-0.4497377276420593,-0.3003396987915039,0.30452167987823486,0.2363997846841812,-1.1915539503097534,0.3273647725582123,0.025887437164783478,0.3545984625816345,-0.00408273795619607,-7.40822943043895e-5,-9.998881432693452e-5,-2.8185657356516458e-5,AM7237
0.2102460414171219,0.3712097108364105,-0.2782301604747772,-0.2632644474506378,1.0942384004592896,-1.0289859771728516,-1.3273277282714844,-0.7198737859725952,0.09046042710542679,0.49723029136657715,-0.5932918190956116,0.24919326603412628,-0.8400588631629944,0.005745427217334509,0.5122993588447571,0.07507415860891342,0.6998285055160522,0.017275692895054817,-0.10721347481012344,-0.12658138573169708,-0.19427913427352905,-0.013468306511640549,-1.8736414494924247e-4,-3.5958035732619464e-4,-9.738437802297994e-5,AM7241
0.32078543305397034,0.36888840794563293,-0.43068668246269226,-0.20845939218997955,0.9977192878723145,0.7450396418571472,-0.9156368970870972,-1.1531479358673096,0.26058775186538696,-0.8020728230476379,-0.7219966053962708,0.39796411991119385,-0.08675464242696762,-0.5691707730293274,0.4925915002822876,-0.16740356385707855,0.2875613272190094,-0.2474939376115799,-0.43302208185195923,-0.22258076071739197,-0.08673054724931717,-0.02420794405043125,-3.4234311897307634e-4,-6.425149622373283e-4,-1.729852956486866e-4,AM7242
0.06247086450457573,-0.6147666573524475,0.21253755688667297,-0.044570017606019974,0.13889718055725098,1.4418257474899292,-0.1284348964691162,-1.6289441585540771,-0.32631540298461914,-0.7545480728149414,0.464787095785141,-0.3572889566421509,-0.3561219274997711,-1.6135237216949463,-0.24099314212799072,-0.2795083820819855,1.1022698879241943,-0.45019423961639404,-0.36902597546577454,0.19349060952663422,-0.6317382454872131,-0.04373985528945923,-6.769374595023692e-4,-0.0011395609471946955,-3.403439186513424e-4,AM7243
0.2311619371175766,0.5486859679222107,0.3299826383590698,-0.5307261943817139,0.7524346709251404,0.6286927461624146,-0.5419723987579346,-0.28474706411361694,0.4445188343524933,0.5412300825119019,-0.6909879446029663,-0.48616474866867065,-0.4487144947052002,0.20555561780929565,-0.578858494758606,-1.3177282810211182,0.20659631490707397,0.2623567581176758,-0.31538039445877075,0.1686282753944397,-0.2043146938085556,0.032400380820035934,4.787011712323874e-4,8.507044985890388e-4,2.3471671738661826e-4,AM7255
0.32510533928871155,0.34924405813217163,-0.33667540550231934,0.11811491847038269,0.7865695357322693,0.8699206709861755,-0.45076268911361694,-1.6023390293121338,0.30741840600967407,-0.9726646542549133,-1.083327054977417,0.7953409552574158,-0.12126516550779343,-0.06523402035236359,0.562547504901886,-0.004360826686024666,0.2962557077407837,0.20537333190441132,-0.14207947254180908,0.04764235019683838,-0.15114565193653107,-0.060190677642822266,-9.18499834369868e-4,-0.001570381922647357,-4.5479246182367206e-4,AM7256
-0.2009708434343338,-0.6555487513542175,-0.3610704839229584,-0.4980230927467346,0.2183808535337448,-0.3078077733516693,-0.6191657781600952,-0.22564652562141418,0.37083330750465393,-1.8636157512664795,1.192373514175415,-0.5855355262756348,-0.2593435049057007,0.39195242524147034,-0.9712235331535339,-0.6299429535865784,-0.25555434823036194,-0.7220711708068848,-0.5632124543190002,-0.23569543659687042,1.357343316078186,-0.031963419169187546,-4.8623463953845203e-4,-8.269495447166264e-4,-2.1898782870266587e-4,AM7260
0.12287036329507828,-0.40356287360191345,0.07484599202871323,0.47575393319129944,1.5576152801513672,1.835112452507019,-0.46386194229125977,1.4012328386306763,2.410555839538574,-0.5132926106452942,-0.5417392253875732,0.15279674530029297,0.6147535443305969,2.8785746097564697,-1.5566751956939697,-0.3541037142276764,0.9755197763442993,0.4139696955680847,0.4497653841972351,-0.5665438175201416,0.18066002428531647,-0.12956766784191132,-0.001911908620968461,-0.0034053341951221228,-9.483995963819325e-4,AM7261
0.02009696327149868,-0.3317146897315979,0.5201222896575928,-0.33703187108039856,-0.43971681594848633,-0.2163091003894806,-0.5422523021697998,-0.35778096318244934,0.32725319266319275,-0.9622942805290222,-0.569567859172821,-0.5442052483558655,0.05611194670200348,2.064894199371338,-0.43803849816322327,0.28406238555908203,1.2415642738342285,0.32100266218185425,-0.11709243804216385,-0.3795420229434967,-0.4022599458694458,-0.11368554085493088,-0.0016804157057777047,-0.0029891575686633587,-8.409784059040248e-4,AM7266
-0.0567314438521862,-0.34532004594802856,0.4536575973033905,-0.18048082292079926,-0.8323530554771423,-0.2147645354270935,-0.8049181699752808,-0.2747207581996918,0.9554800391197205,-0.4285949766635895,-0.8446356654167175,0.0018071411177515984,0.37488433718681335,1.2531123161315918,-0.6565520167350769,-1.1592575311660767,-0.6287386417388916,-1.210127353668213,0.06554174423217773,-0.039088472723960876,1.1802856922149658,0.05981207266449928,8.910397882573307e-4,0.0015747430734336376,4.603774577844888e-4,AM7269
-0.03515395149588585,-0.6009664535522461,-0.038938380777835846,0.45632699131965637,0.3017479479312897,-0.23515313863754272,-0.8117085695266724,-0.702643871307373,-0.9707618951797485,0.42835086584091187,1.109818935394287,-0.8099972605705261,0.35438570380210876,0.03108886629343033,0.0893310159444809,-0.05883196368813515,1.201184630393982,0.5346176624298096,0.2845580279827118,-0.7714136242866516,0.8806743621826172,0.009563680738210678,2.164948236895725e-4,2.2447906667366624e-4,1.0931531141977757e-4,AM7270
0.17722010612487793,0.4080277681350708,0.667424201965332,-0.34349995851516724,1.4650566577911377,-0.6521286964416504,0.20902979373931885,-0.4695623219013214,-1.3691112995147705,0.3288520276546478,-0.22595906257629395,-0.7690988779067993,-1.1884310245513916,0.5304105877876282,-0.6422960162162781,-0.29109901189804077,-0.08933047950267792,0.6874570846557617,-0.4250656068325043,-0.5275859832763672,-0.2557812035083771,-0.006435390096157789,-3.25692308251746e-5,-1.9586313283070922e-4,-2.938441321020946e-5,AM7272
0.01848646067082882,0.535582959651947,0.6677145957946777,-0.289572149515152,0.6969155669212341,0.57350754737854,1.6540871858596802,-0.8829443454742432,-1.3657149076461792,-0.2608226537704468,0.5867537260055542,-0.6450604796409607,-0.6734516620635986,1.251267671585083,0.14307856559753418,-1.3217653036117554,0.5358883142471313,0.16729304194450378,0.14126230776309967,-0.6271352767944336,0.47147464752197266,0.14177493751049042,0.002220120746642351,0.003676324849948287,0.0010926027316600084,AM7273
0.05010416731238365,-0.19579462707042694,0.3867727518081665,1.0133986473083496,0.7049309611320496,0.48708289861679077,-0.2696799337863922,2.1769185066223145,1.5227775573730469,-1.678095817565918,-1.048905611038208,-1.3461287021636963,-0.6310954689979553,-1.1081297397613525,0.4845711290836334,-1.355749249458313,0.4326306879520416,-0.08631282299757004,-1.4613595008850098,-0.34880784153938293,1.7856602668762207,0.1523299664258957,0.002325597684830427,0.00398224638774991,0.001171805546618998,AM7277
-0.07635992020368576,-0.42985332012176514,0.9103113412857056,0.735846757888794,-0.4068937599658966,-0.3318232595920563,-0.8994272351264954,-0.4947841763496399,0.41891801357269287,0.4739270508289337,-0.07880006730556488,0.18250402808189392,-1.1149927377700806,0.10966206341981888,0.9819044470787048,0.8375086188316345,-1.19391667842865,-0.17777135968208313,-0.5421143174171448,1.05609929561615,0.27712634205818176,-0.05803121253848076,-0.001006781472824514,-0.0014617537381127477,-4.7547509893774986e-4,AM7278
-0.24749478697776794,-0.37438732385635376,0.2101956307888031,1.4244592189788818,0.5713578462600708,0.1816130131483078,0.8196970224380493,1.1748493909835815,1.3961080312728882,0.6868979334831238,1.1772689819335938,1.7688217163085938,-1.1583354473114014,0.6715522408485413,-0.9387915730476379,-0.011657409369945526,0.02828514575958252,0.08975334465503693,-0.03493667393922806,0.23227238655090332,-0.4640061855316162,-0.26847532391548157,-0.00410453462973237,-0.007000776007771492,-0.0020275269635021687,AM7280
-0.33143195509910583,-0.25867360830307007,-0.14510907232761383,1.1164480447769165,1.2063164710998535,-0.6212472915649414,0.8796594142913818,2.918381929397583,-1.6730458736419678,-1.9869107007980347,-1.3641419410705566,-1.234742283821106,0.9371696710586548,0.35512083768844604,2.4716577529907227,-0.3043319284915924,1.4918233156204224,-1.0906662940979004,-0.43767115473747253,2.093569755554199,-0.839227020740509,-0.01684536039829254,-4.779640003107488e-4,-3.5203539300709963e-4,-2.1600899344775826e-4,AM7283
-0.2673480808734894,0.5218344926834106,0.94911789894104,-0.4291355609893799,0.03168519586324692,-0.2762953042984009,0.4250430166721344,1.1181843280792236,-1.2506109476089478,-0.6919730305671692,1.2262061834335327,0.6570722460746765,0.2376154065132141,-0.09295232594013214,1.1231472492218018,-0.5585557818412781,0.14042989909648895,0.5267234444618225,-0.3734492361545563,-0.0837395116686821,-0.7471559047698975,-0.06212151050567627,-9.214514284394681e-4,-0.001634435961022973,-4.688154731411487e-4,AM7284
0.06305406987667084,0.6942295432090759,0.5546537637710571,0.7428320050239563,-0.6475527882575989,0.7502578496932983,-0.7300189137458801,0.14576517045497894,-1.1075772047042847,-1.5276869535446167,1.1884150505065918,1.7895426750183105,0.2423541396856308,-0.22410166263580322,-0.10510826110839844,-0.02105906791985035,0.5976687073707581,-0.669399619102478,-1.6244410276412964,-0.702862560749054,0.5359228849411011,0.025977876037359238,4.636497760657221e-4,6.538109737448394e-4,2.286325179738924e-4,AM7285
-0.020184019580483437,-0.48339831829071045,-0.16043393313884735,0.9873048663139343,1.8855036497116089,-0.557023286819458,0.243777796626091,0.7389653921127319,0.195378378033638,0.3020077347755432,0.7182445526123047,0.5031859874725342,0.8278002142906189,0.6839673519134521,-1.5789358615875244,0.975641131401062,-0.5355462431907654,-0.13675004243850708,0.9932297468185425,-0.30986589193344116,-0.18481463193893433,0.03163677453994751,5.192156531848013e-4,8.083549910224974e-4,2.4798972299322486e-4,AM7294
-0.04661696404218674,0.05942734330892563,0.6574429869651794,1.3475978374481201,0.1403174251317978,0.37375032901763916,1.4965367317199707,1.456815481185913,-0.039719611406326294,-1.2928866147994995,-3.0439116954803467,-2.350090980529785,-2.167696714401245,-2.1878302097320557,-0.37231361865997314,2.0231435298919678,-0.11347514390945435,-0.11251195520162582,1.3645504713058472,-1.2418103218078613,0.42609378695487976,-0.06391890347003937,-8.425189298577607e-4,-0.0017207141499966383,-4.269193741492927e-4,AM7295
-0.4127088785171509,-0.6049348711967468,0.18174611032009125,0.3761722147464752,-0.5801716446876526,0.13065947592258453,-0.23199452459812164,-0.459790974855423,-0.9058873653411865,-1.3564398288726807,2.701190948486328,0.350456565618515,-1.0660582780838013,-1.7151871919631958,-0.13932156562805176,0.09220513701438904,0.24371109902858734,-0.6977424025535583,0.2525038719177246,0.12949275970458984,-0.01629810594022274,0.002464660443365574,2.1798383386339992e-5,7.058361370582134e-5,1.3555117220676038e-5,AM7302
-0.26094916462898254,0.03218672052025795,0.7649452686309814,-0.32708740234375,-0.8103460669517517,-0.7187926173210144,0.3066285252571106,0.8489140272140503,0.8897569179534912,-0.4675976634025574,0.17935773730278015,1.1723613739013672,0.40764036774635315,-1.2034703493118286,-0.7521131634712219,0.03211488202214241,-0.22475597262382507,1.8828966617584229,0.1859680861234665,0.14369527995586395,0.5911052823066711,-0.12837505340576172,-0.001977718435227871,-0.0033376573119312525,-9.65820683632046e-4,AM7303
-0.18140818178653717,0.32911723852157593,0.8982025980949402,-0.5713120102882385,-0.21094195544719696,0.15308384597301483,0.023138804361224174,1.2735384702682495,0.6535071730613708,-0.9598024487495422,1.3556488752365112,0.8641807436943054,0.2541223466396332,-1.2330790758132935,0.9185951352119446,-1.1324462890625,-1.4427344799041748,0.7137869596481323,0.8934575319290161,-0.3483387529850006,-0.1571822464466095,-0.036749351769685745,-5.161282024346292e-4,-9.783225832507014e-4,-2.640420279931277e-4,AM7304
0.09751629829406738,-0.3189716637134552,0.2158246785402298,-1.0186657905578613,1.241470217704773,-0.03373310714960098,-0.21292313933372498,-0.8822686076164246,-0.5225198268890381,-0.9148337244987488,-1.5565963983535767,-0.07609767466783524,1.577022671699524,-0.9700168371200562,-0.9903172254562378,-0.2552918493747711,-1.225878119468689,0.11492399871349335,-0.9499069452285767,-0.38295280933380127,-0.4092581868171692,-0.03583139181137085,-4.940744256600738e-4,-9.57473530434072e-4,-2.5647247093729675e-4,AM7312
-0.2875184714794159,-0.3239525854587555,-0.1796644628047943,1.3237746953964233,1.4424221515655518,-1.6116764545440674,0.8533709645271301,1.5929051637649536,-0.5842666029930115,0.3030715584754944,-0.45222288370132446,1.3018028736114502,0.08451773971319199,-0.4021921157836914,-0.6390941739082336,0.058409180492162704,-1.3726401329040527,-0.13121798634529114,-0.10169190168380737,-0.2218632698059082,0.1695040464401245,0.11446380615234375,0.0017645003972575068,0.0029787137173116207,8.691225666552782e-4,AM7313
-0.2288416475057602,-0.30180516839027405,0.07378587126731873,1.2736858129501343,0.7473559379577637,1.7053653001785278,1.5150728225708008,-0.4031624495983124,1.0222194194793701,1.2795794010162354,0.4738418757915497,1.9860131740570068,-0.12189758569002151,0.047704849392175674,-1.3681867122650146,-0.15042106807231903,1.5645160675048828,-0.15750959515571594,-0.45706406235694885,0.8838269710540771,-0.42450493574142456,0.046790871769189835,6.20501465164125e-4,0.0012570893159136176,3.127200179733336e-4,AM7318
0.012985903769731522,0.6219506859779358,-0.412424236536026,0.7816821336746216,-0.2251826673746109,0.7503000497817993,0.9463566541671753,-1.8097516298294067,-0.6796202063560486,-0.44150397181510925,-1.173945426940918,0.6612070798873901,0.6705446839332581,-0.09392964094877243,0.1271989494562149,-0.012568514794111252,-0.06961599737405777,0.3606400191783905,0.582152783870697,0.4308454692363739,0.4984607994556427,0.03643300384283066,4.976476193405688e-4,9.76125942543149e-4,2.594536344986409e-4,AM7319
-0.10712957382202148,-0.5861374139785767,-0.42367643117904663,0.4908311367034912,2.4845123291015625,0.6032307147979736,0.24998368322849274,0.041176505386829376,-0.17269474267959595,0.40056896209716797,-0.007924891076982021,1.013560175895691,1.3103768825531006,0.19261541962623596,-0.06494657695293427,0.273393452167511,-1.5211340188980103,0.26935455203056335,0.42781397700309753,-0.331543505191803,-0.827051043510437,0.25822991132736206,0.003984290640801191,0.006711932830512524,0.0019439212046563625,AM7320
-0.410160630941391,-0.5823764204978943,-0.4765085279941559,0.7875908613204956,0.730901837348938,0.690520167350769,0.5363401174545288,-1.2262582778930664,-0.9706644415855408,0.7062777280807495,1.4359632730484009,0.09012320637702942,-1.5233041048049927,0.10816264152526855,1.2252658605575562,0.15351536870002747,-0.6609539985656738,0.8596168756484985,0.3025878667831421,-0.80294269323349,0.08067983388900757,-0.048907600343227386,-6.543087656609714e-4,-0.0013132996391505003,-3.3487696782685816e-4,AM7321
-0.1738881915807724,0.5760590434074402,0.08983325213193893,-0.5957770943641663,0.13813364505767822,1.515830159187317,-0.2787621319293976,1.0573489665985107,-0.041970912367105484,0.38779354095458984,0.7250949144363403,-0.9617807269096375,0.41414913535118103,0.5469619035720825,-0.05282915011048317,0.3445858657360077,-1.2309560775756836,-0.6205634474754333,-0.3864874541759491,0.04654650017619133,-0.23436370491981506,0.11426146328449249,0.0017378664342686534,0.0029813831206411123,8.541310671716928e-4,AM7323
-0.15265311300754547,0.19629432260990143,0.48613372445106506,-0.24623741209506989,-0.7652909755706787,0.6535500288009644,1.1446049213409424,-0.08878333121538162,-0.05578728765249252,0.9616304039955139,-0.9771426320075989,-0.0010570671875029802,1.9204705953598022,-0.28746744990348816,-0.5487176775932312,-0.09423059970140457,-0.11215834319591522,-1.3287521600723267,-0.027250662446022034,-0.6409550905227661,-0.27770838141441345,-0.016145287081599236,-1.7134637164417654e-4,-4.5313689042814076e-4,-9.664419485488907e-5,AM7325
-0.31773078441619873,0.22000162303447723,0.06560218334197998,-0.8169113397598267,0.9674046635627747,-0.6947394013404846,1.3664882183074951,-0.35038334131240845,-0.8485164642333984,0.1129656434059143,0.4513380825519562,0.40958598256111145,0.5144481658935547,0.1843203455209732,0.31490880250930786,1.1013116836547852,0.8312360644340515,0.9366537928581238,0.27049562335014343,0.009665079414844513,0.680622398853302,0.10568352043628693,0.0015967638464644551,0.0027657353784888983,7.9727714182809e-4,AM7327
-0.29702872037887573,0.6539802551269531,-0.15258672833442688,-0.23552055656909943,-0.5524935126304626,0.18160131573677063,-0.5384545922279358,1.2162421941757202,-0.8179345726966858,1.480417013168335,0.08347693830728531,-1.0812568664550781,0.23829211294651031,0.3935752213001251,-1.3719348907470703,0.6549504995346069,0.09206065535545349,0.4599785804748535,0.1995026171207428,0.7168720960617065,0.1980089545249939,0.04351852461695671,5.792717565782368e-4,0.0011705845827236772,2.988928754348308e-4,AM7328
-0.14444172382354736,0.6043539643287659,-0.3843035101890564,0.28729918599128723,-0.9340725541114807,0.31837645173072815,-1.7234859466552734,1.1311156749725342,-0.5115972757339478,-0.07578887790441513,-0.13637420535087585,0.4700036346912384,1.21409273147583,0.11311712116003036,0.02298729494214058,1.1803089380264282,0.5019848346710205,0.5294792056083679,0.37144482135772705,-0.2096305936574936,-0.06754317134618759,0.033555768430233,5.363242235034704e-4,8.644050103612244e-4,2.592080272734165e-4,AM7329
-0.36816921830177307,-0.30677998065948486,0.47794345021247864,0.4948759377002716,-0.6075735688209534,0.7734649777412415,0.12892238795757294,-0.9545010924339294,-2.119760274887085,0.5440966486930847,0.5319059491157532,-1.1502909660339355,0.7771062850952148,1.2560479640960693,0.4216456115245819,1.3070943355560303,-0.958153247833252,0.10829803347587585,0.4739803969860077,0.07796642929315567,1.1891553401947021,-0.21320396661758423,-0.003276151604950428,-0.005545422434806824,-0.0015939668519422412,AM7332
-0.3085082173347473,0.6085481643676758,-0.5682962536811829,-0.14991110563278198,0.26223182678222656,0.33821430802345276,0.4703167974948883,-0.18021169304847717,-1.0080890655517578,0.8159811496734619,0.4469481408596039,-0.7813469171524048,-0.6146069765090942,-0.45167404413223267,-1.6825493574142456,0.47017157077789307,-0.45869678258895874,-0.17980630695819855,-0.361026793718338,0.8241859078407288,0.39966386556625366,0.052931345999240875,7.059754570946097e-4,0.0014245377387851477,3.6742319935001433e-4,AM7333
-0.018943320959806442,0.7253096103668213,-0.28729167580604553,0.5807207226753235,-0.7290764451026917,0.7856766581535339,-0.5910241007804871,-0.2966342270374298,-1.3063650131225586,-0.5164852142333984,-0.3682824671268463,0.4387647807598114,1.3520859479904175,0.21963253617286682,-0.7322843074798584,1.014485239982605,0.64836883544921875,0.5671371817588806,-0.21984145045280457,0.12263768911361694,0.9285460114479065,0.03416162729263306,4.902470391243696e-4,9.083713521249592e-4,2.584718749858439e-4,AM7334
-0.37662920355796814,-0.3056839108467102,-0.440786749124527,-0.7863810062408447,0.330345094203949,-1.0231807231903076,0.2449825406074524,-0.13017356395721436,0.42700329422950745,-0.6325821280479431,-0.12368407100439072,0.11320557445287704,0.20653396844863892,-0.07862899452447891,0.44141456484794617,1.278944969177246,0.047507185488939285,-0.20877330005168915,-0.4585241377353668,-0.18550081551074982,0.767493724822998,-0.07481424510478973,-0.0011325216619297862,-0.0019507382530719042,-5.475389189086854e-4,AM7336
-0.3574472963809967,-0.08362926542758942,-0.5996963977813721,-1.000628113746643,0.4179714322090149,-0.8879485726356506,0.9822273850440979,-0.2688484787940979,0.7144443392753601,0.20271693170070648,0.47282928228378296,0.07687647640705109,0.19770397245883942,-0.23933221399784088,0.8892430067062378,0.8072705268859863,0.25596386194229126,-0.07526145875453949,-0.47587138414382935,-0.0987139567732811,0.6430846452713013,0.04918584227561951,7.480069762095809e-4,0.0012873233063146472,3.7837453419342637e-4,AM7337
-0.18172505497932434,0.6438792943954468,0.05417729541659355,-0.09499286115169525,0.13330420851707458,-0.5756452679634094,-0.17983517050743103,0.3323219418525696,-1.1702287197113037,1.4565140008926392,-0.017306385561823845,-0.044949501752853394,-0.978699266910553,-0.5338222980499268,-0.4222298562526703,0.6978921294212341,-0.0799376368522644,-1.2487475872039795,-1.2627147436141968,-0.3629254996776581,-0.4666542708873749,-0.06474191695451736,-9.381942800246179e-4,-0.001710131880827248,-4.734473186545074e-4,AM7343
-0.38780802488327026,0.028509991243481636,-0.3603583872318268,-0.8947598934173584,0.06189187243580818,-0.5516852736473083,1.030247449874878,0.6480811238288879,0.3736400902271271,0.1106114462018013,0.388021320104599,0.4603196680545807,1.1060876846313477,-0.8441850543022156,-0.3009275496006012,0.8628937602043152,0.6050224900245667,-0.34415844082832336,-0.3321037292480469,0.09926503896713257,0.03329493850469589,-0.0974389910697937,-0.00149583222810179,-0.0025370160583406687,-7.344142068177462e-4,AM7344
-0.021223030984401703,-0.5814764499664307,0.3727276921272278,-0.3436892628669739,-0.9147988557815552,1.6410729885101318,-2.074732780456543,0.2818576991558075,-0.4358755648136139,-0.24395185708999634,0.6924838423728943,-1.4370663166046143,1.2535380125045776,0.21732573211193085,-0.04312983527779579,1.7518876791000366,0.673870325088501,-0.7812700867652893,-0.23302988708019257,-0.15159595012664795,-0.4945143163204193,0.10030777007341385,0.0015515594277530909,0.002605138113722205,7.556038326583803e-4,AM7345
-0.17623630166053772,-0.3101442754268646,0.18748226761817932,0.6433755159378052,-0.153038889169693,2.0759401321411133,-0.965725839138031,0.5749425888061523,0.4881502091884613,1.6117362976074219,0.8445490598678589,-0.3199195861816406,1.4015065431594849,-0.7182266712188721,1.010581612586975,0.16353517770767212,-0.45195573568344116,0.3808272182941437,-1.3825801610946655,-0.4049372375011444,0.3451405465602875,-0.011393462307751179,-1.329815568169579e-4,-3.112389531452209e-4,-6.620413478231058e-5,AM7346
-0.07492567598819733,0.5872154831886292,-0.4350670874118805,-0.5074604153633118,0.6051080226898193,1.4599180221557617,-0.34099557995796204,-0.35785549879074097,0.23594482243061066,0.19490380585193634,-0.45936858654022217,-0.8069131374359131,-1.059424877166748,0.06629779189825058,-0.0015559120802208781,0.533805787563324,-0.3080016076564789,0.020255055278539658,-0.050993662327528,0.4006862938404083,-0.503593385219574,-0.006556432228535414,-1.3533058518078178e-4,-1.5895426622591913e-4,-6.927694630576298e-5,AM7353
-0.3861616849899292,0.1920371800661087,-0.747994601726532,-0.9336981773376465,0.5554265975952148,-0.060496971011161804,0.2993455231189728,0.46986570954322815,0.669680655002594,0.542296826839447,0.2737058997154236,-0.6005890965461731,-0.30893489718437195,0.8603127002716064,1.1208479404449463,0.2232360541820526,0.1756589561700821,-0.044076573103666306,-0.36383703351020813,0.16283217072486877,-0.4730489253997803,-0.021521156653761864,-3.3717986661940813e-4,-5.597032723017037e-4,-1.7152956570498645e-4,AM7354
0.18758940696716309,0.6024855971336365,0.336321622133255,0.47402632236480713,-0.6663802862167358,-0.8202757835388184,-1.8728103637695312,0.16628053784370422,1.3031433820724487,-0.08351564407348633,-0.4992184638977051,1.0582220554351807,-0.9605129361152649,0.3353348672389984,0.6956924200057983,0.3403748571872711,-0.11336550116539001,0.6034745573997498,0.2926231026649475,-0.3527185022830963,0.27385634183883667,0.055033933371305466,8.734061848372221e-4,0.0014224560000002384,4.28712519351393e-4,AM7356
0.051646340638399124,-0.2446807622909546,1.3211548328399658,0.13273534178733826,-1.2359448671340942,-1.1556787490844727,-0.9903953075408936,0.3052015006542206,1.8619576692581177,-0.6957839727401733,0.34526869654655457,0.6369807720184326,-0.9390300512313843,0.864795446395874,0.7735594511032104,1.9511901140213013,-0.5629594922065735,0.43605685234069824,0.14741550385951996,0.062447499483823776,-1.1539554595947266,0.2026512324810028,0.0031002569012343884,0.005275788251310587,0.0015086042694747448,AM7359
-0.34616243839263916,-0.14081579446792603,0.38990601897239685,-0.20954735577106476,-0.6173482537269592,0.12250686436891556,1.5632895231246948,-1.4142639636993408,-0.469809353351593,-0.9113922715187073,-0.7519590258598328,0.37272366881370544,-0.18618938326835632,1.468471884727478,0.5460729002952576,0.4755208194255829,-0.38982298970222473,-1.121956706047058,0.38481250405311584,-0.22140230238437653,-0.049437932670116425,0.052038874477148056,8.15714942291379e-4,0.0013477981556206942,3.995516453869641e-4,AM7361
-0.5643515586853027,-0.4522225260734558,-0.3990463614463806,-0.4362930357456207,-0.20414726436138153,0.034069035202264786,0.41756728291511536,-0.7909203171730042,0.0630268082022667,-0.34808704257011414,-1.090685486793518,0.28874287009239197,-0.7521258592605591,1.8347094058990479,1.5984611511230469,-0.15479540824890137,-0.9694965481758118,-0.36843040585517883,-1.4664111137390137,-0.6284125447273254,-0.32415297627449036,-0.03825214132666588,-5.057602538727224e-4,-0.0010301239090040326,-2.6350878761149943e-4,AM7362
-0.1701602339744568,0.4659773111343384,-0.4518836736679077,-0.5412946343421936,0.2310783565044403,0.34768974781036377,-1.1635534763336182,1.2439415454864502,1.1208641529083252,0.4959551692008972,0.6537454128265381,-1.0974730253219604,-0.5565731525421143,0.2673470675945282,0.25061047077178955,0.16633100807666779,-0.907816469669342,-0.0734369307756424,0.1444341540336609,0.5895476341247559,0.2429366111755371,-0.05457775294780731,-9.014176321215928e-4,-0.001394047518260777,-4.314231628086418e-4,AM7365
-0.10738937556743622,-0.1605956256389618,0.03107433021068573,-0.9006814956665039,0.011682807467877865,0.2030249834060669,0.5259054899215698,-0.672508716583252,1.0015742778778076,-0.31167253851890564,-1.5721067190170288,0.24735666811466217,1.1116752624511719,-0.5096314549446106,0.23682105541229248,0.29066750407218933,-0.8658363819122314,-0.15936875343322754,-0.1312258094549179,-0.3885338604450226,-0.4948437809944153,-0.12502510845661163,-0.0018507210770621896,-0.003286447376012802,-9.263285901397467e-4,AM7372
-0.00331820803694427,0.41224735975265503,-0.1350848376750946,1.0898323059082031,-1.3346518278121948,-0.07132197916507721,1.5539711713790894,-0.8325338959693909,0.3556854724884033,-0.7223554849624634,0.4974116384983063,-0.5185424089431763,0.27635109424591064,-0.08616121858358383,-0.1665603369474411,-0.9993970990180969,-0.3281312882900238,0.28483572602272034,0.1511366069316864,-0.019659604877233505,-0.48649686574935913,-0.045313574373722076,-6.781144766137004e-4,-0.0011897676158696413,-3.433423989918083e-4,AM7373
0.12886889278888702,0.5762320160865784,0.08361251652240753,0.8458004593849182,-0.29631713032722473,-0.06084272265434265,0.1949365884065628,-1.3942416906356812,-0.21598057448863983,-0.3585725724697113,0.026241932064294815,1.1554762125015259,-0.7645384073257446,0.1013156995177269,0.1650630235671997,0.3981168270111084,0.7874277234077454,-0.20409995317459106,-0.5243352055549622,-0.3268263339996338,0.09980346262454987,0.07227980345487595,0.0011347986292093992,0.0018728323047980666,5.567361367866397e-4,AM7380
-0.06320007890462875,0.4065670073032379,-0.41023802757263184,0.4357902407646179,0.3412571847438812,-1.270162582397461,-0.1712215542793274,-0.6950481534004211,-0.48179808259010315,-0.3366178870201111,0.6338405609130859,1.0243221521377563,-1.1028023958206177,0.33283665776252747,0.5283435583114624,0.32325413823127747,0.5359523892402649,-0.061551470309495926,0.12414608895778656,-0.30275389552116394,-0.06457440555095673,0.06203404814004898,9.792133932933211e-4,0.0016039871843531728,4.771816893480718e-4,AM7382
-0.2482047975063324,0.2009524255990982,0.21512480080127716,-0.29884642362594604,-0.9073115587234497,0.2864855229854584,1.5190374851226807,-0.009555616416037083,1.4423795938491821,0.2587895393371582,0.16711795330047607,0.34530681371688843,0.062386367470026016,0.052167247980833054,0.4190886616706848,-0.19441409409046173,0.8050827383995056,-0.5923396944999695,1.222901701927185,0.2889692783355713,0.18012945353984833,0.07644369453191757,0.0011261807521805167,0.002010241150856018,5.633483524434268e-4,AM7383
-0.06895606219768524,0.24146756529808044,-1.0657490491867065,0.45302435755729675,-0.7479727268218994,-0.413631796836853,-0.3532986044883728,0.06718062609434128,0.7899234890937805,-0.3793475925922394,0.5764987468719482,-0.4445526897907257,0.42981916666030884,-0.03728330507874489,0.3526811897754669,0.02655632421374321,-0.09988684952259064,0.3484155237674713,0.11927100270986557,0.1427515745162964,-0.04841766133904457,-0.009963197633624077,-1.661396527197212e-4,-2.543944865465164e-4,-8.118018013192341e-5,AM7384
-0.008955833502113819,0.3208373486995697,-0.6977237462997437,0.7145147919654846,-1.2662737369537354,0.2724430561065674,0.8112218379974365,-0.6662085056304932,1.1088064908981323,-0.5171828866004944,0.7808007001876831,-0.6393312215805054,0.013878906145691872,-0.4770740270614624,-0.05461364984512329,-0.4446503221988678,-0.11683522164821625,-0.09466499835252762,-0.012061327695846558,0.11425436288118362,-0.5664164423942566,-0.10641659796237946,-0.001622596406377852,-0.002778575988486409,-8.074807119555771e-4,AM7385
-0.16207486391067505,-0.01486205868422985,-0.03164558485150337,-0.6997371912002563,0.1644696146249771,1.3386691808700562,1.2647167444229126,-1.3514256477355957,1.5830014944076538,-0.7138897180557251,-0.41063445806503296,-0.5334646701812744,-0.6435503959655762,0.2964591681957245,0.5988810062408447,1.475284457206726,0.37413352727890015,1.0338817834854126,0.14513538777828217,0.7060329914093018,0.27484941482543945,0.07111386954784393,0.0010002445196732879,0.0018906373297795653,5.066489684395492e-4,AM7386
0.01904270052909851,0.5667616128921509,-0.41584980487823486,0.5569446086883545,-0.7046201825141907,-0.25247400999069214,-0.49285855889320374,-0.5894711017608643,0.8035528659820557,0.860235333442688,-0.9508351683616638,0.9579911828041077,-0.25970399379730225,-1.2690011262893677,-0.8863141536712646,-0.24033166468143463,0.36375150084495544,-0.6530691981315613,-0.006893670652061701,0.1419195979833603,0.36493980884552,-1.896606554510072e-4,-2.6853193048737012e-5,6.819595000706613e-6,-3.770196826735628e-6,AM7387
-0.024222949519753456,0.1512528955936432,-0.8571802973747253,0.615423858165741,-1.1640225648880005,-0.8227261304855347,0.07446183264255524,0.4733392894268036,0.6508470773696899,-0.732097864151001,0.9513145089149475,-1.4484493732452393,1.213834524154663,0.4485977292060852,-0.30495181679725647,-0.5883625745773315,-0.12578651309013367,0.8118547201156616,-0.027775660157203674,-0.4424114525318146,-0.338923841714859,0.05099475756287575,8.337838225997984e-4,0.0013052993454039097,3.9720305358059704e-4,AM7388
-0.09338358044624329,0.7218272686004639,0.4411686956882477,0.22060707211494446,-0.4775911867618561,-0.08844880014657974,-0.6060193777084351,0.9028252363204956,-0.11244174838066101,0.8102012276649475,0.280321329832077,0.7195520401000977,-0.9120410084724426,-0.16708843410015106,-0.5108173489570618,-0.4158826768398285,-0.7171359062194824,-1.3395353555679321,-0.6899321675300598,-0.06084448844194412,0.16692771017551422,-0.013574047945439816,-2.0499817037489265e-4,-3.5336846485733986e-4,-9.693897300167009e-5,AM7409
-0.3176591992378235,-0.32376614212989807,0.08427087962627411,-0.025690486654639244,-0.6282084584236145,-1.682360291481018,0.11218518018722534,-0.3377772569656372,-0.7487603425979614,-0.06478728353977203,-0.2752951979637146,0.5477905869483948,-0.017606791108846664,0.7842716574668884,-0.7304455637931824,0.005891674663871527,-0.30796629190444946,-0.8258344531059265,-0.6895994544029236,-0.2951410412788391,0.09978774935007095,-0.015204186551272869,-2.0144699374213815e-4,-4.0797717520035803e-4,-1.0059178021037951e-4,AM7416
-0.07020409405231476,0.23654650151729584,-0.529332160949707,1.1833839416503906,-1.1910659074783325,-2.2694058418273926,0.8422495722770691,-0.5076273679733276,0.7155247926712036,1.0377267599105835,-0.4821722209453583,-1.2342312335968018,0.43509775400161743,0.512563943862915,-0.12121545523405075,-0.6128585338592529,0.35890674591064453,0.5474644899368286,-0.3511371612548828,-0.2949989140033722,-0.40230947732925415,0.057003892958164215,9.094108827412128e-4,0.0014685973292216659,4.3624817044474185e-4,AM7419
-0.031005267053842545,0.284977525472641,-0.5633401870727539,0.7524148225784302,-1.067204475402832,0.28965669870376587,0.9269437193870544,-0.3358655869960785,0.3238385021686554,-1.1189711093902588,0.5475069880485535,-1.5573638677597046,0.7467786073684692,0.5762667059898376,0.00829931627959013,-0.7395381331443787,-0.7054551839828491,0.805509090423584,-0.2102472186088562,-0.3703567683696747,-0.8348510265350342,0.035277482122182846,5.957721150480211e-4,8.923231507651508e-4,2.724996884353459e-4,AM7420
-0.023959284648299217,0.45422258973121643,-0.938199520111084,0.18089115619659424,-0.2863287329673767,-0.3929246962070465,-1.3401941061019897,-0.0321110300719738,0.40329355001449585,0.1297168731689453,-1.0820311307907104,0.788791298866272,0.5060436129570007,-0.22022618353366852,0.1634744256734848,-0.3924030363559723,0.013085560873150826,0.006115516647696495,0.24001333117485046,-0.35188528895378113,0.09176049381494522,0.03278934583067894,5.368606653064489e-4,8.403904503211379e-4,2.607890055514872e-4,AM7426
-0.09568636864423752,0.6975283622741699,-0.20761868357658386,0.036311887204647064,-0.5687999725341797,0.6338673830032349,-0.4072303771972656,0.01942809671163559,0.28496167063713074,1.2271238565444946,-1.2179276943206787,0.20194773375988007,-0.38113513588905334,0.3792203664779663,0.7508580684661865,-0.8960205316543579,-0.6929659247398376,-0.9548237323760986,0.8216187953948975,0.08819549530744553,-0.05360900238156319,0.010988683439791203,1.5638620243407786e-4,2.90459516691044e-4,7.870727858971804e-5,AM7427
-0.33329644799232483,-0.3995671570301056,0.21747548878192902,-0.17769639194011688,-0.8849480748176575,-0.0977194532752037,0.5919530987739563,-0.6797326803207397,-0.491779625415802,-0.5839715003967285,-0.8215159773826599,0.9420308470726013,-0.35007891058921814,-0.36043912172317505,-1.0803413391113281,-0.7065714001655579,-0.8017094135284424,0.31196919083595276,-0.16275641322135925,0.9858925342559814,-0.5568716526031494,-0.013842165470123291,-3.101447655353695e-4,-3.22939595207572e-4,-1.4809660206083208e-4,AM7492
-0.05341813340783119,-0.5410830974578857,-0.16417326033115387,-0.3523593842983246,-1.1060744524002075,1.2343107461929321,0.2474549263715744,0.43579816818237305,-1.5004189014434814,-0.72403484582901,-1.2350565195083618,0.2717623710632324,-0.6054624319076538,-0.6711685657501221,-1.2110730409622192,-0.632618248462677,-1.4000715017318726,1.2149378061294556,0.5304192900657654,0.7153512239456177,-0.3553796112537384,0.10032272338867188,0.0014561148127540946,0.002644803375005722,7.199985557235777e-4,AM7493
-0.047579217702150345,-0.7686735987663269,-0.26250043511390686,-0.583649218082428,-0.7524664998054504,0.08152475208044052,-0.5917795300483704,0.8086333274841309,-1.8100767135620117,-0.3599686324596405,-0.05964867025613785,0.4605816900730133,-0.9171156287193298,0.5864594578742981,-0.8538005948066711,-1.8533107042312622,0.06641259789466858,0.4952666163444519,0.48884958028793335,0.368850439786911,0.17576268315315247,0.11870555579662323,0.0017632979433983564,0.0031160693615674973,8.767097606323659e-4,AM7495
-0.0638294443488121,-0.9219244122505188,-0.8101136088371277,-0.6278086304664612,-0.34018921852111816,0.5985460877418518,-0.2718551456928253,0.7125497460365295,-1.2962243556976318,0.8633531332015991,-0.43747594952583313,0.2605157792568207,-1.1416313648223877,-1.0306134223937988,0.30699270963668823,-0.812684178352356,0.7897083759307861,-0.2346106767654419,0.11508558690547943,-1.2682011127471924,-0.5294615030288696,-0.01624969206750393,-9.614029113436118e-5,-4.889105330221355e-4,-7.492039731005207e-5,AM7589
-0.07262872159481049,-0.1931217908859253,-0.20131182670593262,-1.1881448030471802,-0.5874462723731995,0.32410407066345215,1.001727819442749,1.4822889566421509,0.001775541459210217,1.2370953559875488,-1.0101850032806396,0.8942396640777588,-0.04190029576420784,-0.01082549337297678,0.3534312844276428,-0.35762929916381836,0.759922981262207,0.9505836367607117,-0.4285130798816681,-0.1088525727391243,0.6612388491630554,0.030784273520112038,4.705124592874199e-4,8.060325053520501e-4,2.4016803945414722e-4,AM7591
-0.0517614483833313,-0.75984126329422,-0.41035857796669006,0.0024750905577093363,-1.0840060710906982,-0.15564624965190887,-0.9704239368438721,0.994485080242157,-0.6196353435516357,1.5609813928604126,-0.41074198484420776,-0.3644168972969055,-0.3099217414855957,0.10114796459674835,0.21731123328208923,-0.06497766822576523,0.8609090447425842,0.6396042704582214,1.1098805665969849,-0.44531014561653137,-0.21977347135543823,0.05579688772559166,9.039844735525548e-4,0.0014315280131995678,4.340079613029957e-4,AM7628
-0.034283336251974106,-0.6273552775382996,-0.1473013162612915,-0.8786700367927551,-0.9936156868934631,0.06191794574260712,-0.33033791184425354,0.7221603989601135,-0.7062215805053711,0.3182726800441742,-1.3871601819992065,0.8614931106567383,-0.6616461873054504,0.0826476439833641,-0.5055184960365295,-0.4094453454017639,-0.20214645564556122,0.40498578548431396,-0.3411361873149872,-0.051336973905563354,-0.10002671182155609,-0.08650133013725281,-0.0013083061203360558,-0.002260974608361721,-6.479409639723599e-4,AM7629
0.021634146571159363,-0.7819240689277649,-0.2791792154312134,-0.3103138208389282,-0.9380844831466675,1.1317830085754395,-0.5908243060112,0.15610334277153015,1.0279226303100586,0.8671216368675232,-0.1623178869485855,0.35087835788726807,-1.4490351676940918,-0.4746095538139343,-0.07369418442249298,0.3866654932498932,0.8929756879806519,-0.9074608087539673,-0.08475261181592941,0.1838454306125641,-0.8291205167770386,0.09750451147556305,0.0014770961133763194,0.0025433485861867666,7.18497671186924e-4,AM7633
-0.027750851586461067,-0.15889689326286316,-0.4093998968601227,-1.2630722522735596,-0.07759472727775574,-0.19088532030582428,1.38606858253479,0.6339427828788757,0.891096830368042,1.0537911653518677,0.006536961533129215,0.8672767877578735,-0.6371106505393982,-0.4056370258331299,0.600447952747345,0.6517813205718994,0.6719956398010254,0.5011640787124634,-0.0980433002114296,-0.14910465478897095,0.45291149616241455,0.07083255797624588,0.001087556011043489,0.0018467579502612352,5.408116267062724e-4,AM7634
