PEER1,PEER2,PEER3,PEER4,PEER5,PEER6,PEER7,PEER8,PEER9,PEER10,PEER11,PEER12,PEER13,PEER14,PEER15,PEER16,PEER17,PEER18,PEER19,PEER20,PEER21,PEER22,PEER23,PEER24,PEER25,PEER26,PEER27,PEER28,PEER29,Donor
-0.008978580124676228,0.08459688723087311,-0.20378662645816803,0.052906330674886703,0.08271881192922592,-0.06627684831619263,-0.1638125777244568,-0.04137284681200981,0.007809135131537914,-0.14561091363430023,0.0033184706699103117,0.04714458808302879,0.08070625364780426,-0.1139369085431099,-0.011921998113393784,-0.011872868053615093,-0.09413047879934311,0.020190555602312088,0.09638083726167679,0.05345815047621727,-0.003965018782764673,-0.008881703950464725,6.950647220946848e-4,-8.504148572683334e-4,-0.00470658577978611,0.0010763112222775817,-0.0015454975655302405,-0.0024275213945657015,-0.0012613576836884022,AM7180
0.009097728878259659,0.08022887259721756,-0.08239857852458954,-0.08160964399576187,0.15594539046287537,-0.10117281973361969,-0.19847792387008667,0.07723445445299149,0.0049740709364414215,-0.03090803511440754,0.20041324198246002,-0.04859727993607521,-0.08584960550069809,0.016132034361362457,-0.018266644328832626,-0.0516795888543129,-0.0506928414106369,-0.1767701506614685,0.1145416721701622,0.0460904985666275,-0.03784586489200592,-0.018048657104372978,-0.008251402527093887,0.0021631652489304543,-0.003015604568645358,0.004158023279160261,-0.0035961850080639124,-0.0022525303065776825,-0.002936639590188861,AM7181
-0.0016565800178796053,0.04718547686934471,-0.051633983850479126,-0.19179107248783112,0.11516918241977692,0.004317421466112137,-0.06682217121124268,0.0945701003074646,0.1767265647649765,-0.03625936061143875,0.2406686544418335,-0.10154152661561966,0.03965987265110016,-0.20510509610176086,-0.11692272126674652,-0.03068866766989231,-0.1050141304731369,-0.054824501276016235,0.012847919948399067,-0.009195452556014061,0.027042722329497337,-0.026601040735840797,0.004213620442897081,-4.4443426304496825e-4,-0.0022541687358170748,0.0029395250603556633,8.320325869135559e-4,-0.0026549564208835363,0.001819387311115861,AM7182
0.05379873514175415,0.06854139268398285,-0.11658617109060287,0.009373806416988373,0.16220565140247345,-0.11664316058158875,-0.24489790201187134,-0.060677699744701385,-0.06125431880354881,-0.21827822923660278,0.05490746349096298,0.15265271067619324,0.008817876689136028,-0.0909302681684494,-0.010065311565995216,0.03342680633068085,0.06930810958147049,0.026973426342010498,0.11406198143959045,0.04857233539223671,-0.0197766050696373,-0.014639100059866905,-0.005891025997698307,-3.593486035242677e-4,-0.0023057826329022646,-2.3363313812296838e-4,-0.0020668876823037863,-7.023676880635321e-4,-8.225067867897451e-4,AM7188
-0.04477979242801666,-0.16608482599258423,-0.05134909972548485,-0.039346326142549515,0.04853512719273567,-0.1733342856168747,-0.1930467188358307,-0.046290960162878036,-0.13772426545619965,-0.12024133652448654,0.04765719920396805,-0.1303921639919281,0.1720523089170456,-0.08471361547708511,-0.07597766071557999,-0.05256785452365875,0.1115478053689003,0.019182009622454643,0.1383916139602661,0.06273017823696136,-0.013763572089374065,-0.025653744116425514,-0.012110067531466484,0.004407618660479784,-0.0020756861194968224,-9.208990959450603e-4,-0.003403141163289547,-0.0018815917428582907,-7.527666166424751e-4,AM7189
-0.02524915523827076,0.0693192258477211,0.1440066546201706,-0.11680197715759277,0.03942980617284775,0.15096332132816315,0.1559746265411377,0.011315210722386837,0.07923717796802521,-0.19803161919116974,0.27915164828300476,0.03165215253829956,0.11073093116283417,0.008009633049368858,0.034173935651779175,-0.2794843912124634,0.03920702636241913,-0.09771326184272766,0.20260842144489288,-0.027999909594655037,-0.009280316531658173,0.041122786700725555,7.483367808163166e-4,0.013143805786967278,0.001235252944752574,0.002176514361053705,-0.0017793620936572552,-0.002005761256441474,-0.004558448679745197,AM7196
0.0045396569184958935,0.10271795094013214,-0.14038893580436707,0.0077964081428945065,0.12965728342533112,0.0602983795106411,-0.2131395787000656,-0.010651368647813797,-0.11451513320207596,-0.19930438697338104,-0.07718311995267868,0.06708569824695587,0.06787683814764023,-0.05935737490653992,0.05772370845079422,0.03603943809866905,-0.058296088129282,0.09952791780233383,0.09886214882135391,0.017449025064706802,-0.1610725224018097,-0.0866895467042923,4.1343041812069714e-4,-0.01593100279569626,-0.008853504434227943,-0.0028342949226498604,3.1233459594659507e-4,-8.335847523994744e-4,-0.0013826631475239992,AM7197
0.10030730813741684,-0.11295685172080994,0.2747895121574402,-0.006353830453008413,0.03473836928606033,-0.07343442738056183,-0.1746949553489685,-0.22898127138614655,0.03510620817542076,-0.1332423835992813,0.047846611589193344,-0.09309517592191696,0.006318775471299887,-0.07616087794303894,-0.20828968286514282,0.11995887011289597,0.05022089183330536,0.06418425589799881,-0.08486581593751907,0.15247540175914764,-0.09673892706632614,0.07541019469499588,-0.003924078773707151,0.011582741513848305,-0.001791053218767047,-0.0018678880296647549,-0.0028075743466615677,-0.0030028228648006916,-9.778293315321207e-4,AM7203
-0.014879564754664898,0.17183423042297363,0.10806025564670563,-0.030532922595739365,0.08651134371757507,-0.009589984081685543,-0.010050954297184944,0.037387192249298096,-0.11087296903133392,0.16526912152767181,0.0014393167803063989,-0.17903529107570648,-0.200820654630661,0.22787266969680786,0.005787195637822151,-0.1287178248167038,0.013343148864805698,0.054440297186374664,0.12646327912807465,0.07657965272665024,0.036568738520145416,-0.03082810714840889,-0.009268904104828835,4.3846736662089825e-4,-0.004255426581948996,-0.0032854159362614155,-0.004639490973204374,-8.612769306637347e-4,-0.0017846671398729086,AM7204
0.0065223234705626965,0.15799640119075775,0.06282943487167358,-0.03911731392145157,0.11733465641736984,-0.026227379217743874,-0.016177086159586906,-0.044798366725444794,-0.11174704134464264,0.11717231571674347,-0.01725267432630062,-0.1992522031068802,-0.27134770154953003,0.050458844751119614,-0.1831943243741989,-0.040032584220170975,0.038330722600221634,0.09405940026044846,0.02022383362054825,0.08288124203681946,-6.222472293302417e-4,-0.051222655922174454,-0.006718839984387159,-0.001439568935893476,-0.004456642083823681,-0.004050187300890684,-0.002564529189839959,-0.0014533213106915355,0.001141711138188839,AM7205
0.30955222249031067,-0.01653720997273922,-0.050090301781892776,-0.042549099773168564,-0.044775351881980896,0.06680703908205032,0.08842083066701889,0.11013652384281158,-0.18693186342716217,-0.02268511801958084,0.03310791775584221,0.2379019856452942,0.016155783087015152,0.06295007467269897,0.12265288084745407,-0.002487139543518424,-0.12907110154628754,-0.07472143322229385,0.09581327438354492,0.06798055768013,0.11269161105155945,-0.03872835263609886,-0.010744679719209671,-0.0025109569542109966,-0.004986560437828302,0.0030836460646241903,-0.0041851019486784935,-0.0010419330792501569,-0.0014482830883935094,AM7208
0.29840007424354553,0.0022573296446353197,0.02573905698955059,-0.035795364528894424,-0.10513344407081604,0.001993300626054406,0.008635953068733215,0.195482075214386,-0.22313101589679718,0.028733016923069954,-0.028085578233003616,0.28115788102149963,0.06800326704978943,0.10545389354228973,0.23062440752983093,0.07837077230215073,0.09065467864274979,-0.05824090167880058,0.2726708650588989,0.10688646137714386,0.1489119827747345,-0.0333220399916172,-0.026117760688066483,-5.300779594108462e-4,-0.0027187608648091555,0.00276902224868536,-0.00826173648238182,6.519053713418543e-4,-0.002379284705966711,AM7209
0.3714558184146881,-0.04278901219367981,-0.03135395422577858,-0.04283636808395386,0.011541028507053852,0.10183580964803696,0.07391758263111115,0.049578048288822174,-0.009429177269339561,-0.06850140541791916,0.08145161718130112,0.11982936412096024,-0.08430860936641693,0.08092033118009567,0.055398352444171906,0.08273126184940338,-0.1235857903957367,0.04504702240228653,-0.10221773386001587,0.027423540130257607,0.059324126690626144,-0.039589859545230865,-0.001441381173208356,-0.007743579335510731,-0.0041646165773272514,-0.0013864594511687756,1.0942140761471819e-5,2.674546849448234e-4,0.0021083641331642866,AM7211
0.35867565870285034,-0.05287187919020653,0.02513701654970646,0.043655864894390106,-0.13024653494358063,-0.12102861702442169,0.19561943411827087,0.046010926365852356,-0.10286755859851837,0.071964263916015625,0.08731598407030106,-0.15578767657279968,0.06764229387044907,-0.014233076944947243,-0.15820080041885376,0.09071256965398788,0.04941511154174805,-0.006346200592815876,-0.11830674856901169,-0.03930757939815521,-0.06869262456893921,0.023139651864767075,0.005908479914069176,2.6767089730128646e-4,0.0038416613824665546,-2.384867548244074e-4,0.002551050391048193,0.0013255745870992541,0.0010798766743391752,AM7213
0.28378379344940186,-0.10776568204164505,-0.2576444447040558,-0.028154289349913597,0.0010945203248411417,-0.13486094772815704,0.24687576293945312,-0.002165264682844281,0.1450335681438446,0.08025510609149933,0.17500457167625427,-0.13936389982700348,-0.047907497733831406,-0.10992029309272766,-0.12820442020893097,0.00732079753652215,-0.06738098710775375,-0.17812640964984894,-0.17175334692001343,0.020066458731889725,0.03933393210172653,-0.020670978352427483,-0.0028448672965168953,0.003314854810014367,0.0010089543648064137,0.004117419943213463,1.5713952598161995e-4,-0.0027290522120893,0.0028390376828610897,AM7214
0.3762737512588501,-0.0840413048863411,-0.03884853422641754,-0.01995128020644188,0.04132150486111641,-0.1419653594493866,0.1307617723941803,0.02706036902964115,-0.05617540329694748,0.032754912972450256,0.06669460982084274,-0.07848866283893585,-0.050145044922828674,0.07917757332324982,0.09638921171426773,0.1357364058494568,-0.04566662386059761,0.030685286968946457,-0.10545819252729416,-0.019314654171466827,-0.06056307628750801,-0.015312695875763893,0.0038660040590912104,-0.0104632917791605,-0.001370308455079794,-0.0013249428011476994,0.0016712162178009748,0.0011765288654714823,0.001323981792666018,AM7215
0.31811508536338806,-0.039168424904346466,-0.04525819048285484,-0.020215027034282684,-0.13806645572185516,0.10952828079462051,0.14864853024482727,0.11622845381498337,-0.026633409783244133,-0.009503941051661968,0.054114945232868195,-0.05886887013912201,0.05675218626856804,0.07583985477685928,0.07415620237588882,0.04100048914551735,-0.1453114151954651,-0.007958630099892616,-0.032336391508579254,-0.014402175322175026,-0.05247968062758446,-0.02529476396739483,0.004634767305105925,-0.009180156514048576,-0.0037429474759846926,1.422644272679463e-4,8.920247200876474e-4,-1.0232640488538891e-4,-6.745930295437574e-4,AM7216
-0.052961450070142746,-0.1282719075679779,0.007400404196232557,-0.03249024972319603,-0.016044553369283676,-0.25107619166374207,-0.14131279289722443,-0.1189027801156044,0.013519317843019962,-0.08293624222278595,-0.03786637261509895,-0.011168710887432098,0.021072115749120712,0.06955083459615707,-0.11999566107988358,-0.027983559295535088,-0.008216112852096558,-0.03062874637544155,0.07367527484893799,0.15282440185546875,0.037892360240221024,-0.005151951685547829,-0.015257502906024456,0.007522772531956434,-0.0038620734121650457,2.967665386677254e-5,-0.006122121121734381,-0.0027608126401901245,-0.002217857865616679,AM7221
-0.046411123126745224,-0.12927474081516266,-0.025942953303456306,-0.07122459262609482,-0.011080864816904068,-0.261966347694397,-0.1227848008275032,-0.1828431338071823,0.15916438400745392,-0.002159322611987591,-0.11243146657943726,-0.09832505881786346,-0.020839717239141464,0.059333425015211105,-0.02880001813173294,-0.14952750504016876,0.049914322793483734,-0.029533829540014267,0.004624532535672188,0.09265774488449097,0.07234445959329605,-0.03795425966382027,-0.01422810461372137,0.006322517525404692,-0.0015312298201024532,-0.0015915113035589457,-0.00396730238571763,-0.0026248714420944452,3.98817821405828e-4,AM7223
0.025594115257263184,-0.1406860202550888,-0.009846537373960018,0.09433960914611816,0.08523084223270416,0.10516121983528137,-0.06149919703602791,-0.304404616355896,0.14956478774547577,0.21932442486286163,0.07803350687026978,-0.16033105552196503,0.005206478293985128,-0.16703972220420837,0.20694588124752045,-0.10542839765548706,-0.05664292722940445,0.07064027339220047,0.2648790776729584,0.1387646198272705,0.16187024116516113,-0.00843826774507761,-0.010455208830535412,0.0036313708405941725,-0.007579422555863857,0.0017853766912594438,-0.0066787623800337315,-0.005638849921524525,4.933118470944464e-4,AM7224
0.02513726055622101,0.04454023391008377,0.11360523104667664,-0.13573433458805084,0.047723304480314255,-0.06723176687955856,0.1195162758231163,-0.07164517790079117,0.1309145987033844,0.07644695788621902,0.008585868403315544,-0.02211226522922516,0.13338826596736908,-0.22549521923065186,-0.037194035947322845,-0.03973150625824928,0.16524764895439148,0.12953250110149384,0.0982513576745987,0.0364551804959774,-0.06162204593420029,0.004095547366887331,-0.0013518821215257049,0.003951033111661673,-9.383241413161159e-4,-0.0023543185088783503,-6.162012577988207e-4,-0.0019652475602924824,5.865178536623716e-4,AM7226
0.04340468347072601,-0.12705503404140472,0.16620305180549622,0.16829761862754822,0.11631390452384949,-0.069797083735466,-0.12109625339508057,-0.20641346275806427,0.11139387637376785,0.3955650329589844,-0.019834576174616814,-0.05533009022474289,0.12068689614534378,-0.08637229353189468,0.29883989691734314,-0.13265779614448547,-0.21380944550037384,-0.04051891714334488,-0.04097100347280502,0.059129226952791214,0.10272885113954544,0.07102807611227036,0.0029647364281117916,0.009848331101238728,-0.002724040299654007,0.004136460367590189,-0.0017995162634178996,-0.004386837128549814,-4.326845519244671e-4,AM7228
0.020489685237407684,0.09839823842048645,0.24603646993637085,-0.08731850236654282,0.03894424065947533,-0.12619444727897644,-0.00228606048040092,0.0815814882516861,0.04296395555138588,-0.016327491030097008,0.2345813661813736,-0.04657990485429764,0.006495653185993433,-0.05763579532504082,0.044226668775081635,-0.029072614386677742,0.09955169260501862,0.02586408145725727,0.044242627918720245,-0.02149909920990467,-0.09525194019079208,-0.03818939998745918,-0.0014086171286180615,-0.004171820357441902,-0.0017166612669825554,-0.0017816429026424885,4.493662854656577e-4,-3.1944888178259134e-4,4.5971194049343467e-4,AM7229
0.12189797312021255,0.05919905751943588,0.2139461785554886,-0.1268051415681839,0.14029687643051147,-0.17049819231033325,-0.016914814710617065,-0.02602306194603443,0.09345319867134094,0.11404331773519516,-0.0798112079501152,-0.13207867741584778,0.13040056824684143,-0.11059486120939255,-0.07663790881633759,-0.09687099605798721,0.020014025270938873,-0.03337585926055908,0.07258164137601852,0.025963377207517624,-0.03924638777971268,0.005015812814235687,6.785703135392396e-6,0.004669698420912027,-1.2052927922923118e-4,0.0013386470964178443,-0.0010713915107771754,-0.002422783523797989,-0.0013257944956421852,AM7230
-0.011259936727583408,-0.06774400919675827,0.1927269548177719,0.19369061291217804,0.030827444046735764,-0.0442250557243824,-0.1373562514781952,-0.044111259281635284,-0.1325909048318863,0.4589381515979767,-0.23983466625213623,-0.09591082483530045,0.277956485748291,-0.10845312476158142,0.13374003767967224,-0.17380990087985992,0.1150733008980751,0.13723276555538177,-0.11716194450855255,-0.03993893042206764,-0.09739050269126892,-0.09741264581680298,9.557534358464181e-4,-0.008878405205905437,-0.0018148485105484724,-0.005745336879044771,0.0033916516695171595,-5.251190159469843e-4,0.0032040728256106377,AM7236
0.004086911212652922,0.030367247760295868,0.14028862118721008,-0.054196592420339584,-0.002584797330200672,-0.07862748950719833,0.16089847683906555,-0.09909772127866745,0.013171548023819923,0.16581614315509796,-0.09549874812364578,-0.044220827519893646,0.381061851978302,-0.08510305732488632,-0.07199715822935104,0.049513962119817734,0.03611026331782341,-0.24691253900527954,0.05963396281003952,0.03486182168126106,0.08683203160762787,0.001666093710809946,-0.012811238877475262,0.006098841782659292,0.004989872220903635,0.007953335531055927,-0.0032930015586316586,-0.0010612341575324535,-6.761463591828942e-4,AM7237
0.06698068976402283,0.09593557566404343,-0.06361135095357895,-0.05276620760560036,0.1925763040781021,-0.1800910234451294,-0.23128508031368256,-0.1268283724784851,0.014440273866057396,0.08871280401945114,-0.111879363656044,0.04239462688565254,-0.15615785121917725,-0.002238429617136717,0.10373241454362869,0.013891077600419521,0.14425884187221527,0.003118692897260189,-0.015986453741788864,-0.020734237506985664,-0.035340942442417145,-0.013171953149139881,-0.004617272410541773,-0.0012318005319684744,0.0020389058627188206,-0.0012793217319995165,5.777226760983467e-4,0.0013359679142013192,0.001098738401196897,AM7241
0.10240281373262405,0.09522588551044464,-0.10109049081802368,-0.04089750349521637,0.1748209446668625,0.12877680361270905,-0.1568339616060257,-0.20399348437786102,0.04975970834493637,-0.15168680250644684,-0.12855413556098938,0.06844721734523773,-0.01747186854481697,-0.11000574380159378,0.0937737450003624,-0.03545335307717323,0.0574265755712986,-0.051837876439094543,-0.07872601598501205,-0.050007227808237076,-0.01808236725628376,-0.02633981965482235,3.581260098144412e-4,-0.0020253146067261696,0.002077972749248147,2.7987061184830964e-4,0.0025256085209548473,-1.963291724678129e-4,0.0019809692166745663,AM7242
0.02022133767604828,-0.15685628354549408,0.04840696603059769,-0.00811526644974947,0.026232752948999405,0.2538049519062042,-0.021801194176077843,-0.2834063470363617,-0.05657085031270981,-0.13685151934623718,0.09098432213068008,-0.06910385936498642,-0.0690494254231453,-0.30755606293678284,-0.05276007950305939,-0.06479865312576294,0.21230988204479218,-0.089792400598526,-0.07133779674768448,0.05825933441519737,-0.11757295578718185,-0.050940532237291336,-0.009164456278085709,0.003159315325319767,-5.954309017397463e-4,-9.560542093822733e-5,-5.957568646408617e-4,-0.004612864460796118,0.0023167405743151903,AM7243
0.07352111488580704,0.1410827785730362,0.0769239142537117,-0.10547113418579102,0.13106724619865417,0.11282524466514587,-0.09492875635623932,-0.04944806545972824,0.08077302575111389,0.09371230751276016,-0.12451513111591339,-0.09721387922763824,-0.08845733106136322,0.04270894080400467,-0.09796611219644547,-0.25989729166030884,0.037139780819416046,0.06664492189884186,-0.06264470517635345,0.02663523703813553,-0.03296155482530594,0.019643018022179604,0.0020636713597923517,0.01182212121784687,-2.3577599495183676e-4,-0.004265921656042337,1.316698908340186e-4,-0.0021098798606544733,-9.186058887280524e-4,AM7255
0.10369924455881119,0.08958351612091064,-0.07917091250419617,0.024655397981405258,0.1368570327758789,0.15011462569236755,-0.07679317146539688,-0.2829788327217102,0.059663835912942886,-0.18252672255039215,-0.19803516566753387,0.1402188539505005,-0.023380601778626442,-0.015099835582077503,0.11179367452859879,-0.0023189522325992584,0.056033484637737274,0.04213666915893555,-0.026161374524235725,0.007896424271166325,-0.030190706253051758,-0.05655725300312042,-0.003435306018218398,-0.007399199530482292,-0.0019343167077749968,-0.0025773593224585056,7.053929730318487e-4,-8.683926716912538e-5,0.0012554415734484792,AM7256
-0.0636802688241005,-0.16680115461349487,-0.08422599732875824,-0.10021573305130005,0.04273366928100586,-0.056042686104774475,-0.10482818633317947,-0.03933020681142807,0.06396623700857162,-0.3348348140716553,0.2322036176919937,-0.10796123743057251,-0.05716745927929878,0.07814987003803253,-0.18526269495487213,-0.11944672465324402,-0.060565318912267685,-0.12514111399650574,-0.11029951274394989,-0.06453757733106613,0.2907053530216217,-0.028013737872242928,-0.0020866133272647858,0.006067085079848766,0.0061861309222877026,0.001729006296955049,9.579431498423219e-4,7.666740566492081e-4,0.004833008628338575,AM7260
0.040218569338321686,-0.10060466825962067,0.01500936970114708,0.09724249690771103,0.28053656220436096,0.32008302211761475,-0.07629753649234772,0.24664843082427979,0.4314863383769989,-0.1036817729473114,-0.09174566715955734,0.03245615214109421,0.10644935816526413,0.5503529906272888,-0.2925184369087219,-0.07753288000822067,0.20219552516937256,0.0959194004535675,0.11877351254224777,-0.10472438484430313,0.06885035336017609,-0.11412980407476425,-0.0053834873251616955,-0.011238319799304008,0.00559082580730319,-0.008072384633123875,0.0010926533723250031,0.008368846029043198,-1.6352553211618215e-4,AM7261
0.006008357275277376,-0.08510591834783554,0.12161298096179962,-0.06765563040971756,-0.07778619974851608,-0.035389360040426254,-0.09495403617620468,-0.06039611995220184,0.06074720621109009,-0.1759970337152481,-0.09824781864881516,-0.10284275561571121,0.013682551681995392,0.3913702070713043,-0.07984528690576553,0.050950102508068085,0.2630730867385864,0.069442518055439,-5.198284634388983e-4,-0.07505270838737488,-0.06304113566875458,-0.10758362710475922,-0.010615739040076733,-0.013830065727233887,0.0036967273335903883,-0.007878714241087437,0.0013198698870837688,0.006506563164293766,0.001252741552889347,AM7266
-0.018581772223114967,-0.08905352652072906,0.10570088773965836,-0.03649759292602539,-0.14719563722610474,-0.03459717333316803,-0.14113739132881165,-0.04325383901596069,0.1736496239900589,-0.0810668095946312,-0.14985136687755585,-0.00546244764700532,0.062089428305625916,0.24709340929985046,-0.11526525020599365,-0.22838427126407623,-0.13553179800510406,-0.2236190140247345,0.007095638196915388,-0.007699111010879278,0.2600567638874054,0.061458755284547806,-0.003353540785610676,0.01837855763733387,0.007362286560237408,0.0051549822092056274,-0.002547906944528222,2.0212640811223537e-4,-0.0024891854263842106,AM7269
-0.010703692212700844,-0.15294219553470612,-0.009132622741162777,0.09168790280818939,0.055440355092287064,-0.0403047539293766,-0.14034722745418549,-0.120904341340065,-0.17540866136550903,0.0821211189031601,0.20762979984283447,-0.1428241729736328,0.07614444941282272,-0.006766831502318382,0.010894730687141418,-0.004855566658079624,0.232797309756279,0.10408735275268555,0.07629788666963577,-0.1499231457710266,0.19391153752803802,0.018213827162981033,0.002454554894939065,0.0025512815918773413,0.010205506347119808,-0.001594292582012713,0.003104171250015497,0.005257740151137114,0.005022956524044275,AM7270
0.056642621755599976,0.10582683980464935,0.15787675976753235,-0.06808480620384216,0.25749340653419495,-0.11104682832956314,0.03156769275665283,-0.08495952188968658,-0.24797512590885162,0.06084831804037094,-0.04523542895913124,-0.14948083460330963,-0.22193627059459686,0.10282447189092636,-0.11282508820295334,-0.052482686936855316,-0.002688897540792823,0.13890349864959717,-0.0651022344827652,-0.1321958601474762,-0.05868024379014969,-0.01102500781416893,0.018117224797606468,-0.007633325643837452,0.0021668679546564817,-0.004602818749845028,0.005989427678287029,0.003494725562632084,0.0014705603243783116,AM7272
0.0059596397913992405,0.13715194165706635,0.15690302848815918,-0.057006001472473145,0.1207173615694046,0.10183855891227722,0.2835821509361267,-0.1588759422302246,-0.24512754380702972,-0.044246990233659744,0.10861777514219284,-0.12226853519678116,-0.12065806984901428,0.23361432552337646,0.039383694529533386,-0.2504606544971466,0.1090078130364418,0.04327595606446266,0.04419858008623123,-0.1325509250164032,0.11068311333656311,0.13339833915233612,0.013860810548067093,0.0186554417014122,0.010653405450284481,-0.001868546474725008,0.002586980815976858,0.003230384085327387,-0.001875165500678122,AM7273
0.016602512449026108,-0.048746805638074875,0.08892200142145157,0.20449984073638916,0.12642069160938263,0.0837678462266922,-0.04412238299846649,0.3819204568862915,0.2712205946445465,-0.3137208819389343,-0.1738106906414032,-0.26018139719963074,-0.11823496222496033,-0.21815845370292664,0.10303980857133865,-0.2571711838245392,0.06571056693792343,0.007067466154694557,-0.29774123430252075,-0.11412088572978973,0.3652346730232239,0.1261211633682251,0.0060245017521083355,0.030777957290410995,0.013552062213420868,-8.443400147370994e-4,0.004499261267483234,-0.001621248316951096,0.00784554984420538,AM7277
-0.02443547360599041,-0.11050447076559067,0.21237032115459442,0.14801305532455444,-0.0720880925655365,-0.05375196412205696,-0.15822835266590118,-0.08064524829387665,0.07471118867397308,0.08759255707263947,-0.0121425436809659,0.031554143875837326,-0.2094040960073471,0.025429699569940567,0.1956760585308075,0.17321184277534485,-0.23993036150932312,-0.022734500467777252,-0.14306412637233734,0.19200937449932098,0.042835935950279236,-0.05363955348730087,-0.011990849860012531,-0.009799511171877384,-0.011368133127689362,7.607430452480912e-4,-0.00489719258621335,-0.004412142094224691,0.0018106335774064064,AM7278
-0.07800732553005219,-0.09524618089199066,0.0482848584651947,0.2864428162574768,0.10493671149015427,0.029305262491106987,0.14418655633926392,0.20584741234779358,0.2442345768213272,0.12900562584400177,0.2065756469964981,0.3360385596752167,-0.23189035058021545,0.1318250596523285,-0.1737011820077896,-0.008264542557299137,0.010923100635409355,0.02557850256562233,0.0036605813074856997,0.046065155416727066,-0.08619900047779083,-0.2483995258808136,-0.015720978379249573,-0.025146562606096268,-0.011325488798320293,-0.004666492808610201,-0.0013875921722501516,9.139576577581465e-4,0.0022251540794968605,AM7280
-0.10415278375148773,-0.06393274664878845,-0.033591583371162415,0.22485662996768951,0.21687494218349457,-0.11222701519727707,0.15296077728271484,0.5057491660118103,-0.30303773283958435,-0.3709770739078522,-0.23807372152805328,-0.2355477511882782,0.1970798820257187,0.06658133864402771,0.47182658314704895,-0.06523799896240234,0.28024807572364807,-0.19217407703399658,-0.14649082720279694,0.4597366452217102,-0.14338214695453644,-0.028041081503033638,-0.04373827204108238,0.010934766381978989,-0.008819805458188057,-0.004350818227976561,-0.016046877950429916,-0.013159994967281818,-0.004484828561544418,AM7283
-0.08515099436044693,0.13351008296012878,0.22221925854682922,-0.08504707366228104,0.0035729806404560804,-0.04541050270199776,0.07359739392995834,0.1916416436433792,-0.22573420405387878,-0.12505069375038147,0.22868028283119202,0.12926141917705536,0.05296200141310692,-0.022966377437114716,0.21043631434440613,-0.10467473417520523,0.0343715138733387,0.09864353388547897,-0.06336662173271179,-0.0346437469124794,-0.16277053952217102,-0.06524989008903503,0.0015587229281663895,-0.00851591769605875,-0.005865311715751886,-0.00516403978690505,0.0022134205792099237,-6.31891074590385e-4,1.4125608140602708e-4,AM7284
0.020076731219887733,0.17635217308998108,0.12790310382843018,0.15080124139785767,-0.12143856287002563,0.13111865520477295,-0.12087622284889221,0.021139541640877724,-0.1944863349199295,-0.2807670831680298,0.22220982611179352,0.34172874689102173,0.041992705315351486,-0.048075586557388306,-0.03208044916391373,-0.014255495741963387,0.11886319518089294,-0.12762042880058289,-0.30616071820259094,-0.17414191365242004,0.1082434356212616,0.010160092264413834,0.0030225778464227915,0.006621737964451313,0.011781688779592514,0.001276302500627935,0.006721660494804382,0.004675402771681547,0.005167647730559111,AM7285
-0.005234827287495136,-0.12111682444810867,-0.03667953237891197,0.19851896166801453,0.3385081887245178,-0.10033468902111053,0.0423591174185276,0.12761583924293518,0.030102616176009178,0.05729416757822037,0.12355945259332657,0.10242567211389542,0.14740495383739471,0.13619905710220337,-0.31619593501091003,0.1832175999879837,-0.09777539223432541,-0.04070955887436867,0.20494666695594788,-0.03734784200787544,-0.03892405703663826,0.041954100131988525,0.0054996199905872345,-0.0032577221281826496,0.0017381062498316169,0.004623638931661844,-6.456376286223531e-4,0.004166133236140013,-0.004704196471720934,AM7294
-0.014390057884156704,0.015165339224040508,0.15327127277851105,0.271355539560318,0.023242659866809845,0.06549759209156036,0.255596399307251,0.2552524507045746,-0.006125177722424269,-0.24391956627368927,-0.555746853351593,-0.4582541584968567,-0.40398165583610535,-0.4178670346736908,-0.0644262284040451,0.400251179933548,-0.009821214713156223,-0.0568675696849823,0.3040766417980194,-0.22469814121723175,0.07197835296392441,-0.029663225635886192,0.009216339327394962,-0.022668542340397835,0.0060126809403300285,0.00866888090968132,0.004646524786949158,0.004005099181085825,0.004278003238141537,AM7295
-0.13102202117443085,-0.15521684288978577,0.04157717525959015,0.0758705660700798,-0.10073626786470413,0.022065559402108192,-0.0362529531121254,-0.0810418576002121,-0.16546402871608734,-0.23750880360603333,0.503380537033081,0.07274579256772995,-0.2043369561433792,-0.32759299874305725,-0.037303823977708817,0.01714889146387577,0.04127741605043411,-0.14292149245738983,0.04656732454895973,0.049800388514995575,-0.0022251822520047426,0.0043355803936719894,-0.0034832374658435583,0.005227796733379364,-0.0016057239845395088,0.005135991610586643,-0.0020082187838852406,-0.004236018285155296,0.0010198736563324928,AM7302
-0.08367723971605301,0.007191259879618883,0.1791599988937378,-0.06598851084709167,-0.14346808195114136,-0.1233908087015152,0.051534030586481094,0.1493683159351349,0.1594785898923874,-0.08419233560562134,0.0288104098290205,0.22118090093135834,0.07129248231649399,-0.23703213036060333,-0.14429807662963867,0.008835071697831154,-0.06857424229383469,0.37641552090644836,0.03424379602074623,0.012450356036424637,0.1068258062005043,-0.11619911342859268,0.004700725432485342,-0.01438251044601202,-0.008767839521169662,-0.0073503125458955765,0.0021344341803342104,-1.4289459795691073e-4,0.006045288871973753,AM7303
-0.05801359936594963,0.08401413261890411,0.20940925180912018,-0.11392363160848618,-0.037860751152038574,0.02901025488972664,0.005849670153111219,0.22146117687225342,0.11642631888389587,-0.17354732751846313,0.25804686546325684,0.16601082682609558,0.04642968252301216,-0.23606166243553162,0.1737307608127594,-0.20726437866687775,-0.29124119877815247,0.12099876999855042,0.19072888791561127,-0.08036357164382935,-0.05854073911905289,-0.025331001728773117,0.022751685231924057,-0.009025332517921925,-0.00992544461041689,6.281459936872125e-4,0.0033971406519412994,-0.0030988799408078194,-0.002101969439536333,AM7304
0.03130362555384636,-0.07965002208948135,0.051479365676641464,-0.20395289361476898,0.22204600274562836,-0.0032250944059342146,-0.04157553240656853,-0.15543948113918304,-0.09098786860704422,-0.17241716384887695,-0.2882758677005768,-0.023590371012687683,0.29056939482688904,-0.17560604214668274,-0.19951026141643524,-0.0565413162112236,-0.2402055412530899,0.010485348291695118,-0.17670150101184845,-0.11502731591463089,-0.10861213505268097,-0.04917468503117561,0.023330943658947945,-0.010490317828953266,-0.0012259556679055095,3.527778317220509e-4,0.00822572223842144,-4.8820042866282165e-4,0.0011810699943453074,AM7312
-0.09043049067258835,-0.08107046037912369,-0.04026404395699501,0.2656221091747284,0.2593633234500885,-0.2852093577384949,0.145461767911911,0.2751864492893219,-0.111115962266922,0.055190686136484146,-0.09893490374088287,0.24005790054798126,0.008499526418745518,-0.07061349600553513,-0.1245400458574295,0.008652366697788239,-0.2703322172164917,-0.03406329080462456,-0.024463675916194916,-0.06198909878730774,0.011187723837792873,0.10331519693136215,0.02509666047990322,0.005108235403895378,0.0021397913806140423,0.005354930646717548,0.003633338026702404,5.930975894443691e-4,-0.003566416911780834,AM7313
-0.07184416800737381,-0.07684777677059174,0.015623786486685276,0.25689437985420227,0.1357426643371582,0.2971946597099304,0.26275312900543213,-0.0700995922088623,0.18106390535831451,0.23205611109733582,0.0700274333357811,0.37535378336906433,-0.036064740270376205,0.008828756399452686,-0.26384979486465454,-0.05426556617021561,0.29424405097961426,-0.005069070030003786,-0.11147475242614746,0.2041098028421402,-0.05897616222500801,0.02751283161342144,-0.0268794484436512,0.023347171023488045,1.6609381418675184e-4,-0.0029477421194314957,-0.0063573094084858894,-0.0022810297086834908,-0.0013155392371118069,AM7318
0.004258104600012302,0.15740519762039185,-0.09671132266521454,0.157466322183609,-0.04452620446681976,0.12818092107772827,0.1638253778219223,-0.3204055428504944,-0.11513540148735046,-0.08245781064033508,-0.22327008843421936,0.1157514825463295,0.1274169683456421,-0.021470939740538597,0.028809456154704094,-0.002376273972913623,-0.03461623191833496,0.07659079879522324,0.09813562035560608,0.1008562222123146,0.10518713295459747,0.04061627760529518,-0.0029829745180904865,0.006167311687022448,-0.0016945539973676205,2.209092053817585e-4,-0.003423434216529131,-0.0017781927017495036,-0.0014354296727105975,AM7319
-0.03244127333164215,-0.14643579721450806,-0.09905508905649185,0.09978079795837402,0.4465481638908386,0.10380861163139343,0.04267949238419533,0.005149760749191046,-0.03391082212328911,0.06898797303438187,-0.008983195759356022,0.19158616662025452,0.24396519362926483,0.04326997697353363,-0.027478739619255066,0.05210820585489273,-0.287110298871994,0.03223354369401932,0.08462488651275635,-0.07480736821889877,-0.20063643157482147,0.23393195867538452,0.030410436913371086,0.014990349300205708,0.0013247948372736573,0.005158799234777689,0.003929694648832083,0.001668376731686294,-0.009796282276511192,AM7320
-0.12940160930156708,-0.1482311487197876,-0.11191634088754654,0.1588340699672699,0.13384942710399628,0.11894389986991882,0.09346934407949448,-0.21483393013477325,-0.17838647961616516,0.1355326622724533,0.26222696900367737,0.0190998874604702,-0.27898406982421875,0.014504540711641312,0.23911239206790924,0.05031585693359375,-0.11438385397195816,0.1577829122543335,0.08519814908504486,-0.18708369135856628,-0.0020901267416775227,-0.03277222812175751,0.0198411513119936,-0.019590167328715324,-0.0024148125667124987,-0.0010952744632959366,0.006355675868690014,0.004291650839149952,0.002665705978870392,AM7321
-0.05509962514042854,0.14782610535621643,0.019148431718349457,-0.11807987093925476,0.023726696148514748,0.26735034584999084,-0.04494154825806618,0.184766486287117,-0.0070338016375899315,0.06651563942432404,0.14281931519508362,-0.17251694202423096,0.0777919813990593,0.11394678056240082,-0.01854402758181095,0.0699697732925415,-0.22857102751731873,-0.12626324594020844,-0.08274219185113907,-0.0071099260821938515,-0.060693562030792236,0.10192812234163284,0.013778124935925007,0.004491924773901701,0.001096624182537198,0.004454613197594881,8.640203159302473e-4,-6.225999095477164e-4,-0.003587055020034313,AM7323
-0.04899045079946518,0.049031760543584824,0.11326368153095245,-0.0493878498673439,-0.1366400271654129,0.1181102842092514,0.1946457177400589,-0.014067505486309528,-0.005355169530957937,0.17169228196144104,-0.18808241188526154,9.466816554777324e-4,0.35828545689582825,-0.04946169629693031,-0.11790042370557785,-0.03247543051838875,-0.01510904636234045,-0.2835829555988312,0.014902399852871895,-0.11746520549058914,-0.051002368330955505,-0.015320252627134323,0.0026088287122547626,-3.2650778302922845e-4,0.007177351973950863,0.00794991385191679,0.0027307516429573298,0.0016335146501660347,-0.002184350974857807,AM7325
-0.10093171149492264,0.05706917867064476,0.01745268516242504,-0.16399037837982178,0.1731605976819992,-0.12110605090856552,0.232408806681633,-0.06553947180509567,-0.1553926318883896,0.023296868428587914,0.07287213206291199,0.08327481150627136,0.10502733290195465,0.022460926324129105,0.05121788755059242,0.21784959733486176,0.15457910299301147,0.1885358840227127,0.04288061335682869,0.009376845322549343,0.13998465240001678,0.10432921350002289,1.745238550938666e-4,0.0069543407298624516,0.005881955847144127,-0.001800910453312099,-6.515290006063879e-4,0.0035272897221148014,0.0019299257546663284,AM7327
-0.09456252306699753,0.16687487065792084,-0.03651713207364082,-0.046816635876894,-0.10001690685749054,0.034028731286525726,-0.09191890805959702,0.21358191967010498,-0.14739203453063965,0.26693272590637207,0.012931625358760357,-0.1960362195968628,0.04533090814948082,0.07801148295402527,-0.2629735767841339,0.12470170855522156,0.010412054136395454,0.10550535470247269,0.017834411934018135,0.15672501921653748,0.047468554228544235,0.038967620581388474,-0.008349387906491756,0.007263737730681896,-0.00213581882417202,-0.0020281693432480097,-0.005108922254294157,-9.20584483537823e-4,-5.907266750000417e-4,AM7328
-0.04596245288848877,0.15366968512535095,-0.09176672250032425,0.05839978903532028,-0.1692056953907013,0.055476680397987366,-0.29269471764564514,0.19723525643348694,-0.08792255818843842,-0.021070463582873344,-0.022004013881087303,0.09644617140293121,0.23403127491474152,0.015674011781811714,-0.008900757879018784,0.22611922025680542,0.10137134045362473,0.09355863928794861,0.07809339463710785,-0.030050722882151604,-0.01848582923412323,0.035540755838155746,0.0010060875210911036,-0.003946289885789156,0.0033951245713979006,-6.930942181497812e-4,6.637088372372091e-4,0.004279009066522121,-4.872037679888308e-4,AM7329
-0.11682971566915512,-0.07907669991254807,0.11063272505998611,0.10034815222024918,-0.10785689204931259,0.13933852314949036,0.021142084151506424,-0.16502054035663605,-0.3774718642234802,0.10181762278079987,0.09921592473983765,-0.20758755505084991,0.15789005160331726,0.2375556379556656,0.0777515098452568,0.2744024395942688,-0.19348973035812378,0.02025674283504486,0.09116429835557938,0.004781548399478197,0.24236103892326355,-0.17933496832847595,-0.013308796100318432,-0.029929256066679955,-0.0068566156551241875,8.598273270763457e-4,-0.0021556385327130556,0.0034924419596791267,0.0054514966905117035,AM7332
-0.09779418259859085,0.15553495287895203,-0.13283534348011017,-0.029525073245167732,0.04526733234524727,0.057973578572273254,0.08226920664310455,-0.03413975611329079,-0.18262852728366852,0.15069568157196045,0.07578589767217636,-0.14580851793289185,-0.12291331589221954,-0.0785243809223175,-0.3211633563041687,0.0875520333647728,-0.10242284089326859,-0.016542941331863403,-0.1001821905374527,0.1674967259168625,0.08425463736057281,0.04288091883063316,-0.004443787038326263,0.010747350752353668,-0.002450193976983428,0.0018209272529929876,-0.004139680415391922,-0.003908336162567139,9.199355845339596e-4,AM7333
-0.005937577225267887,0.1841665655374527,-0.06865136325359344,0.11760148406028748,-0.13501012325286865,0.13628672063350677,-0.09838525950908661,-0.054848313331604004,-0.2277403622865677,-0.0995316132903099,-0.06956421583890915,0.08640728890895844,0.257373571395874,0.03441241756081581,-0.14960862696170807,0.19259732961654663,0.11119338870048523,0.12203333526849747,-0.05487965792417526,0.024906780570745468,0.19466833770275116,0.03194821998476982,-0.0058617969043552876,0.004305486101657152,0.005846429616212845,-0.001953952945768833,-5.22904098033905e-4,0.0035885863471776247,0.0035422907676547766,AM7334
-0.11983488500118256,-0.07769660651683807,-0.10151150822639465,-0.1587558388710022,0.06271938234567642,-0.18015392124652863,0.04034985601902008,-0.02326752245426178,0.07369733601808548,-0.1131703332066536,-0.02440313994884491,0.02298501692712307,0.04069110006093979,-0.019592246040701866,0.07532215118408203,0.2520948052406311,0.00978965125977993,-0.04366963356733322,-0.0929742306470871,-0.04952629283070564,0.15335404872894287,-0.06327901780605316,-0.007977859117090702,-0.012577825225889683,0.0030218898318707943,0.001876174588687718,0.0012851927895098925,0.0030139766167849302,0.005952749866992235,AM7336
-0.113867849111557,-0.021125322207808495,-0.1382989138364792,-0.20195351541042328,0.07832266390323639,-0.15723833441734314,0.16755837202072144,-0.0481005497276783,0.12401538342237473,0.04201989248394966,0.08282265067100525,0.019537385553121567,0.04101674258708954,-0.053178347647190094,0.16120129823684692,0.1615118682384491,0.049398887902498245,-0.015145484358072281,-0.10215795040130615,-0.029960261657834053,0.1278945356607437,0.04806940257549286,-0.002642016625031829,0.0027078045532107353,0.005352042615413666,0.002066005952656269,8.360536303371191e-4,0.0015158026944845915,0.003908505663275719,AM7337
-0.05783838778734207,0.16454380750656128,0.013336648233234882,-0.018715066835284233,0.021062172949314117,-0.09839940071105957,-0.03285688906908035,0.057075150310993195,-0.21241432428359985,0.2651439309120178,-0.012962223961949348,-0.008114206604659557,-0.18732406198978424,-0.0949745923280716,-0.08491954207420349,0.12677446007728577,0.006094140931963921,-0.25470370054244995,-0.23732402920722961,-0.09010755270719528,-0.10058896988630295,-0.07046996802091599,2.7781285461969674e-4,-0.010541945695877075,0.003940326627343893,0.00512364087626338,0.004166051745414734,0.0015767688164487481,0.003028007922694087,AM7343
-0.12353134900331497,0.007376158144325018,-0.08315901458263397,-0.18036425113677979,0.014384348876774311,-0.09751280397176743,0.17743834853172302,0.11122807115316391,0.06426942348480225,0.022347547113895416,0.06329883635044098,0.09375884383916855,0.20600029826164246,-0.1643691211938858,-0.07465673983097076,0.15865908563137054,0.11407998204231262,-0.0735531747341156,-0.06785041838884354,0.029692118987441063,0.010715961456298828,-0.09338051080703735,-0.015695231035351753,-0.007052930071949959,-1.860340271377936e-4,0.0015040923608466983,-8.853815379552543e-4,-1.3165874406695366e-4,0.003960096277296543,AM7344
-0.006717966869473457,-0.14845561981201172,0.08397356420755386,-0.06780900806188583,-0.16121603548526764,0.2922148108482361,-0.35496291518211365,0.05485836789011955,-0.0742807611823082,-0.049522966146469116,0.1434086412191391,-0.25537222623825073,0.24333414435386658,0.04273275285959244,-0.03415781259536743,0.3347756564617157,0.15158231556415558,-0.16838379204273224,-0.04517563059926033,-0.012830791063606739,-0.10097073763608932,0.08812662214040756,-0.00350822857581079,0.0033974030520766973,0.008329342119395733,0.004237468354403973,-2.9338938475120813e-5,0.0027789119631052017,-0.0010861899936571717,AM7345
-0.05536801367998123,-0.07886521518230438,0.04034147039055824,0.1306968629360199,-0.02477208524942398,0.3666466176509857,-0.16365846991539001,0.10588305443525314,0.08913475275039673,0.2892111837863922,0.16257259249687195,-0.046707767993211746,0.2698948383331299,-0.14270728826522827,0.17761604487895966,0.03903281316161156,-0.08625228703022003,0.069246806204319,-0.2669227421283722,-0.13229124248027802,0.049787454307079315,-0.019758332520723343,0.010862457565963268,-0.00739920511841774,0.002097165212035179,-7.152009638957679e-4,0.006939108017832041,0.0016867382219061255,0.006717128213495016,AM7346
-0.023439224809408188,0.15071620047092438,-0.10300746560096741,-0.10048527270555496,0.10624918341636658,0.25547415018081665,-0.05696156620979309,-0.06356042623519897,0.04298727586865425,0.030544990673661232,-0.07946210354566574,-0.15539738535881042,-0.19999563694000244,0.01827285997569561,0.00461152009665966,0.10548443347215652,-0.051470473408699036,0.007388599682599306,-0.018139587715268135,0.08136893808841705,-0.10641976445913315,-0.006980289705097675,-0.0013694755034521222,-0.005681860260665417,-0.00495752552524209,-7.479765336029232e-4,-0.0017023064428940415,-0.002061262493953109,-8.285680669359863e-4,AM7353
-0.12264670431613922,0.049855004996061325,-0.17433254420757294,-0.18759427964687347,0.10211477428674698,-0.011979632079601288,0.052050136029720306,0.08139394968748093,0.11593680083751678,0.09967906773090363,0.05336763709783554,-0.10899803042411804,-0.051426373422145844,0.162920281291008,0.21511350572109222,0.04867098480463028,0.049755461513996124,-0.0062957084737718105,-0.07435106486082077,0.02411303110420704,-0.09530996531248093,-0.022842008620500565,-0.008877992630004883,-0.004727236460894346,-0.0024541933089494705,-0.0025867109652608633,-0.0011218487052246928,1.456706231692806e-4,-8.6034378909971565e-06,AM7354
0.05910373479127884,0.1527990996837616,0.07825756072998047,0.09533312916755676,-0.12309245020151138,-0.1427614688873291,-0.3224591314792633,0.031010594218969345,0.23575831949710846,-0.01795922964811325,-0.08856918662786484,0.19537854194641113,-0.18106132745742798,0.059061869978904724,0.14202556014060974,0.07185491174459457,-0.017415616661310196,0.11548860371112823,0.06362343579530716,-0.07839477807283401,0.04508713260293007,0.05898287892341614,0.011257571168243885,-0.0022195244673639536,0.002734765410423279,-9.121822076849639e-4,0.0025271845515817404,0.003889016341418028,-2.635863493196666e-4,AM7356
0.015329968184232712,-0.06418700516223907,0.309006929397583,0.026064887642860413,-0.2203618735074997,-0.19838565587997437,-0.17270833253860474,0.058675505220890045,0.3345595896244049,-0.12240022420883179,0.06942654401063919,0.12218394130468369,-0.17602458596229553,0.16672223806381226,0.14220817387104034,0.38100695610046387,-0.080547995865345,0.07135263830423355,0.02086649276316166,0.009436707943677902,-0.2658444046974182,0.18715906143188477,0.019271520897746086,-0.001596882939338684,5.409389268606901e-4,7.444799994118512e-4,0.0012999281752854586,0.00322039145976305,-0.006764926016330719,AM7359
-0.11048311740159988,-0.03739132732152939,0.09186971187591553,-0.04213792458176613,-0.10922861844301224,0.02273879572749138,0.2665785849094391,-0.24818536639213562,-0.08162503689527512,-0.16404440999031067,-0.14251431822776794,0.06285468488931656,-0.033523570746183395,0.28392407298088074,0.10766991972923279,0.0918399766087532,-0.06322745233774185,-0.22815756499767303,0.08007658272981644,-0.03375162184238434,-0.006236085668206215,0.0559125654399395,-0.002708733780309558,0.001218300429172814,0.004392534960061312,0.005914436653256416,-0.001513020833954215,0.0027037078980356455,-0.005161883309483528,AM7361
-0.1794467270374298,-0.11595679819583893,-0.09311102330684662,-0.08786870539188385,-0.03195451945066452,0.006291561760008335,0.06949842721223831,-0.13720226287841797,0.010479002259671688,-0.06502018868923187,-0.19944195449352264,0.04406346008181572,-0.13650646805763245,0.3532867431640625,0.31639087200164795,-0.021672366186976433,-0.15849854052066803,-0.0724848210811615,-0.27298641204833984,-0.18883854150772095,-0.08332069963216782,-0.042831018567085266,0.014556624926626682,-0.01747417077422142,0.002463205950334668,-0.0019933832809329033,0.007724996190518141,0.004885804373770952,7.334337569773197e-4,AM7362
-0.05399631708860397,0.11978118866682053,-0.10673994570970535,-0.10814569890499115,0.041710324585437775,0.060409437865018845,-0.19723165035247803,0.21856290102005005,0.19809600710868835,0.08917048573493958,0.131464883685112,-0.20086459815502167,-0.10552782565355301,0.05612994730472565,0.05236658826470375,0.04345177486538887,-0.17927375435829163,-0.006689750123769045,0.011272253468632698,0.11379923671483994,0.04608859494328499,-0.0466156043112278,-0.007924010045826435,-0.005920720286667347,-0.008449186570942402,9.919220610754564e-5,-0.004175442270934582,-0.0033315024338662624,6.617060280404985e-4,AM7365
-0.0344899483025074,-0.04116865620017052,0.007715410552918911,-0.18118372559547424,0.00427649449557066,0.03723287209868431,0.08716114610433578,-0.11654100567102432,0.18287082016468048,-0.06059737130999565,-0.29213398694992065,0.039137039333581924,0.2064093053340912,-0.0926910862326622,0.03916291147470474,0.053678568452596664,-0.1624600738286972,-0.05189668759703636,-0.010568424127995968,-0.09202021360397339,-0.11654050648212433,-0.11488726735115051,0.006525753065943718,-0.021747063845396042,-0.00405657896772027,0.0018883665325120091,0.004372294992208481,5.428489530459046e-4,6.781615084037185e-4,AM7372
-0.0015345303108915687,0.10240235179662704,-0.031544968485832214,0.21806472539901733,-0.24076417088508606,-0.01728890836238861,0.27120357751846313,-0.14760637283325195,0.0683659240603447,-0.12130621075630188,0.0940767228603363,-0.09975553303956985,0.05083760246634483,-0.014587984420359135,-0.026876175776124,-0.19170086085796356,-0.0656907856464386,0.05367615073919296,0.03776301071047783,-0.009784643538296223,-0.1015462577342987,-0.046263568103313446,0.00574889313429594,-0.0029934141784906387,-0.005322343669831753,-0.0027060077991336584,0.001000410644337535,-0.0024191427510231733,-0.0013132501626387239,AM7373
0.040844403207302094,0.1457512527704239,0.0197055172175169,0.1702440232038498,-0.057766858488321304,-0.01258180383592844,0.03454011678695679,-0.24682596325874329,-0.035735633224248886,-0.06281216442584991,-0.001112118479795754,0.21356560289859772,-0.14523406326770782,0.013586836867034435,0.0328960083425045,0.07181185483932495,0.15992558002471924,-0.037966277450323105,-0.09835513681173325,-0.06893588602542877,0.023306332528591156,0.0633903443813324,0.001329856924712658,0.006832914426922798,0.008389906957745552,7.515427423641086e-4,0.0024597663432359695,0.0034535611048340797,0.0012233284069225192,AM7380
-0.019991954788565636,0.10352223366498947,-0.09438790380954742,0.08726822584867477,0.05828043073415756,-0.22582419216632843,-0.02880944311618805,-0.12564784288406372,-0.08871807903051376,-0.056239426136016846,0.1113043874502182,0.1914171427488327,-0.2059362530708313,0.05811677500605583,0.10382094234228134,0.06357485800981522,0.11423113197088242,-0.01458796951919794,0.031045768409967422,-0.054266512393951416,-0.012177840806543827,0.06088554859161377,0.0016023135976865888,0.0038340038154274225,0.004707517568022013,8.207921055145562e-4,8.400949882343411e-4,0.003086966462433338,-9.682904346846044e-4,AM7382
-0.0796649307012558,0.049672145396471024,0.050237152725458145,-0.060610461980104446,-0.16036507487297058,0.05016560107469559,0.26191961765289307,-8.259763126261532e-4,0.2589232921600342,0.05001061409711838,0.02767089009284973,0.06647332012653351,0.01089922059327364,0.0059704710729420185,0.08214473724365234,-0.04201085865497589,0.14828944206237793,-0.11779776960611343,0.23277157545089722,0.10795002430677414,0.059241730719804764,0.08326155692338943,-0.015034600161015987,0.01716524176299572,0.002604014240205288,0.004225859418511391,-0.007196908351033926,-0.0022423164919018745,-0.004406309220939875,AM7383
-0.022082217037677765,0.06039255112409592,-0.24939443171024323,0.08995076268911362,-0.133416548371315,-0.07838065177202225,-0.056177861988544464,0.010917695239186287,0.14269375801086426,-0.06372691690921783,0.1122511476278305,-0.07971003651618958,0.08282320201396942,-0.009484865702688694,0.06515844166278839,0.010812325403094292,-0.02116837352514267,0.06767711043357849,0.01939757727086544,0.027273938059806824,-0.013022169470787048,-0.008059338666498661,-4.1333952685818076e-4,-0.0026448036078363657,-0.0029088915325701237,-0.0017480265814810991,-7.329286308959126e-4,-0.0010008933022618294,3.979317261837423e-4,AM7384
-0.003263546619564295,0.07947061955928802,-0.16372594237327576,0.14252501726150513,-0.2266853153705597,0.04156392067670822,0.14533816277980804,-0.11732307821512222,0.20206834375858307,-0.08457858860492706,0.14905206859111786,-0.11923524737358093,-6.890026852488518e-4,-0.08894692361354828,-0.00998881459236145,-0.08500508219003677,-0.0206861961632967,-0.022734591737389565,0.0033659760374575853,0.023874672129750252,-0.1155044287443161,-0.10254765301942825,-0.003827867563813925,-0.009245064109563828,-0.00672135828062892,-0.0013956285547465086,-1.8412244389764965e-4,-0.003185862908139825,8.423805120401084e-4,AM7385
-0.05171240493655205,-0.004206997342407703,-0.007809854578226805,-0.1401238590478897,0.03126216307282448,0.23383820056915283,0.21764865517616272,-0.23565442860126495,0.2853342592716217,-0.12918275594711304,-0.07159377634525299,-0.1022234782576561,-0.11750652641057968,0.050054922699928284,0.11625263094902039,0.29420894384384155,0.0690380111336708,0.21712569892406464,0.001228203414939344,0.14526346325874329,0.054181069135665894,0.07158032804727554,-0.00411030650138855,-0.001203359803184867,-0.0019337815465405583,-0.004247341305017471,-0.0036593792028725147,-7.158818771131337e-4,0.0018704591784626245,AM7386
0.005724429152905941,0.14318916201591492,-0.09745776653289795,0.11150410771369934,-0.12863761186599731,-0.04550331458449364,-0.08493952453136444,-0.10219188779592514,0.14674299955368042,0.15447930991649628,-0.18485508859157562,0.17339318990707397,-0.06016823276877403,-0.24049155414104462,-0.1658216118812561,-0.060107968747615814,0.0561969056725502,-0.12638500332832336,-0.00724727101624012,0.048450205475091934,0.08493714034557343,-2.780937938950956e-4,-0.006977860350161791,0.010204139165580273,0.0030078275594860315,0.004574190359562635,-0.0016108386917039752,-0.0022125537507236004,0.0010286591714248061,AM7387
-0.008062710985541344,0.03688449040055275,-0.20025108754634857,0.12208645045757294,-0.20761147141456604,-0.15030518174171448,0.01789851300418377,0.08192960172891617,0.1188368946313858,-0.12393295764923096,0.1864728033542633,-0.26465606689453125,0.2322791963815689,0.08409924060106277,-0.0635102167725563,-0.10837262868881226,-0.01714554987847805,0.15450957417488098,0.008285826072096825,-0.1063227504491806,-0.0766201913356781,0.040423039346933365,0.016683703288435936,0.0013427030062302947,0.0017303298227488995,-0.004627575632184744,0.0042960443533957005,0.0017462489195168018,-8.006604621186852e-4,AM7388
-0.02995445765554905,0.18379375338554382,0.102504663169384,0.045012954622507095,-0.08870349079370499,-0.0129874711856246,-0.10387282073497772,0.15813420712947845,-0.021028051152825356,0.14534859359264374,0.04856399819254875,0.13445259630680084,-0.18138425052165985,-0.022630108520388603,-0.0931631550192833,-0.0875093936920166,-0.13675735890865326,-0.26138564944267273,-0.13499200344085693,-0.023789184167981148,0.0344478040933609,-0.016694441437721252,2.0090749603696167e-4,0.003559786593541503,0.0017867389833554626,0.0061629097908735275,6.091095856390893e-4,-0.0010085671674460173,-2.49292264925316e-4,AM7409
-0.10143756121397018,-0.08362802118062973,0.02148299105465412,-0.006250112783163786,-0.1105077862739563,-0.2934938967227936,0.01562921702861786,-0.058542218059301376,-0.1356564611196518,-0.0079096220433712,-0.05904160439968109,0.09943900257349014,-0.008426197804510593,0.154875710606575,-0.13896819949150085,-0.005882049445062876,-0.051633093506097794,-0.16082064807415009,-0.12935924530029297,-0.07477877289056778,0.021656878292560577,-0.020336246117949486,-7.145063718780875e-4,4.488628746912582e-6,0.004650547634810209,0.002602917142212391,0.0021988472435623407,0.003073524683713913,-1.299105933867395e-4,AM7416
-0.023049073293805122,0.05768151208758354,-0.12142471969127655,0.23519162833690643,-0.21334956586360931,-0.4015924334526062,0.1435931921005249,-0.08745618909597397,0.12932978570461273,0.20108360052108765,-0.09388230741024017,-0.23337715864181519,0.08648008108139038,0.09551796317100525,-0.016657132655382156,-0.11786020547151566,0.08016649633646011,0.10718175023794174,-0.06101046875119209,-0.07475752383470535,-0.08230233937501907,0.043718382716178894,0.010677501559257507,0.004449619445949793,0.004232379607856274,-0.004156212788075209,0.0033794818446040154,0.0016862953780218959,-4.4064613757655025e-4,AM7419
-0.010047050192952156,0.07078947871923447,-0.13222984969615936,0.15050269663333893,-0.19155772030353546,0.04503349959850311,0.1647053360939026,-0.06044008210301399,0.06267166882753372,-0.19544203579425812,0.11330249905586243,-0.2912280261516571,0.14473570883274078,0.11296751350164413,0.0013069951673969626,-0.1355513036251068,-0.12435463070869446,0.15192390978336334,-0.02614993415772915,-0.10399116575717926,-0.18638785183429718,0.023368146270513535,0.0238298699259758,-0.005531766451895237,-0.0023733696434646845,-0.00526981009170413,0.005476747639477253,3.000546130351722e-4,-0.002314850455150008,AM7420
-0.007617523428052664,0.11557619273662567,-0.21965157985687256,0.03610129654407501,-0.05288388952612877,-0.0715528056025505,-0.2294190675020218,-0.006197180598974228,0.07489253580570221,0.017941515892744064,-0.20045460760593414,0.14321422576904297,0.09336186200380325,-0.04367704316973686,0.03312353417277336,-0.07956363260746002,1.2088300536561292e-5,-0.005997315514832735,0.05643152818083763,-0.06705387681722641,0.01689331606030464,0.032654281705617905,0.006636732257902622,0.004071817267686129,0.0035320611204952,0.001367500750347972,0.0020149927586317062,0.0014502030098810792,-0.0014455611817538738,AM7426
-0.030636001378297806,0.17728643119335175,-0.04966430738568306,0.007829741574823856,-0.10389990359544754,0.11225875467061996,-0.07019657641649246,0.00471762428060174,0.05353337526321411,0.2168884128332138,-0.22573156654834747,0.03024458885192871,-0.07213686406612396,0.07848003506660461,0.15808476507663727,-0.1724826693534851,-0.1360599249601364,-0.19373464584350586,0.16262659430503845,0.03695567324757576,-0.0042088390327990055,0.02019868791103363,-0.0032603878062218428,0.005436969455331564,-0.002218913519755006,0.005743878893554211,-0.0037213284522295,-0.002511592349037528,-0.005812442861497402,AM7427
-0.10634027421474457,-0.10326845198869705,0.05097105726599693,-0.036059048026800156,-0.15578076243400574,-0.01551648136228323,0.09941709041595459,-0.11786443740129471,-0.08699601888656616,-0.1067204475402832,-0.15807689726352692,0.1641371101140976,-0.07590605318546295,-0.0588156096637249,-0.19628340005874634,-0.14596205949783325,-0.17219528555870056,0.07699275761842728,-0.055367596447467804,0.1949326992034912,-0.11952584981918335,-0.025188857689499855,-0.0022766992915421724,0.004623499698936939,-0.011738475412130356,-0.003118915716186166,-0.003675307845696807,-0.006336820777505636,-0.0035582103300839663,AM7492
-0.01700872927904129,-0.13862556219100952,-0.039901167154312134,-0.07079964131116867,-0.19508178532123566,0.21721863746643066,0.043097421526908875,0.07706943154335022,-0.26663461327552795,-0.14003512263298035,-0.22853104770183563,0.03684215247631073,-0.1190752312541008,-0.11778416484594345,-0.21788574755191803,-0.12332316488027573,-0.2913615107536316,0.24978436529636383,0.08433827012777328,0.13720007240772247,-0.0929126963019371,0.08944433927536011,0.020272493362426758,0.007473414298146963,-0.010446702130138874,-0.003316338872537017,-0.0014045936986804008,-0.005383068695664406,-0.005761642474681139,AM7493
-0.015150421299040318,-0.19591355323791504,-0.061835385859012604,-0.11780473589897156,-0.1308305561542511,0.01560337096452713,-0.10215301066637039,0.14244532585144043,-0.3270445466041565,-0.07067301124334335,-0.009932567365467548,0.07922915369272232,-0.17462879419326782,0.11575999110937119,-0.14429070055484772,-0.3624754548072815,-0.0027576936408877373,0.1214255765080452,0.08799102902412415,0.08181120455265045,0.048504944890737534,0.10712453722953796,0.0028430174570530653,0.025793684646487236,-8.203933830372989e-4,-0.004169188439846039,-0.0034654755145311356,-0.002503208117559552,-0.005452082958072424,AM7495
-0.019968194887042046,-0.23460417985916138,-0.19011640548706055,-0.1268921196460724,-0.05502376705408096,0.10533647239208221,-0.047085121273994446,0.1264778971672058,-0.23608623445034027,0.15121547877788544,-0.08492845296859741,0.04417248070240021,-0.21175038814544678,-0.19902697205543518,0.06293217092752457,-0.1616269201040268,0.17272084951400757,-0.0663888081908226,0.06706781685352325,-0.2513030469417572,-0.10849416255950928,-0.013457933440804482,0.015172417275607586,-0.003196168225258589,0.007996746338903904,0.0018664367962628603,0.007640231400728226,0.0035930501762777567,3.9546549669466913e-4,AM7589
-0.023586159572005272,-0.04915658012032509,-0.04701517894864082,-0.23961623013019562,-0.10085105150938034,0.05884653702378273,0.17060813307762146,0.26039987802505493,-0.0022744815796613693,0.21744152903556824,-0.19667981564998627,0.16652460396289825,-0.004378861747682095,-0.011365929618477821,0.0757613331079483,-0.07059863209724426,0.13963870704174042,0.20055724680423737,-0.08585952967405319,-0.039278626441955566,0.1380789428949356,0.026114491745829582,0.0017988125327974558,0.0063017020002007484,0.004657898563891649,-0.005157667677849531,0.002019426552578807,0.002385685918852687,0.0034517154563218355,AM7591
-0.016612660139799118,-0.19434282183647156,-0.09678403288125992,-7.258860277943313e-4,-0.18902872502803802,-0.025211211293935776,-0.1680726408958435,0.17924803495407104,-0.1131984144449234,0.2805401682853699,-0.0778379887342453,-0.06622151285409927,-0.04984589293599129,0.013479763641953468,0.04656430706381798,-0.01086085569113493,0.17591281235218048,0.11591427773237228,0.23557539284229279,-0.06184757500886917,-0.03848617151379585,0.06306895613670349,0.007367855403572321,0.002381059108301997,0.004385931417346001,-0.0012107682414352894,3.1399261206388474e-4,0.0031244594138115644,-0.0027684313245117664,AM7628
-0.011336598545312881,-0.1604262888431549,-0.03478742763400078,-0.17741501331329346,-0.17359000444412231,0.013681461103260517,-0.059282708913087845,0.1289997696876526,-0.12743376195430756,0.0501520074903965,-0.2621012330055237,0.15191923081874847,-0.12822720408439636,0.019212471321225166,-0.08444837480783463,-0.08367879688739777,-0.03967292606830597,0.08628500252962112,-0.06040516868233681,-0.027936700731515884,-0.02485097013413906,-0.08527389168739319,5.802676896564662e-4,-0.00825510360300541,-0.0033745928667485714,-0.0037561350036412477,0.0021054993849247694,0.0010910140117630363,0.0010314359096810222,AM7629
0.0067008365876972675,-0.20013469457626343,-0.06715162843465805,-0.06287814676761627,-0.1623954325914383,0.1994754672050476,-0.10091772675514221,0.032997261732816696,0.182625412940979,0.15419021248817444,-0.03081389330327511,0.06369385123252869,-0.27836835384368896,-0.08692892640829086,-0.012861094437539577,0.06171204522252083,0.18908144533634186,-0.18105915188789368,-0.019368480890989304,0.066041499376297,-0.1607482135295868,0.08427402377128601,-0.004048941656947136,0.012087800540030003,0.004423307720571756,0.003669867292046547,-0.002138084964826703,-0.001688844058662653,-0.0034318699035793543,AM7633
-0.009357086382806301,-0.040407322347164154,-0.09451279044151306,-0.25513556599617004,-0.009706263430416584,-0.03389900177717209,0.23738349974155426,0.11077728867530823,0.15493884682655334,0.19253131747245789,-0.010605588555335999,0.16502635180950165,-0.11820957809686661,-0.08704609423875809,0.1151677593588829,0.12793457508087158,0.13127653300762177,0.10002939403057098,-0.022769344970583916,-0.03146890178322792,0.09029026329517365,0.06899149715900421,0.002455709967762232,0.004336689133197069,0.005433159414678812,-2.25582902203314e-4,0.001186900888569653,0.002343269530683756,0.0026858148630708456,AM7634
