V1
4.161682650543713
2.808002125598609
2.18890273090053
1.6471396522191428
1.0075050563767998
0.7979077081353293
0.544655883331063
0.45191090910795223
0.34222457100396303
0.2753202778577145
0.23488895385108202
0.19197104733532924
0.17619104748865722
0.1471261993827321
0.13705630664926519
0.12319687101452936
0.11219956957436698
0.10002493526275413
0.09901270197929846
0.08962436224729642
0.09083912461167681
0.07610542097690794
0.0728215907971848
0.07196843529175097
0.07061504444654108
0.0695110732693047
0.06894087339947627
0.06776590048602434
0.06686496201535583
0.06635146363504113
0.06617373698259407
0.0648507384593843
0.06351592368416781
0.06306483972918427
0.06278763980913701
