V1
0.42538705235542784
0.1852236835608982
0.12132782844597548
0.06753176193987398
0.03246581629834904
0.024830132526702593
0.016262475601850995
0.013878591548281662
0.011024899642308154
0.009121909075712151
0.008038643285142892
0.0065884370195847565
0.006163580926154778
0.005150841872942809
0.004732824284149133
0.004298659495937309
0.003824459994021947
0.0032708568530979212
0.003233667723075754
0.0026889485265927555
0.0028335279827318054
0.0021025951984497467
0.0020841116633040268
0.0020840540040161035
0.002083936574505089
0.0020838552033517204
0.0020838097495943413
0.002083717125480176
0.0020836491533649205
0.00208361059805436
0.0020835943019087955
