V1
0.41857211787230286
0.18298775266316447
0.11993491843358163
0.06692159489183676
0.03230117533871111
0.02474265726081236
0.016240924560030626
0.013869277991663535
0.011025522850545838
0.00912621656661194
0.008045015554564224
0.006595503874315073
0.006171227649239308
0.005158956164695205
0.0047410243653899144
0.004307473528354916
0.003833227017278416
0.003279703849788603
0.00324285027617371
0.0026987076708591294
0.0028430369930580375
0.002107152647608879
0.0020839373696942927
0.0020838832982108353
0.002083744024052592
