PEER1,PEER2,PEER3,PEER4,PEER5,PEER6,PEER7,PEER8,PEER9,PEER10,PEER11,PEER12,PEER13,PEER14,PEER15,PEER16,PEER17,PEER18,PEER19,PEER20,PEER21,Donor
-0.008164117112755775,0.07516444474458694,-0.17901645600795746,0.04541846364736557,0.06857562065124512,-0.054612983018159866,-0.1293707937002182,-0.03264589607715607,0.005988456774502993,-0.10906965285539627,0.0027535357512533665,0.03374875336885452,0.05858425796031952,-0.08094917237758636,-0.008592247031629086,-0.00864713080227375,-0.06587447226047516,0.013715849258005619,0.06614411622285843,0.036548007279634476,-0.00328233209438622,AM7180
0.008315177634358406,0.07135466486215591,-0.07233447581529617,-0.07000912725925446,0.12949047982692719,-0.0830223560333252,-0.1570580154657364,0.06019959598779678,0.0035762509796768427,-0.02321554534137249,0.14855851233005524,-0.035521071404218674,-0.06162891164422035,0.011605244129896164,-0.012949309311807156,-0.03641995042562485,-0.035220708698034286,-0.12181836366653442,0.07854412496089935,0.031590573489665985,-0.02605879306793213,AM7181
-0.001530004432424903,0.041958313435316086,-0.045315712690353394,-0.164607971906662,0.09582658857107162,0.0035325544886291027,-0.052753426134586334,0.07378264516592026,0.1348152607679367,-0.027194872498512268,0.1784028261899948,-0.07364092022180557,0.028509972617030144,-0.1459253579378128,-0.08275861293077469,-0.02151855081319809,-0.07313460856676102,-0.03798351809382439,0.0081164026632905,-0.006100233644247055,0.01801704242825508,AM7182
0.04907602444291115,0.06097281724214554,-0.10237863659858704,0.008119734935462475,0.1344836950302124,-0.0958431214094162,-0.19377081096172333,-0.047771912068128586,-0.04680265858769417,-0.16371960937976837,0.04084055870771408,0.11037839949131012,0.006747069768607616,-0.06455986201763153,-0.007371898740530014,0.02286115474998951,0.04782690852880478,0.0186467282474041,0.07823477685451508,0.033211685717105865,-0.014067376963794231,AM7188
-0.040805619210004807,-0.14744281768798828,-0.045031845569610596,-0.03377654775977135,0.04045984148979187,-0.1419382244348526,-0.15292008221149445,-0.03589433804154396,-0.10553944855928421,-0.09007799625396729,0.035605620592832565,-0.09465905278921127,0.12465477734804153,-0.060160595923662186,-0.05376961827278137,-0.03749086335301399,0.07731986045837402,0.013106973841786385,0.09488046914339066,0.043324682861566544,-0.009473826736211777,AM7189
-0.02301662042737007,0.061563387513160706,0.12654578685760498,-0.10018467158079147,0.032744649797677994,0.12381897121667862,0.12368153035640717,0.008703982457518578,0.06066472455859184,-0.14839427173137665,0.20679324865341187,0.023332415148615837,0.07931199669837952,0.00571415713056922,0.02450418286025524,-0.19530361890792847,0.02714010328054428,-0.06758251041173935,0.1404431313276291,-0.01915823668241501,-0.0057194666005671024,AM7196
0.00419620843604207,0.09133824706077576,-0.12337350100278854,0.006811127066612244,0.10738909244537354,0.049229204654693604,-0.16862402856349945,-0.008658500388264656,-0.08739735931158066,-0.14994138479232788,-0.05675271153450012,0.048247288912534714,0.04950876906514168,-0.04217783361673355,0.04026312381029129,0.02440984733402729,-0.04094584286212921,0.06876029819250107,0.06529739499092102,0.012253642082214355,-0.11262087523937225,AM7197
0.0914141982793808,-0.10036792606115341,0.24139146506786346,-0.005423812195658684,0.028805987909436226,-0.05995883792638779,-0.13856561481952667,-0.17855672538280487,0.027124078944325447,-0.09963753074407578,0.035246722400188446,-0.06766408681869507,0.004343592096120119,-0.05377371236681938,-0.14688602089881897,0.08408097922801971,0.0352538526058197,0.04410453140735626,-0.05594329163432121,0.10404366999864578,-0.06419599056243896,AM7203
-0.013573153875768185,0.1526252180337906,0.09497921913862228,-0.026165520772337914,0.07171645015478134,-0.007622154429554939,-0.008033521473407745,0.029190897941589355,-0.08474541455507278,0.12370855361223221,0.0010396362049505115,-0.1301664113998413,-0.14456914365291595,0.16211195290088654,0.004426221828907728,-0.09013615548610687,0.009769470430910587,0.03781204670667648,0.08568470925092697,0.05235733091831207,0.02440311200916767,AM7204
0.005920085124671459,0.14034594595432281,0.05525106564164162,-0.033550336956977844,0.09736283123493195,-0.021318620070815086,-0.013021761551499367,-0.035069789737463,-0.0855528935790062,0.08765000104904175,-0.01283595897257328,-0.14506953954696655,-0.19556188583374023,0.036221254616975784,-0.12918508052825928,-0.02832823619246483,0.027099667116999626,0.06509923934936523,0.012314395979046822,0.05684933066368103,-0.0012085672933608294,AM7205
0.28217241168022156,-0.014606215991079807,-0.04398340359330177,-0.036590151488780975,-0.03739858418703079,0.054525986313819885,0.07010563462972641,0.08566296845674515,-0.1425202488899231,-0.016977820545434952,0.024149801582098007,0.17274127900600433,0.011606333777308464,0.0445161834359169,0.08597637712955475,-0.00233345665037632,-0.08973023295402527,-0.0512690544128418,0.06448673456907272,0.04704982414841652,0.07613680511713028,AM7208
0.2720012366771698,0.0020913502667099237,0.02261371910572052,-0.030801372602581978,-0.0876791924238205,0.0016070250421762466,0.006835466716438532,0.15245725214481354,-0.17019985616207123,0.02156694419682026,-0.021236155182123184,0.20433755218982697,0.04941107705235481,0.07456546276807785,0.16211450099945068,0.0543375164270401,0.06300687789916992,-0.039952777326107025,0.18629390001296997,0.07399657368659973,0.10122224688529968,AM7209
0.3385876417160034,-0.037939298897981644,-0.027547040954232216,-0.0368337519466877,0.009435835294425488,0.08318782597780228,0.05858136713504791,0.03847607970237732,-0.00676762405782938,-0.051187194883823395,0.05993844196200371,0.08689834922552109,-0.06106838956475258,0.05720895901322365,0.038377732038497925,0.0575445219874382,-0.08568913489580154,0.03137322887778282,-0.07161994278430939,0.019094670191407204,0.039837200194597244,AM7211
0.326869934797287,-0.0470462441444397,0.02222238853573799,0.037256982177495956,-0.10831233859062195,-0.09933704882860184,0.15493550896644592,0.035844262689352036,-0.07817146927118301,0.05479580536484718,0.06418776512145996,-0.11301960796117783,0.04885697737336159,-0.009995383210480213,-0.11263345181941986,0.06345393508672714,0.03461117297410965,-0.0042416793294250965,-0.08003047853708267,-0.026859639212489128,-0.04585104063153267,AM7213
0.25862568616867065,-0.09576301276683807,-0.2261446714401245,-0.024399010464549065,0.0011569687630981207,-0.11100055277347565,0.19554045796394348,-0.0018202337669208646,0.11088423430919647,0.060822997242212296,0.12935447692871094,-0.10127890110015869,-0.034949153661727905,-0.07806867361068726,-0.09129668027162552,0.0048138159327209,-0.04644828662276268,-0.12282329797744751,-0.11793532222509384,0.014201818034052849,0.027433931827545166,AM7214
0.34296733140945435,-0.07460668683052063,-0.033976733684539795,-0.017278652638196945,0.03420756757259369,-0.1165759414434433,0.10344501584768295,0.020958269014954567,-0.04261172562837601,0.025011129677295685,0.049093324691057205,-0.057034511119127274,-0.03603534772992134,0.056183844804763794,0.06724658608436584,0.0949876457452774,-0.03140857070684433,0.021363385021686554,-0.07259783148765564,-0.013247017748653889,-0.041449833661317825,AM7215
0.2899550497531891,-0.03480755537748337,-0.03975704684853554,-0.017473280429840088,-0.1148780882358551,0.08953554183244705,0.11791599541902542,0.09063205868005753,-0.0199353639036417,-0.006705552339553833,0.03997495397925377,-0.04252636060118675,0.04086379334330559,0.05366954952478409,0.05144253745675087,0.028512287884950638,-0.10090074688196182,-0.005240308586508036,-0.023067401722073555,-0.009640509262681007,-0.036343999207019806,AM7216
-0.04832379147410393,-0.11395731568336487,0.006577884312719107,-0.02795121632516384,-0.0131784463301301,-0.20568346977233887,-0.11205979436635971,-0.09271425008773804,0.010097138583660126,-0.06177816167473793,-0.028104424476623535,-0.008391885086894035,0.015398305840790272,0.04970526322722435,-0.08454129099845886,-0.020056208595633507,-0.005494485609233379,-0.02108277752995491,0.05079296976327896,0.10491221398115158,0.026355279609560966,AM7221
-0.04238365218043327,-0.11486058682203293,-0.022714246064424515,-0.06121288985013962,-0.00898896437138319,-0.21457333862781525,-0.09739450365304947,-0.14253851771354675,0.12143591046333313,-0.0012692906893789768,-0.08320609480142593,-0.07186905294656754,-0.014819699339568615,0.0423070527613163,-0.02020568586885929,-0.10523921996355057,0.03520539402961731,-0.020063545554876328,0.002279763575643301,0.06392619013786316,0.04931767284870148,AM7223
0.023286055773496628,-0.12494730204343796,-0.008637383580207825,0.08095001429319382,0.07099258899688721,0.08638420701026917,-0.048745665699243546,-0.2375313937664032,0.11423246562480927,0.16439174115657806,0.05780715122818947,-0.11645776778459549,0.003769692499190569,-0.1187816858291626,0.14636752009391785,-0.07352818548679352,-0.03922666236758232,0.04820398986339569,0.18138626217842102,0.09575480967760086,0.11012892425060272,AM7224
0.022834578529000282,0.03953567519783974,0.09989310801029205,-0.11651550978422165,0.03973786160349846,-0.05488430708646774,0.09444227069616318,-0.05595698952674866,0.10009671002626419,0.0573253408074379,0.006162730511277914,-0.0160153117030859,0.09615767002105713,-0.16027744114398956,-0.02640996314585209,-0.02787434123456478,0.11490866541862488,0.08879992365837097,0.0676901713013649,0.02535119093954563,-0.0420483835041523,AM7226
0.0395708903670311,-0.11280747503042221,0.14602021872997284,0.1444384753704071,0.09679779410362244,-0.05685517564415932,-0.09604894369840622,-0.16093823313713074,0.08525129407644272,0.29667365550994873,-0.014965000562369823,-0.04021788388490677,0.08702374994754791,-0.061171986162662506,0.21169088780879974,-0.09217892587184906,-0.1483098268508911,-0.028399476781487465,-0.026235705241560936,0.04001353681087494,0.07177837938070297,AM7228
0.01866193674504757,0.08738835901021957,0.2162289321422577,-0.0749344527721405,0.032213032245635986,-0.10318518429994583,-0.0019557068590074778,0.06371378898620605,0.032965514808893204,-0.012014620937407017,0.17372934520244598,-0.03362409397959709,0.004882666282355785,-0.04092031344771385,0.030691420659422874,-0.020493311807513237,0.06953369826078415,0.017857473343610764,0.029155876487493515,-0.014433701522648335,-0.06550443917512894,AM7229
0.11104129254817963,0.05260699242353439,0.18806864321231842,-0.10887452214956284,0.11651874333620071,-0.13938672840595245,-0.01365809328854084,-0.02031525783240795,0.07159263640642166,0.08549325168132782,-0.05935652181506157,-0.09606031328439713,0.09415099024772644,-0.07826840132474899,-0.054130010306835175,-0.06810344010591507,0.01412581279873848,-0.023221313953399658,0.05022503435611725,0.017698245123028755,-0.026378527283668518,AM7230
-0.010281406342983246,-0.060119643807411194,0.16929365694522858,0.16624096035957336,0.025689747184515,-0.03571203723549843,-0.10892148315906525,-0.03406614810228348,-0.10115339607000351,0.34374958276748657,-0.17785906791687012,-0.06965223699808121,0.20124250650405884,-0.07709191739559174,0.09417692571878433,-0.12254469841718674,0.08023273199796677,0.09463139623403549,-0.0835559219121933,-0.02690977416932583,-0.06838084012269974,AM7236
0.0036674633156508207,0.026901865378022194,0.12337326258420944,-0.04657471925020218,-0.0021054083481431007,-0.06410843133926392,0.12719249725341797,-0.07741954922676086,0.010221770033240318,0.124338299036026,-0.0711606815457344,-0.03179854154586792,0.27487537264823914,-0.060132239013910294,-0.05119280889630318,0.03468979522585869,0.02542809583246708,-0.17046232521533966,0.041061051189899445,0.024366967380046844,0.05970458313822746,AM7237
0.06105886772274971,0.08528374880552292,-0.05583590269088745,-0.04525281488895416,0.15980860590934753,-0.1476859599351883,-0.18331187963485718,-0.09923791140317917,0.010975895449519157,0.06629347056150436,-0.08283447474241257,0.030185185372829437,-0.11208079010248184,-0.0014265562640503049,0.07324875146150589,0.009253219701349735,0.10054478794336319,0.0023524798452854156,-0.01112410519272089,-0.014265184290707111,-0.024197325110435486,AM7241
0.09337349981069565,0.08465085923671722,-0.08886431902647018,-0.03499463573098183,0.14494207501411438,0.10534689575433731,-0.124126136302948,-0.159737229347229,0.038256410509347916,-0.11422936618328094,-0.09490567445755005,0.04916590824723244,-0.01248040422797203,-0.0781753733754158,0.0660998597741127,-0.025331005454063416,0.039853714406490326,-0.03559701144695282,-0.05499619245529175,-0.03412937745451927,-0.013354894705116749,AM7242
0.01844899356365204,-0.1392880529165268,0.04246797040104866,-0.006872682832181454,0.02184109203517437,0.20802132785320282,-0.017367077991366386,-0.2212628424167633,-0.043241120874881744,-0.10285702347755432,0.06753409653902054,-0.050167251378297806,-0.05018584802746773,-0.21858155727386475,-0.03733428567647934,-0.0460091307759285,0.14795935153961182,-0.06206163763999939,-0.05062687769532204,0.040443576872348785,-0.08164843916893005,AM7243
0.06698455661535263,0.12533660233020782,0.06752648204565048,-0.09046439081430435,0.10876376181840897,0.09268445521593094,-0.07521248608827591,-0.03866325691342354,0.061850979924201965,0.06984549760818481,-0.09219503402709961,-0.07094654440879822,-0.063927061855793,0.030597440898418427,-0.06856229901313782,-0.18229077756404877,0.02599460817873478,0.04595214128494263,-0.04255110025405884,0.017732033506035805,-0.021839739754796028,AM7255
0.09455712884664536,0.07959771901369095,-0.06963318586349487,0.021257389336824417,0.1133653074502945,0.12281189113855362,-0.060827240347862244,-0.22137345373630524,0.04597661271691322,-0.13724268972873688,-0.14646190404891968,0.10116593539714813,-0.016799988225102425,-0.010633155703544617,0.07867889851331711,-0.0022508178371936083,0.039087653160095215,0.02920876070857048,-0.019989049062132835,0.005797267891466618,-0.022257201373577118,AM7256
-0.05804458260536194,-0.14811193943023682,-0.07396400719881058,-0.086028553545475,0.03574206307530403,-0.04607561603188515,-0.08276444673538208,-0.03065977431833744,0.04840764403343201,-0.2506735622882843,0.17211183905601501,-0.07839721441268921,-0.04156772047281265,0.0552029050886631,-0.13054823875427246,-0.08360664546489716,-0.04205095395445824,-0.08582701534032822,-0.07632475346326828,-0.0440564788877964,0.1985287368297577,AM7260
0.036673713475465775,-0.08918550610542297,0.012953488156199455,0.08346051722764969,0.23331941664218903,0.2624862492084503,-0.060241278260946274,0.1930660456418991,0.32970544695854187,-0.07868560403585434,-0.06823679804801941,0.023776059970259666,0.07631722092628479,0.39028400182724,-0.2064083218574524,-0.05497588589787483,0.14089719951152802,0.06633585691452026,0.07808047533035278,-0.0708945170044899,0.045318711549043655,AM7261
0.005430358462035656,-0.07563868910074234,0.10678534209728241,-0.058119721710681915,-0.06467470526695251,-0.028776902705430984,-0.07543405145406723,-0.046801190823316574,0.04657253623008728,-0.13201363384723663,-0.0725560113787651,-0.07465970516204834,0.010251306928694248,0.2780578136444092,-0.05699477717280388,0.03486740216612816,0.18332195281982422,0.048663776367902756,-0.0034720543771982193,-0.05038238316774368,-0.04460398107767105,AM7266
-0.017017725855112076,-0.07917176932096481,0.09279768168926239,-0.0313752256333828,-0.12223759293556213,-0.028126666322350502,-0.11169513314962387,-0.033512119203805923,0.13281890749931335,-0.06044083833694458,-0.11110590398311615,-0.004027802497148514,0.04435429722070694,0.1756308674812317,-0.08071896433830261,-0.15978415310382843,-0.09412039071321487,-0.15374362468719482,0.006812466308474541,-0.005494092591106892,0.17973005771636963,AM7269
-0.009718655608594418,-0.13579456508159637,-0.007982440292835236,0.07870736718177795,0.04624265804886818,-0.03285636380314827,-0.11106130480766296,-0.09419545531272888,-0.1342521458864212,0.06171150878071785,0.15363077819347382,-0.1033213809132576,0.05539514496922493,-0.005152519792318344,0.007825898006558418,-0.00301738316193223,0.161643385887146,0.07185256481170654,0.05338654667139053,-0.10260049253702164,0.13294993340969086,AM7270
0.05165240168571472,0.09408529847860336,0.13880640268325806,-0.05836690962314606,0.21378257870674133,-0.09082801640033722,0.02465694770216942,-0.06652157753705978,-0.18954864144325256,0.045306820422410965,-0.033813606947660446,-0.10892868041992188,-0.15989919006824493,0.07338403910398483,-0.07911790162324905,-0.0366690531373024,-0.001591186854057014,0.09606426954269409,-0.04477782920002937,-0.09116868674755096,-0.040441084653139114,AM7272
0.0054761734791100025,0.1217656135559082,0.13793225586414337,-0.048850156366825104,0.10014225542545319,0.08362339437007904,0.22442953288555145,-0.12431471794843674,-0.18714700639247894,-0.03324950113892555,0.08035886287689209,-0.08863842487335205,-0.08723436295986176,0.16633528470993042,0.029110508039593697,-0.17424853146076202,0.07594291120767593,0.029763182625174522,0.03452529385685921,-0.09191534668207169,0.07827799767255783,AM7273
0.01517266035079956,-0.043186090886592865,0.07793539017438889,0.17554408311843872,0.10492875427007675,0.06843974441289902,-0.03479762375354767,0.2985340356826782,0.20727193355560303,-0.23548977077007294,-0.12825539708137512,-0.18898509442806244,-0.08581303060054779,-0.1555948555469513,0.07415308803319931,-0.17936266958713531,0.045126430690288544,0.004702698905020952,-0.20074279606342316,-0.07897070050239563,0.2532010078430176,AM7277
-0.02226828783750534,-0.09814339876174927,0.18649743497371674,0.12703338265419006,-0.05989991873502731,-0.0439276285469532,-0.12555164098739624,-0.06266998499631882,0.0571022666990757,0.06589927524328232,-0.009129522368311882,0.022666821256279945,-0.1511213332414627,0.018363792449235916,0.13797082006931305,0.12147807329893112,-0.1660340279340744,-0.01538740936666727,-0.10074328631162643,0.13168607652187347,0.028145812451839447,AM7278
-0.07110130041837692,-0.08453265577554703,0.04239353537559509,0.24579446017742157,0.08753877878189087,0.023881105706095695,0.11397135257720947,0.1611073762178421,0.18627464771270752,0.09651317447423935,0.1522873342037201,0.24414889514446259,-0.1678696572780609,0.09342723339796066,-0.12369060516357422,-0.007108550518751144,0.008388912305235863,0.018180444836616516,-0.00523409154266119,0.03368567302823067,-0.06311564147472382,AM7280
-0.09475124627351761,-0.05652806535363197,-0.029510188847780228,0.19303156435489655,0.1799621880054474,-0.0923139825463295,0.12100473791360855,0.3952009975910187,-0.23191647231578827,-0.2787116467952728,-0.17589816451072693,-0.17085324227809906,0.14284218847751617,0.04720328375697136,0.33382925391197205,-0.045753415673971176,0.1950393170118332,-0.13278672099113464,-0.1016659140586853,0.31325095891952515,-0.09889644384384155,AM7283
-0.07755181193351746,0.11862874776124954,0.19527874886989594,-0.07288575172424316,0.0027510812506079674,-0.037092503160238266,0.05821098014712334,0.14948399364948273,-0.17246831953525543,-0.09378897398710251,0.16943329572677612,0.09420812875032425,0.03856026753783226,-0.016389749944210052,0.1481325477361679,-0.07346732169389725,0.02380678802728653,0.06814764440059662,-0.045844245702028275,-0.023662233725190163,-0.11270633339881897,AM7284
0.018376944586634636,0.15655742585659027,0.11226869374513626,0.12957356870174408,-0.10139453411102295,0.1072547659277916,-0.09538710862398148,0.01610860787332058,-0.14813289046287537,-0.21037313342094421,0.16456882655620575,0.24829921126365662,0.03016168251633644,-0.0341697596013546,-0.0233842171728611,-0.010299104265868664,0.08252914249897003,-0.08722250163555145,-0.21032780408859253,-0.11928663402795792,0.07440513372421265,AM7285
-0.004696044605225325,-0.1074238196015358,-0.03216481953859329,0.17041005194187164,0.2815600633621216,-0.08222803473472595,0.033525705337524414,0.09972654283046722,0.022722164168953896,0.04274655133485794,0.0907849669456482,0.07465218007564545,0.10591007024049759,0.09689119458198547,-0.22279854118824005,0.1285986453294754,-0.06820442527532578,-0.02844615839421749,0.14276346564292908,-0.025802047923207283,-0.0259575005620718,AM7294
-0.013095393776893616,0.01353903766721487,0.13461649417877197,0.23288695514202118,0.018952708691358566,0.05360151082277298,0.2020614892244339,0.19929742813110352,-0.0046760644763708115,-0.18329556286334991,-0.411592960357666,-0.3330836296081543,-0.291496217250824,-0.29712238907814026,-0.04515315592288971,0.2811492383480072,-0.006795741617679596,-0.03914063796401024,0.20776787400245667,-0.15255239605903625,0.04754013568162918,AM7295
-0.11936359852552414,-0.13786020874977112,0.036556366831064224,0.06520672887563705,-0.08356039971113205,0.017923830077052116,-0.028694547712802887,-0.06319432705640793,-0.1268477886915207,-0.1775946319103241,0.37305182218551636,0.05325956270098686,-0.1476665884256363,-0.2328847199678421,-0.026471076533198357,0.012089578434824944,0.028403861448168755,-0.0985422283411026,0.032274845987558365,0.034352779388427734,-0.0016656662337481976,AM7302
-0.07636024057865143,0.006331814918667078,0.15739528834819794,-0.05669333040714264,-0.11908002197742462,-0.10097478330135345,0.04078827425837517,0.11661267280578613,0.12182237952947617,-0.06273431330919266,0.020930394530296326,0.16069674491882324,0.05140881612896919,-0.16896189749240875,-0.10262948274612427,0.005707620643079281,-0.048082802444696426,0.2596266567707062,0.019617490470409393,0.009464294649660587,0.07032392174005508,AM7303
-0.05288255959749222,0.0746610164642334,0.1839745193719864,-0.09769850224256516,-0.031571198254823685,0.023876197636127472,0.004761924967169762,0.1727941781282425,0.08909108489751816,-0.1299811750650406,0.19136764109134674,0.12081877887248993,0.03328569233417511,-0.1679871827363968,0.12253425270318985,-0.1450582891702652,-0.2032437026500702,0.08327954262495041,0.12984108924865723,-0.05486054718494415,-0.04117749631404877,AM7304
0.028534602373838425,-0.07063272595405579,0.04531458765268326,-0.1749725043773651,0.1845935434103012,-0.0024298729840666056,-0.0331469364464283,-0.12153024971485138,-0.06935657560825348,-0.12993180751800537,-0.2135697901248932,-0.01750229485332966,0.20952272415161133,-0.12464985251426697,-0.14050213992595673,-0.04031345993280411,-0.16750949621200562,0.007284315302968025,-0.12267723679542542,-0.07887063175439835,-0.07576590776443481,AM7312
-0.0823114737868309,-0.07182907313108444,-0.035249266773462296,0.22794285416603088,0.2157570868730545,-0.2339893877506256,0.1149960458278656,0.21491505205631256,-0.08528126776218414,0.04121236503124237,-0.07386095821857452,0.17420923709869385,0.005635969340801239,-0.04988452047109604,-0.0867571234703064,0.0065208482556045055,-0.188700333237648,-0.023822695016860962,-0.012972106225788593,-0.04378786310553551,0.009765546768903732,AM7313
-0.06546059250831604,-0.06825670599937439,0.013618448749184608,0.22051602602005005,0.11320022493600845,0.24349971115589142,0.2079164832830429,-0.05452500656247139,0.1381465196609497,0.17345856130123138,0.05102871358394623,0.2729257047176361,-0.027238894253969193,0.006416497752070427,-0.18576039373874664,-0.038348808884620667,0.20527727901935577,-0.004142116289585829,-0.0759289339184761,0.14053504168987274,-0.03904873877763748,AM7318
0.0038856291212141514,0.13967891037464142,-0.08497881889343262,0.13519245386123657,-0.03732145577669144,0.10482243448495865,0.1298629492521286,-0.2506522238254547,-0.08752460777759552,-0.06177793815732002,-0.16527575254440308,0.0836520791053772,0.09190936386585236,-0.014874215237796307,0.020513607189059258,-0.0016205054707825184,-0.024198701605200768,0.05250426381826401,0.06838693469762802,0.06903001666069031,0.07208412885665894,AM7319
-0.029410148039460182,-0.12983010709285736,-0.08703205734491348,0.08578961342573166,0.371375173330307,0.08500257134437561,0.03372545540332794,0.004070733208209276,-0.026053553447127342,0.050964560359716415,-0.0068284617736935616,0.13946568965911865,0.17529968917369843,0.031011810526251793,-0.01752174273133278,0.03777118772268295,-0.2007335126399994,0.021030984818935394,0.0658884346485138,-0.05298233777284622,-0.13318972289562225,AM7320
-0.11784005910158157,-0.1315770000219345,-0.09830215573310852,0.1363936960697174,0.11145681887865067,0.09740347415208817,0.07389513403177261,-0.16770713031291962,-0.1367494910955429,0.10136275738477707,0.19416385889053345,0.014014407992362976,-0.2011953592300415,0.010151583701372147,0.16923744976520538,0.035917166620492935,-0.07943852245807648,0.1086716502904892,0.057550881057977676,-0.12783396244049072,-0.0030251741409301758,AM7321
-0.05016506090760231,0.1313101053237915,0.016704268753528595,-0.10121826082468033,0.019668741151690483,0.21925660967826843,-0.03529299795627594,0.14423198997974396,-0.0054091778583824635,0.04957946389913559,0.1060139536857605,-0.12472420930862427,0.05576929822564125,0.08108184486627579,-0.012552863918244839,0.05011788383126259,-0.15910449624061584,-0.08735662698745728,-0.05414579436182976,-0.006343106273561716,-0.03992554545402527,AM7323
-0.04472208023071289,0.043435968458652496,0.09951972961425781,-0.042407210916280746,-0.11348558217287064,0.0971379354596138,0.15406908094882965,-0.010983031243085861,-0.003792524104937911,0.12853537499904633,-0.13955052196979523,0.0010870506521314383,0.25816410779953003,-0.0349181592464447,-0.08366075158119202,-0.02293805219233036,-0.010354566387832165,-0.19567109644412994,0.009633378125727177,-0.07998418062925339,-0.03515933081507683,AM7325
-0.09197676926851273,0.05071192979812622,0.01546635664999485,-0.14066661894321442,0.1440505087375641,-0.09919629245996475,0.1837666928768158,-0.05139482021331787,-0.11900900304317474,0.017285041511058807,0.05360168591141701,0.06086307391524315,0.07586263865232468,0.01587400957942009,0.037020567804574966,0.15376777946949005,0.10724956542253494,0.12931717932224274,0.0327179990708828,0.005576372146606445,0.09730519354343414,AM7327
-0.08621418476104736,0.14816565811634064,-0.03214941546320915,-0.04018443077802658,-0.08301335573196411,0.028165346011519432,-0.07255397737026215,0.16687190532684326,-0.11289061605930328,0.2000313550233841,0.009430947713553905,-0.1420404464006424,0.03304557502269745,0.05544951930642128,-0.18546952307224274,0.08766946941614151,0.007156750652939081,0.07255001366138458,0.013384470716118813,0.10665950924158096,0.03330362215638161,AM7328
-0.041865985840559006,0.13645778596401215,-0.08078072965145111,0.05016641318798065,-0.14084838330745697,0.04543212801218033,-0.23130996525287628,0.15393531322479248,-0.0669417530298233,-0.015828993171453476,-0.015972774475812912,0.07029487192630768,0.16948923468589783,0.010876531712710857,-0.006898266728967428,0.15834733843803406,0.06968292593955994,0.06453096866607666,0.05473079904913902,-0.020874910056591034,-0.012346240691840649,AM7329
-0.10644208639860153,-0.07030277699232101,0.09720557928085327,0.08614832907915115,-0.08960425108671188,0.11462099850177765,0.016605950891971588,-0.1286226212978363,-0.2885771095752716,0.07602426409721375,0.0735197514295578,-0.15020547807216644,0.11469970643520355,0.16875508427619934,0.053925756365060806,0.19191999733448029,-0.13367310166358948,0.014458037912845612,0.05644325539469719,0.004702005069702864,0.1616310179233551,AM7332
-0.08913299441337585,0.1380927413702011,-0.11667338013648987,-0.02531527169048786,0.03771406412124634,0.04750094935297966,0.0652296394109726,-0.02687169425189495,-0.1399247646331787,0.11287086457014084,0.05607861280441284,-0.10592794418334961,-0.08879943937063217,-0.05544700473546982,-0.22624754905700684,0.061604347079992294,-0.07113900035619736,-0.011730102822184563,-0.06758585572242737,0.11394724249839783,0.058299873024225235,AM7333
-0.005385292693972588,0.16346047818660736,-0.06044980511069298,0.10099799931049347,-0.11250467598438263,0.1116328164935112,-0.07751961052417755,-0.04316481947898865,-0.1736413538455963,-0.07464731484651566,-0.05141305550932884,0.06282311677932739,0.18613941967487335,0.02440146543085575,-0.1060527041554451,0.1347644329071045,0.07690628618001938,0.08418558537960052,-0.03694630786776543,0.016885187476873398,0.13338440656661987,AM7334
-0.10922366380691528,-0.06896483898162842,-0.08909087628126144,-0.13625845313072205,0.052317630499601364,-0.1477201133966446,0.03171238675713539,-0.01819711923599243,0.05587988346815109,-0.08495896309614182,-0.01808999665081501,0.01680106669664383,0.029597831889986992,-0.01427785400301218,0.05297601968050003,0.1767006367444992,0.006795131601393223,-0.029963050037622452,-0.0658268928527832,-0.033420629799366,0.10332649201154709,AM7336
-0.10381022840738297,-0.018753716722130775,-0.1213737204670906,-0.17335917055606842,0.06537380814552307,-0.12893401086330414,0.13247540593147278,-0.03768538311123848,0.09431569278240204,0.03156006336212158,0.06134898588061333,0.014509845525026321,0.029654761776328087,-0.03805406391620636,0.11420823633670807,0.1140286773443222,0.034274280071258545,-0.01088174618780613,-0.06864900887012482,-0.020709775388240814,0.08826741576194763,AM7337
-0.05269668623805046,0.14616058766841888,0.011757156811654568,-0.01604013890028,0.017375236377120018,-0.08058526366949081,-0.026230376213788986,0.04438014701008797,-0.16252124309539795,0.19852378964424133,-0.009790869429707527,-0.005947111174464226,-0.13477067649364471,-0.06722963601350784,-0.06044827401638031,0.08840606361627579,0.004729292821139097,-0.1751522719860077,-0.16526705026626587,-0.06165638566017151,-0.07004963606595993,AM7343
-0.11262206733226776,0.006561088841408491,-0.07293680310249329,-0.15486107766628265,0.012224345467984676,-0.0798923522233963,0.14032267034053802,0.08682731539011002,0.04876277223229408,0.01655365340411663,0.04677199572324753,0.06847281754016876,0.1487555056810379,-0.11710701137781143,-0.053357940167188644,0.11070417612791061,0.07938028872013092,-0.050859417766332626,-0.04948432743549347,0.021287452429533005,0.005617550574243069,AM7344
-0.0060595362447202206,-0.13183686137199402,0.07355344295501709,-0.05811670050024986,-0.13392861187458038,0.23980258405208588,-0.28089410066604614,0.043381255120038986,-0.056617580354213715,-0.03743625059723854,0.10684067755937576,-0.18447162210941315,0.1758018136024475,0.03015568107366562,-0.02427135780453682,0.23495128750801086,0.10520032048225403,-0.11612463742494583,-0.028334690257906914,-0.009229155257344246,-0.06702418625354767,AM7345
-0.050410766154527664,-0.07001619786024094,0.03524092957377434,0.11221888661384583,-0.020432839170098305,0.3007425367832184,-0.12925158441066742,0.08299379050731659,0.06822716444730759,0.2163979411125183,0.12058425694704056,-0.03309357166290283,0.1947726160287857,-0.1020883098244667,0.12508715689182281,0.02771836519241333,-0.05998709052801132,0.04759708419442177,-0.18478603661060333,-0.0905308648943901,0.0331953801214695,AM7346
-0.02135242335498333,0.13388821482658386,-0.0906207263469696,-0.08612481504678726,0.08816873282194138,0.20931893587112427,-0.04506070539355278,-0.04979349300265312,0.03273506462574005,0.02225274220108986,-0.058538321405649185,-0.11304636299610138,-0.14427974820137024,0.013137130998075008,0.0036585102789103985,0.07411270588636398,-0.0357428677380085,0.005008321721106768,-0.013050057925283909,0.05547459051012993,-0.0735853984951973,AM7353
-0.11177521198987961,0.044325511902570724,-0.15313750505447388,-0.16100583970546722,0.08500763773918152,-0.009877520613372326,0.04118672385811806,0.06363113969564438,0.08815505355596542,0.07438328862190247,0.03989137336611748,-0.0789698138833046,-0.03684132173657417,0.11573658883571625,0.1519944965839386,0.03456022962927818,0.03485233709216118,-0.004515205509960651,-0.05192507803440094,0.016284877434372902,-0.06562099605798721,AM7354
0.05382407084107399,0.13561972975730896,0.06865237653255463,0.08183259516954422,-0.10264742374420166,-0.1171117052435875,-0.25516441464424133,0.02413228340446949,0.1805955320596695,-0.013046959415078163,-0.06547557562589645,0.14138449728488922,-0.13043954968452454,0.04190859571099281,0.10000744462013245,0.05054325610399246,-0.012452449649572372,0.07998093962669373,0.04535583034157753,-0.05397504195570946,0.03211899846792221,AM7356
0.013940702192485332,-0.05711819976568222,0.27136722207069397,0.022351816296577454,-0.18320979177951813,-0.16251984238624573,-0.13704460859298706,0.0462193638086319,0.25601211190223694,-0.09088744968175888,0.05161723867058754,0.08897389471530914,-0.12742505967617035,0.11888865381479263,0.1003744825720787,0.2682444751262665,-0.05620048940181732,0.04896781966090202,0.01981388032436371,0.005184943787753582,-0.17777946591377258,AM7359
-0.10071432590484619,-0.033319320529699326,0.08072681725025177,-0.03613900765776634,-0.0907878503203392,0.018683286383748055,0.21072877943515778,-0.19378669559955597,-0.06225055456161499,-0.12297934293746948,-0.10542665421962738,0.04567401483654976,-0.024558663368225098,0.20237793028354645,0.07654570043087006,0.06491121649742126,-0.043677520006895065,-0.15731294453144073,0.05651215463876724,-0.023095155134797096,-0.003203385742381215,AM7361
-0.16352982819080353,-0.10297807306051254,-0.0818275436758995,-0.07536274939775467,-0.026430537924170494,0.005093377083539963,0.05477792024612427,-0.10691902041435242,0.007817104458808899,-0.04900629073381424,-0.14709709584712982,0.031866155564785004,-0.09854035824537277,0.2510668933391571,0.22372950613498688,-0.014987015165388584,-0.11003205180168152,-0.049537256360054016,-0.18898023664951324,-0.12985000014305115,-0.05795403942465782,AM7362
-0.04921017214655876,0.10643689334392548,-0.09381665289402008,-0.09278006851673126,0.03468376770615578,0.04953892529010773,-0.15591101348400116,0.17077451944351196,0.15109345316886902,0.06661968678236008,0.09781868010759354,-0.14582687616348267,-0.0759543627500534,0.039663851261138916,0.03675631433725357,0.030575070530176163,-0.12452220916748047,-0.004445455968379974,0.005983088631182909,0.07795984297990799,0.030638718977570534,AM7365
-0.03151104971766472,-0.03658066317439079,0.006802350282669067,-0.15549275279045105,0.0036490638740360737,0.030642785131931305,0.06880774348974228,-0.091054268181324,0.13989943265914917,-0.045831795781850815,-0.21628649532794952,0.028268789872527122,0.14885689318180084,-0.06595677882432938,0.027142846956849098,0.037016868591308594,-0.11293443292379379,-0.03576052188873291,-0.011086449027061462,-0.0620516762137413,-0.08254716545343399,AM7372
-0.0014560252893716097,0.09069864451885223,-0.02764172852039337,0.1870587170124054,-0.2002543956041336,-0.014491762034595013,0.21501563489437103,-0.11539099365472794,0.05271509662270546,-0.09002521634101868,0.06995038688182831,-0.07265458256006241,0.03658958151936531,-0.010047649033367634,-0.019869200885295868,-0.13460920751094818,-0.04541096091270447,0.03703941032290459,0.024525802582502365,-0.005930185317993164,-0.06998241692781448,AM7373
0.03724871948361397,0.12932579219341278,0.017306620255112648,0.14615420997142792,-0.048361510038375854,-0.010569603182375431,0.027331143617630005,-0.1930568814277649,-0.026868263259530067,-0.04683655500411987,-8.29489785246551e-4,0.15479744970798492,-0.10484574735164642,0.009993534535169601,0.022947771474719048,0.05042557418346405,0.11149196326732635,-0.025914089754223824,-0.06576351076364517,-0.047307088971138,0.017329134047031403,AM7380
-0.018181120976805687,0.091929592192173,-0.082832932472229,0.07491539418697357,0.04823671281337738,-0.18541941046714783,-0.02283352054655552,-0.09843330085277557,-0.06782577931880951,-0.04178847000002861,0.0824236199259758,0.13865460455417633,-0.14830034971237183,0.04156353697180748,0.0733073502779007,0.044759493321180344,0.07940812408924103,-0.009985556825995445,0.023563416674733162,-0.03757282346487045,-0.007030731998383999,AM7382
-0.07268888503313065,0.04396484047174454,0.044135525822639465,-0.05208175629377365,-0.1331295371055603,0.041172850877046585,0.20730425417423248,-5.335573223419487e-4,0.19785168766975403,0.03779785707592964,0.02036469057202339,0.0486011803150177,0.007363461423665285,0.004271101672202349,0.05834215134382248,-0.028674792498350143,0.10322350263595581,-0.08173731714487076,0.16237561404705048,0.0741904154419899,0.042331673204898834,AM7383
-0.020149817690253258,0.05352707952260971,-0.21909977495670319,0.07714284211397171,-0.11091422289609909,-0.06458043307065964,-0.04396137595176697,0.008406801149249077,0.10909278690814972,-0.0471947006881237,0.08372054249048233,-0.05807686597108841,0.060140009969472885,-0.0068255262449383736,0.045267969369888306,0.00749763660132885,-0.014897337183356285,0.04645473510026932,0.013204548507928848,0.01876172609627247,-0.008956474252045155,AM7384
-0.003031930886209011,0.07036462426185608,-0.14380121231079102,0.1222294270992279,-0.18848080933094025,0.033676885068416595,0.11545349657535553,-0.09173044562339783,0.1547008603811264,-0.06267236173152924,0.11094562709331512,-0.0868239551782608,-4.246105963829905e-4,-0.0629516988992691,-0.008386323228478432,-0.06020759418606758,-0.01400195062160492,-0.015648113563656807,-8.819673676043749e-4,0.0175628699362278,-0.08064177632331848,AM7385
-0.04716792702674866,-0.003808575915172696,-0.006922067143023014,-0.12020238488912582,0.026044325903058052,0.19158121943473816,0.1721125841140747,-0.18404828011989594,0.21803781390190125,-0.09708763659000397,-0.05282722786068916,-0.07414999604225159,-0.08527015894651413,0.035546887665987015,0.08279379457235336,0.2073410451412201,0.04824640974402428,0.14927758276462555,0.002291560173034668,0.09915278106927872,0.037705857306718826,AM7386
0.005140938796103001,0.12705212831497192,-0.08566077798604965,0.09566215425729752,-0.10695686936378479,-0.03744308650493622,-0.06707016378641129,-0.0800638273358345,0.11233337223529816,0.11610417068004608,-0.13706648349761963,0.12533441185951233,-0.043618880212306976,-0.17073719203472137,-0.11739763617515564,-0.04271245375275612,0.03914022445678711,-0.0871133953332901,-0.004946093540638685,0.03363802656531334,0.058373186737298965,AM7387
-0.007394048385322094,0.03257390111684799,-0.17588365077972412,0.10463865846395493,-0.17251621186733246,-0.1234750971198082,0.01482031773775816,0.06404048949480057,0.0910080224275589,-0.09186407923698425,0.13868345320224762,-0.19216682016849518,0.16800770163536072,0.059715256094932556,-0.045553576201200485,-0.07563848048448563,-0.01233902107924223,0.10643152892589569,0.007554916664958,-0.07312008738517761,-0.0511099211871624,AM7388
-0.0273054800927639,0.16320565342903137,0.09000228345394135,0.03865119814872742,-0.07385335117578506,-0.010617180727422237,-0.08214610069990158,0.1233355849981308,-0.016024162992835045,0.10903432965278625,0.03572828695178032,0.09751274436712265,-0.13109193742275238,-0.01592572219669819,-0.06601390987634659,-0.06152113899588585,-0.09487741440534592,-0.1797400861978531,-0.093594990670681,-0.01648201234638691,0.023569483309984207,AM7409
-0.09248543530702591,-0.07434729486703873,0.018979495391249657,-0.0054361289367079735,-0.09166646748781204,-0.24049045145511627,0.012198714539408684,-0.045571137219667435,-0.10383670032024384,-0.005513216368854046,-0.04395927116274834,0.07207350432872772,-0.005990731995552778,0.11039403825998306,-0.09829583764076233,-0.004431284498423338,-0.03559807687997818,-0.11029891669750214,-0.08927647769451141,-0.05095687136054039,0.015120897442102432,AM7416
-0.021110424771904945,0.05096196383237839,-0.10650321841239929,0.20162339508533478,-0.17728959023952484,-0.32932063937187195,0.11384857445955276,-0.06816627085208893,0.09907654672861099,0.15195007622241974,-0.06938346475362778,-0.16987726092338562,0.06283674389123917,0.0683341920375824,-0.012271972373127937,-0.08242740482091904,0.055936411023139954,0.07385136187076569,-0.039898212999105453,-0.05136505886912346,-0.0542912520468235,AM7419
-0.009172572754323483,0.06266136467456818,-0.1161431074142456,0.12911848723888397,-0.15935586392879486,0.03658275678753853,0.1309569925069809,-0.0472479872405529,0.048310473561286926,-0.14574426412582397,0.0845964252948761,-0.21157369017601013,0.10451328754425049,0.0804692730307579,4.7794473357498646e-4,-0.09451013803482056,-0.08662361651659012,0.1046748161315918,-0.01710047386586666,-0.07157202810049057,-0.12700404226779938,AM7420
-0.006957364734262228,0.1026165783405304,-0.1930110901594162,0.030978906899690628,-0.04409170150756836,-0.05886745825409889,-0.18129801750183105,-0.005092024337500334,0.05741772800683975,0.013537222519516945,-0.1482154279947281,0.10346075147390366,0.06769070774316788,-0.0310615673661232,0.023365044966340065,-0.05609489232301712,-5.438891821540892e-4,-0.004126739222556353,0.04002858325839043,-0.04613054171204567,0.012104922905564308,AM7426
-0.027954045683145523,0.15740706026554108,-0.04370124265551567,0.006742962170392275,-0.08653809130191803,0.09209027141332626,-0.055457066744565964,0.0035348436795175076,0.04111393913626671,0.16239754855632782,-0.16700324416160583,0.021634714677929878,-0.0520760752260685,0.05601326376199722,0.11199063807725906,-0.12085232138633728,-0.09459134936332703,-0.13353639841079712,0.112056665122509,0.025316081941127777,-0.0026250991504639387,AM7427
-0.09698086977005005,-0.09179478883743286,0.04475891962647438,-0.0309441015124321,-0.12923094630241394,-0.012662060558795929,0.07856161147356033,-0.09194062650203705,-0.06660683453083038,-0.07987844944000244,-0.11720792949199677,0.11881474405527115,-0.05523661524057388,-0.04149644449353218,-0.13831210136413574,-0.10283572226762772,-0.1197856143116951,0.053113002330064774,-0.03909908980131149,0.13366158306598663,-0.08246126770973206,AM7492
-0.015511378645896912,-0.12308600544929504,-0.035183873027563095,-0.06075054407119751,-0.16197095811367035,0.17801018059253693,0.03424268960952759,0.060181181877851486,-0.20382267236709595,-0.10504662990570068,-0.16925080120563507,0.02655271627008915,-0.08651229739189148,-0.08368558436632156,-0.1526522934436798,-0.08610808849334717,-0.2036331295967102,0.17198246717453003,0.06052916496992111,0.09262745082378387,-0.06280124932527542,AM7493
-0.013796226121485233,-0.17393134534358978,-0.0543852373957634,-0.10111621022224426,-0.10843502730131149,0.012861332856118679,-0.08077997714281082,0.11142577975988388,-0.25035008788108826,-0.052827056497335434,-0.007581066805869341,0.05748329684138298,-0.12620845437049866,0.08204110711812973,-0.10041502863168716,-0.2537708878517151,-0.0026456285268068314,0.08373450487852097,0.06408318132162094,0.054749757051467896,0.03531431034207344,AM7495
-0.01816490851342678,-0.20819824934005737,-0.16706903278827667,-0.10893023014068604,-0.04537181183695793,0.08629412949085236,-0.03732876107096672,0.09896660596132278,-0.18094369769096375,0.1129051074385643,-0.06283491849899292,0.032271385192871094,-0.15268835425376892,-0.14200718700885773,0.04489956051111221,-0.11360730230808258,0.11947357654571533,-0.04560695216059685,0.04612097144126892,-0.17215460538864136,-0.07470708340406418,AM7589
-0.021537959575653076,-0.04360349103808403,-0.04134504869580269,-0.20573021471500397,-0.08347000926733017,0.048384808003902435,0.13494820892810822,0.20339065790176392,-0.0020553264766931534,0.1626458615064621,-0.14603343605995178,0.12132219225168228,-0.003342673648148775,-0.00872859638184309,0.05410902947187424,-0.049131669104099274,0.0965421199798584,0.13819101452827454,-0.058280784636735916,-0.02737656980752945,0.09469764679670334,AM7591
-0.015144833363592625,-0.17256693542003632,-0.08510670810937881,-7.19417177606374e-4,-0.15677273273468018,-0.02047213353216648,-0.1330307573080063,0.14047871530056,-0.08680707216262817,0.2103596031665802,-0.057749029248952866,-0.04780624061822891,-0.03561129420995712,0.00913835596293211,0.03326479345560074,-0.0073163495399057865,0.12180598825216293,0.07976648956537247,0.16425974667072296,-0.04288984462618828,-0.025156822055578232,AM7628
-0.010373203083872795,-0.14241845905780792,-0.030587831512093544,-0.15231284499168396,-0.14400814473628998,0.01137563120573759,-0.04711911454796791,0.10094572603702545,-0.09765858948230743,0.03728457912802696,-0.1942453682422638,0.11022238433361053,-0.09247361123561859,0.013308107852935791,-0.059623509645462036,-0.059670716524124146,-0.02782929316163063,0.060077060014009476,-0.044161416590213776,-0.018736334517598152,-0.018735557794570923,AM7629
0.00609210692346096,-0.17774531245231628,-0.05916725844144821,-0.05398618429899216,-0.13460303843021393,0.16347768902778625,-0.07999183237552643,0.026249153539538383,0.13937008380889893,0.11541082710027695,-0.02271813340485096,0.04651781916618347,-0.20146609842777252,-0.06184861436486244,-0.008581053465604782,0.043550435453653336,0.13160744309425354,-0.12519130110740662,-0.010677670128643513,0.04474060982465744,-0.1079203262925148,AM7633
-0.008564142510294914,-0.035848069936037064,-0.08300308883190155,-0.21905134618282318,-0.007700128015130758,-0.027764294296503067,0.18769367039203644,0.08650920540094376,0.11798721551895142,0.1442134976387024,-0.008143937215209007,0.12023171037435532,-0.08568994700908661,-0.06221644952893257,0.08180271089076996,0.09039987623691559,0.09102824330329895,0.06858548521995544,-0.01344690378755331,-0.022025927901268005,0.06297174841165543,AM7634
