V1
4.234023106132182
2.8290929945480334
2.2057751200657476
1.6506683019980632
1.0032915576646912
0.7923565988565124
0.5373573364586798
0.444711445177754
0.335337162114732
0.2687923778723902
0.22876199209001202
0.1863077545492843
0.170789852739651
0.1421824474693596
0.13229783869892456
0.11873274409473382
0.10795733579988787
0.09606140155198689
0.09507229368019526
0.08588728113436056
0.08709052356007897
0.07273231226001724
0.0697499149558389
0.06893179566638771
0.06763767154921292
0.06658603683106204
0.06604358207778267
0.06491706447800062
0.0640580486968385
0.06356614091346502
0.06339491595719082
0.06212308211477831
0.06085439530146423
0.06041476845910467
0.06015240487774544
0.05977285112650975
0.0590635170960858
0.05841857314132649
0.05826262498747042
0.05744449735297849
0.056738350028764824
0.05639405188866314
0.05589926685308712
0.05517437047107026
0.05479165162204454
0.05442248049704027
0.054107864427336214
0.053554969975127986
