V1
0.4414669745273914
0.1903927535070082
0.12458995824251659
0.06891225243991497
0.03283280374639445
0.0250244952601767
0.016306919231159213
0.013896120267087265
0.011020023060393715
0.009108696354665973
0.008020768130272861
0.006568926619588825
0.006142447880201272
0.005128937574421678
0.004710827802049774
0.004274945755950668
0.003800856375812458
0.0032471708647277054
0.0032090222412427126
0.002662739299555246
0.0028080018454934
0.0020944614380809497
0.0020846058082812824
0.002084541093380227
0.0020844069023333105
0.0020843262899329163
0.002084277368671062
0.0020841660117605783
0.0020841005288481412
0.002084085815642486
0.002084044328172364
0.0020839453216197055
0.0020838626245616356
0.0020838166404154607
0.0020838056416265104
0.002083762177668833
0.002083710235317197
0.002083655248149427
0.002083645178524669
0.002083552171591916
0.002083497457717267
0.002083486462297466
0.0020834404947509925
0.0020833800909151774
0.00208333637979741
0.0020833297570607857
0.0020832863129526076
