V1
0.7550232453439782
0.3590532296782811
0.23984391261485255
0.1345869829999504
0.059124422035115275
0.04222576004282111
0.02341134136883615
0.018763484214334214
0.013691348217368119
0.010718272777556262
0.009186749246855056
0.007291368357624173
0.006759109368528227
0.005552071767576125
0.005077847911729622
0.004585336187787205
0.004060627870619038
0.0034594324326435795
0.003418515945945551
0.00286732354580328
0.003003879522136744
0.0022380686822352958
0.0021480968843614182
0.0021471764708040878
