PEER1,PEER2,PEER3,PEER4,PEER5,PEER6,PEER7,PEER8,PEER9,PEER10,PEER11,PEER12,PEER13,PEER14,PEER15,PEER16,PEER17,PEER18,PEER19,PEER20,PEER21,PEER22,PEER23,PEER24,PEER25,PEER26,PEER27,PEER28,Donor
-0.009006927721202374,0.0848710909485817,-0.2044925093650818,0.05310395732522011,0.08305858075618744,-0.06656192243099213,-0.16460761427879333,-0.04157556965947151,0.007855945266783237,-0.14642181992530823,0.003345363074913621,0.04743059724569321,0.08118819445371628,-0.11465690284967422,-0.012007943354547024,-0.01195926871150732,-0.09479363262653351,0.020324213430285454,0.09704847633838654,0.05386930704116821,-0.0039983103051781654,-0.008997377939522266,7.231292547658086e-4,-8.654190460219979e-4,-0.004745419602841139,0.0010827014921233058,-0.0015543134650215507,-0.002446904545649886,AM7180
0.0091243339702487,0.08048779517412186,-0.08268418908119202,-0.08191367983818054,0.15659302473068237,-0.1016063541173935,-0.1994432508945465,0.07762251049280167,0.0049960059113800526,-0.031065043061971664,0.2015681266784668,-0.04888365417718887,-0.0863712877035141,0.01625724881887436,-0.018384534865617752,-0.05202586576342583,-0.05104605481028557,-0.1780303567647934,0.11536455899477005,0.04645557701587677,-0.03811267018318176,-0.018270395696163177,-0.008388387970626354,0.002206099685281515,-0.003053385065868497,0.004189240280538797,-0.003628974314779043,-0.002267812378704548,AM7181
-0.0016628392040729523,0.047338616102933884,-0.05181208997964859,-0.19250646233558655,0.11564737558364868,0.004340134095400572,-0.0671519786119461,0.09504900127649307,0.17765754461288452,-0.036438025534152985,0.2420579195022583,-0.10214640945196152,0.039892490953207016,-0.20640558004379272,-0.11769918352365494,-0.030904391780495644,-0.10573388636112213,-0.05521232262253761,0.012926319614052773,-0.009258881211280823,0.02725287154316902,-0.026896683499217033,0.004293483681976795,-4.701363213825971e-4,-0.0022695481311529875,0.002959237201139331,8.464249549433589e-4,-0.002676066942512989,AM7182
0.05396348237991333,0.0687628984451294,-0.11699004471302032,0.00940843764692545,0.16287781298160553,-0.11714575439691544,-0.24608899652957916,-0.060978543013334274,-0.061568912118673325,-0.21949243545532227,0.05523045361042023,0.153574600815773,0.00886128656566143,-0.09151550382375717,-0.010141808539628983,0.03363068401813507,0.06975962221622467,0.027146613225340843,0.11487356573343277,0.048951540142297745,-0.019921278581023216,-0.014812215231359005,-0.0059375823475420475,-3.685620613396168e-4,-0.0023299690801650286,-2.3649196373298764e-4,-0.0020818649791181087,-7.080185459926724e-4,AM7188
-0.04491858184337616,-0.16662411391735077,-0.05152887850999832,-0.03949188441038132,0.04873345047235489,-0.1740860491991043,-0.19397906959056854,-0.04652773216366768,-0.13843992352485657,-0.12090028077363968,0.04794122651219368,-0.13117149472236633,0.1731152981519699,-0.08525637537240982,-0.07647351920604706,-0.05293301120400429,0.11228083819150925,0.019301865249872208,0.1393730193376541,0.0632057711482048,-0.013874465599656105,-0.025951679795980453,-0.012367787770926952,0.004510595463216305,-0.00212260358966887,-9.277052013203502e-4,-0.003441012464463711,-0.0018905659671872854,AM7189
-0.025326507166028023,0.06954438239336014,0.14450499415397644,-0.11723671108484268,0.03959578275680542,0.1516139954328537,0.1567220240831375,0.011376211419701576,0.07965908199548721,-0.19912201166152954,0.28077560663223267,0.03186613321304321,0.1113957017660141,0.00807507336139679,0.03440653160214424,-0.28136685490608215,0.0394306480884552,-0.0984361320734024,0.20407243072986603,-0.0281823817640543,-0.009337514638900757,0.041564006358385086,7.504789973609149e-4,0.013248242437839508,0.0012476688716560602,0.002198019064962864,-0.0017976675881072879,-0.00202046986669302,AM7196
0.004552618134766817,0.10305056720972061,-0.14087475836277008,0.007824782282114029,0.13019195199012756,0.06056215241551399,-0.21416974067687988,-0.010706319473683834,-0.11511640250682831,-0.20042107999324799,-0.07762198895215988,0.06748735159635544,0.06829198449850082,-0.05973566323518753,0.058089639991521835,0.036277417093515396,-0.0587041862308979,0.10020620375871658,0.09956967830657959,0.017572570592164993,-0.1622440367937088,-0.08764227479696274,3.248703433200717e-4,-0.01603875681757927,-0.008948735892772675,-0.002862249966710806,3.165489179082215e-4,-8.371805306524038e-4,AM7197
0.10061600059270859,-0.11332204192876816,0.27573922276496887,-0.006376821082085371,0.03487934172153473,-0.07375327497720718,-0.17554320394992828,-0.2301245778799057,0.03530328720808029,-0.1339745670557022,0.04813838005065918,-0.09366051852703094,0.0063613345846533775,-0.07663816958665848,-0.209664985537529,0.12071092426776886,0.05055529624223709,0.06462886929512024,-0.08547772467136383,0.15360049903392792,-0.09748401492834091,0.07625211775302887,-0.004006803967058659,0.011736072599887848,-0.0018039718270301819,-0.0018778651719912887,-0.002840814646333456,-0.0030225063674151897,AM7203
-0.014925258234143257,0.17239084839820862,0.10843399912118912,-0.030645553022623062,0.08687487244606018,-0.009633001871407032,-0.010100828483700752,0.03757200762629509,-0.1114674061536789,0.16618914902210236,0.0014460309175774455,-0.18012765049934387,-0.20202885568141937,0.22933363914489746,0.005870579741895199,-0.12954746186733246,0.013431642204523087,0.05482698231935501,0.12735888361930847,0.07716142386198044,0.03685047850012779,-0.031177207827568054,-0.009392840787768364,4.404806823004037e-4,-0.0043001133017241955,-0.0033106517512351274,-0.004678982775658369,-8.677741279825568e-4,AM7204
0.0065431613475084305,0.15850839018821716,0.06304629147052765,-0.03926170989871025,0.11782601475715637,-0.02634122222661972,-0.016255944967269897,-0.04502520337700844,-0.11234216392040253,0.11782597005367279,-0.017353368923068047,-0.200484961271286,-0.2729926109313965,0.05078373849391937,-0.18434812128543854,-0.04028468206524849,0.03859945759177208,0.0947304368019104,0.02036483958363533,0.08349422365427017,-6.18817051872611e-4,-0.051778651773929596,-0.006809666752815247,-0.0014494875213131309,-0.00450471555814147,-0.004083929117769003,-0.0025820843875408173,-0.0014637047424912453,AM7205
0.3105056583881378,-0.016592739149928093,-0.05026385933160782,-0.0427112802863121,-0.04495450481772423,0.06709577888250351,0.08884553611278534,0.11067778617143631,-0.18792104721069336,-0.02282707765698433,0.03328612446784973,0.23935125768184662,0.01624426059424877,0.06335441023111343,0.12345976382493973,-0.0024895688984543085,-0.12996625900268555,-0.07523223757743835,0.09645816683769226,0.06848183274269104,0.11352496594190598,-0.03919244185090065,-0.010888643562793732,-0.0025164983235299587,-0.005039431154727936,0.003104864852502942,-0.004221267998218536,-0.0010494166053831577,AM7208
0.29931962490081787,0.0022630817256867886,0.025827433913946152,-0.03593266382813454,-0.10556377470493317,0.0019983977545052767,0.008681967854499817,0.19644303619861603,-0.22431543469429016,0.02887517586350441,-0.02826767787337303,0.28287938237190247,0.0684230625629425,0.10610969364643097,0.23212860524654388,0.07890497893095016,0.09123575687408447,-0.05864919722080231,0.27459073066711426,0.1076936423778534,0.14999127388000488,-0.03376888111233711,-0.026448698714375496,-4.898832994513214e-4,-0.0027708301786333323,0.002789374440908432,-0.008334887214004993,6.590948905795813e-4,AM7209
0.3725995719432831,-0.042929090559482574,-0.0314631424844265,-0.04299979284405708,0.011595402844250202,0.10227837413549423,0.07426954060792923,0.04982144758105278,-0.009480634704232216,-0.0688878521323204,0.08192209899425507,0.12055504322052002,-0.0848284661769867,0.08143678307533264,0.05575932189822197,0.08330386132001877,-0.12440735846757889,0.04539864510297775,-0.10297544300556183,0.02760474756360054,0.05976305902004242,-0.040020670741796494,-0.0014778940239921212,-0.007805032189935446,-0.004200163763016462,-0.0013998417416587472,1.0228724931948818e-5,2.696871233638376e-4,AM7211
0.3597821593284607,-0.05304398387670517,0.025221165269613266,0.043814901262521744,-0.13077986240386963,-0.12155463546514511,0.19656729698181152,0.04623120650649071,-0.103413887321949,0.07237070798873901,0.08782601356506348,-0.15670658648014069,0.06806063652038574,-0.014321640133857727,-0.1592322289943695,0.09130383282899857,0.049765195697546005,-0.006397482939064503,-0.11912983655929565,-0.039608392864465714,-0.06921060383319855,0.02341683954000473,0.00598872872069478,2.665709762368351e-4,0.0038805073127150536,-2.391919697402045e-4,0.0025733159855008125,0.0013355904957279563,AM7213
0.2846570909023285,-0.10811524838209152,-0.258538156747818,-0.028261354193091393,0.0011091000633314252,-0.13544130325317383,0.24806492030620575,-0.0021743755787611008,0.14579808712005615,0.08071930706501007,0.17602017521858215,-0.1401938945055008,-0.048208098858594894,-0.11061408370733261,-0.12903346121311188,0.00737636536359787,-0.06782733649015427,-0.17935800552368164,-0.17299412190914154,0.020206714048981667,0.03963539004325867,-0.020884789526462555,-0.002835917752236128,0.003329406026750803,0.001021409872919321,0.0041468581184744835,1.6297170077450573e-4,-0.0027501534204930067,AM7214
0.3774321675300598,-0.08431502431631088,-0.03898421302437782,-0.020028825849294662,0.04150504618883133,-0.14258047938346863,0.13138660788536072,0.027188876643776894,-0.05647609010338783,0.03294031322002411,0.06709093600511551,-0.07894979417324066,-0.05043359845876694,0.0796869769692421,0.09701240062713623,0.13667182624340057,-0.04595055431127548,0.030903946608304977,-0.10621768981218338,-0.01947029121220112,-0.06101178750395775,-0.015468456782400608,0.003914301749318838,-0.010563061572611332,-0.001375643303617835,-0.0013369094813242555,0.0016862658085301518,0.0011850973824039102,AM7215
0.31909629702568054,-0.039296381175518036,-0.04541555792093277,-0.02029489353299141,-0.13863296806812286,0.11000355333089828,0.14936885237693787,0.11680421233177185,-0.02678171917796135,-0.009557921439409256,0.054433465003967285,-0.0592048205435276,0.057104941457509995,0.07633797824382782,0.07464344799518585,0.04129548743367195,-0.14628823101520538,-0.008016310632228851,-0.0325743705034256,-0.01452267449349165,-0.05286350101232529,-0.025567786768078804,0.00464787520468235,-0.009251855313777924,-0.003774600103497505,1.4142923464532942e-4,8.986329776234925e-4,-1.0228998144157231e-4,AM7216
-0.05312494933605194,-0.12868764996528625,0.00742547819390893,-0.032610561698675156,-0.016114449128508568,-0.2521624267101288,-0.14199675619602203,-0.1194949597120285,0.01360148936510086,-0.08339298516511917,-0.03808065503835678,-0.011244774796068668,0.021197495982050896,0.07000335305929184,-0.12076549232006073,-0.02818813920021057,-0.008290105499327183,-0.030841007828712463,0.07417570799589157,0.1539623737335205,0.03816545754671097,-0.005220432765781879,-0.015469508245587349,0.007621206343173981,-0.0039079156704247,3.1069357646629214e-5,-0.006179835647344589,-0.002779655857011676,AM7221
-0.04655465856194496,-0.1296933889389038,-0.026033002883195877,-0.07148964703083038,-0.011129294522106647,-0.263099730014801,-0.12338079512119293,-0.18374912440776825,0.1600157767534256,-0.002163100987672806,-0.1130647286772728,-0.09893884509801865,-0.02096479944884777,0.05971059203147888,-0.028955766931176186,-0.15051352977752686,0.05024642497301102,-0.02972876839339733,0.004637457430362701,0.09333373606204987,0.07289090007543564,-0.03835849463939667,-0.014400768093764782,0.006376225966960192,-0.0015546656213700771,-0.001603586133569479,-0.004003485664725304,-0.0026434489991515875,AM7223
0.025672713294625282,-0.14114165306091309,-0.009881768375635147,0.09469490498304367,0.08558418601751328,0.1056203618645668,-0.06179891526699066,-0.30591341853141785,0.1503555327653885,0.220552459359169,0.0784943625330925,-0.16129577159881592,0.005254628136754036,-0.1681106984615326,0.208310067653656,-0.10608809441328049,-0.05708150938153267,0.07113992422819138,0.26671653985977173,0.13980215787887573,0.16303960978984833,-0.008581209927797318,-0.010509714484214783,0.00362660875543952,-0.007640249095857143,0.0017977494280785322,-0.006730923429131508,-0.00568274175748229,AM7224
0.02521536685526371,0.044684458523988724,0.11399789154529572,-0.13623984158039093,0.04792868718504906,-0.0675245001912117,0.12009036540985107,-0.07200421392917633,0.13160668313503265,0.07687832415103912,0.008636428974568844,-0.022236406803131104,0.13419558107852936,-0.22694729268550873,-0.03744092211127281,-0.04001983255147934,0.16634227335453033,0.13042119145393372,0.09896010160446167,0.03672706335783005,-0.062094420194625854,0.004140621982514858,-0.001336833112873137,0.003975314553827047,-9.489651420153677e-4,-0.0023729554377496243,-6.160620832815766e-4,-0.0019796143751591444,AM7226
0.0435384176671505,-0.12746763229370117,0.16677740216255188,0.16892799735069275,0.11679864674806595,-0.07009465992450714,-0.12168780714273453,-0.20743337273597717,0.11197881400585175,0.39776018261909485,-0.01994657889008522,-0.055647529661655426,0.12143257260322571,-0.08691594004631042,0.3007921278476715,-0.1334928423166275,-0.21529003977775574,-0.04078373312950134,-0.04131411761045456,0.059573736041784286,0.10346099734306335,0.07179924845695496,0.002972944872453809,0.009939299896359444,-0.002730562351644039,0.004171648994088173,-0.0018283764366060495,-0.004420093260705471,AM7228
0.020553283393383026,0.09871666878461838,0.2468889206647873,-0.08764398097991943,0.03911058232188225,-0.1267431229352951,-0.0022992470767349005,0.08198779076337814,0.043185699731111526,-0.01639726758003235,0.23593328893184662,-0.04684656113386154,0.006536372005939484,-0.058008693158626556,0.04450763761997223,-0.029262078925967216,0.10022619366645813,0.026019005104899406,0.04457719251513481,-0.021664733067154884,-0.09595294296741486,-0.03860631585121155,-0.0014411938609555364,-0.004205768462270498,-0.0017404257087036967,-0.001797343953512609,4.5743532245978713e-4,-3.2043771352618933e-4,AM7229
0.12227346003055573,0.059390220791101456,0.21468450129032135,-0.12727822363376617,0.1408892571926117,-0.17123796045780182,-0.017003469169139862,-0.026155555620789528,0.09394489228725433,0.11468378454446793,-0.08026622980833054,-0.13287325203418732,0.13119645416736603,-0.11129586398601532,-0.07712042331695557,-0.09752751141786575,0.02012663707137108,-0.03363707289099693,0.07310108095407486,0.026169123128056526,-0.03953851759433746,0.0050768768414855,5.1328897825442255e-5,0.00468089384958148,-1.1741489288397133e-4,0.0013490419369190931,-0.0010763558093458414,-0.002442333148792386,AM7230
-0.01129401195794344,-0.06796441227197647,0.19339297711849213,0.19441626965999603,0.030954983085393906,-0.044417738914489746,-0.13801708817481995,-0.04433851316571236,-0.1332998126745224,0.46147558093070984,-0.24123413860797882,-0.09648153185844421,0.2796616852283478,-0.10916700214147568,0.13463275134563446,-0.17494244873523712,0.1158563494682312,0.13820219039916992,-0.11799225956201553,-0.040271323174238205,-0.09808605909347534,-0.09841511398553848,9.78110358119011e-4,-0.008996933698654175,-0.0018359851092100143,-0.005795588251203299,0.0034281695261597633,-5.296920426189899e-4,AM7236
0.004100266378372908,0.0304657444357872,0.14077229797840118,-0.0543980598449707,-0.002588181756436825,-0.07897280156612396,0.16167759895324707,-0.09959309548139572,0.013245953246951103,0.16673430800437927,-0.09604888409376144,-0.044455636292696,0.38338470458984375,-0.08564823120832443,-0.07248380780220032,0.04981125518679619,0.036321405321359634,-0.24865612387657166,0.060068197548389435,0.03514569625258446,0.0874897688627243,0.0016854723216965795,-0.012877298519015312,0.006123274099081755,0.005031609442085028,0.008014891296625137,-0.0033197710290551186,-0.0010709796333685517,AM7237
0.06718511879444122,0.09624573588371277,-0.0638323575258255,-0.052962370216846466,0.19338005781173706,-0.18086740374565125,-0.23241065442562103,-0.12746039032936096,0.014512845315039158,0.0892028659582138,-0.11252820491790771,0.04263361543416977,-0.1571030169725418,-0.0022623471450060606,0.10441970080137253,0.014003725722432137,0.1452493518590927,0.0031367051415145397,-0.01608915440738201,-0.020893974229693413,-0.035600654780864716,-0.013324534520506859,-0.004677568096667528,-0.0012263499666005373,0.0020461806561797857,-0.0012901520822197199,5.844638799317181e-4,0.0013471610145643353,AM7241
0.10271655768156052,0.09553435444831848,-0.10143978148698807,-0.04105047881603241,0.17555002868175507,0.1293409764766693,-0.15760043263435364,-0.20500773191452026,0.050028711557388306,-0.1525396704673767,-0.1292801797389984,0.0688416138291359,-0.017581935971975327,-0.11071506142616272,0.09439010918140411,-0.03567769005894661,0.05781947076320648,-0.05219852551817894,-0.07928050309419632,-0.050388626754283905,-0.018186477944254875,-0.026606149971485138,3.727127332240343e-4,-0.0020588792394846678,0.0020958504173904657,2.804725372698158e-4,0.0025479216128587723,-1.9758296548388898e-4,AM7242
0.020282607525587082,-0.1573639065027237,0.04857533425092697,-0.008144760504364967,0.026339538395404816,0.254908949136734,-0.02190583199262619,-0.28482016921043396,-0.05686115100979805,-0.13761261105537415,0.09152435511350632,-0.0695343092083931,-0.0694672167301178,-0.3095215857028961,-0.05310345068573952,-0.06525096297264099,0.21374057233333588,-0.09043839573860168,-0.07182272523641586,0.05868472531437874,-0.11840449273586273,-0.05145111680030823,-0.009186184965074062,0.0031437103170901537,-5.998918786644936e-4,-1.0016497253673151e-4,-5.905370344407856e-4,-0.0046477364376187325,AM7243
0.0737474113702774,0.14154022932052612,0.07719022780656815,-0.10586318373680115,0.13161535561084747,0.11331737786531448,-0.09539075195789337,-0.049694932997226715,0.08119358122348785,0.09422990679740906,-0.1252356469631195,-0.0978265106678009,-0.08899979293346405,0.04298938438296318,-0.09855388849973679,-0.2616214454174042,0.037395134568214417,0.06711766868829727,-0.06308761984109879,0.026827266439795494,-0.033199869096279144,0.019882161170244217,0.0020350757986307144,0.01194017007946968,-2.393679169472307e-4,-0.00429582130163908,1.2733622861560434e-4,-0.002124265767633915,AM7255
0.10401707142591476,0.08987289667129517,-0.07944432646036148,0.02474750578403473,0.1374313235282898,0.15076908469200134,-0.07716809958219528,-0.28438907861709595,0.05998779088258743,-0.18355944752693176,-0.19916477799415588,0.14104381203651428,-0.023532627150416374,-0.015212186612188816,0.11253327131271362,-0.002322440966963768,0.05641262233257294,0.042434900999069214,-0.02634953334927559,0.007942241616547108,-0.030394302681088448,-0.057166364043951035,-0.003429015399888158,-0.007489872630685568,-0.0019531662110239267,-0.002601049141958356,7.194979698397219e-4,-8.867309225024655e-5,AM7256
-0.0638769119977951,-0.1673407107591629,-0.08451662212610245,-0.10058807581663132,0.04290378838777542,-0.05628259479999542,-0.10534462332725525,-0.0395173616707325,0.06432225555181503,-0.3366793990135193,0.23357516527175903,-0.10862793773412704,-0.05752582848072052,0.0786580890417099,-0.18646183609962463,-0.12023493647575378,-0.06095840409398079,-0.12596730887889862,-0.11110767722129822,-0.06500466912984848,0.29289382696151733,-0.02828233316540718,-0.0020366592798382044,0.006042280700057745,0.006254380103200674,0.0017443494871258736,9.637546027079225e-4,7.688915356993675e-4,AM7260
0.04034272953867912,-0.10092989355325699,0.015063616447150707,0.09760782867670059,0.2816977798938751,0.3214747905731201,-0.07667586952447891,0.24788671731948853,0.4337577521800995,-0.10426314920186996,-0.09228290617465973,0.03265105187892914,0.10707699507474899,0.5538499355316162,-0.294414222240448,-0.07807496190071106,0.2035944014787674,0.09661085903644562,0.119666188955307,-0.1055062860250473,0.06941082328557968,-0.11537746340036392,-0.005259948316961527,-0.011449193581938744,0.005634397268295288,-0.008137773722410202,0.001129698008298874,0.008424838073551655,AM7261
0.006026741117238998,-0.08538060635328293,0.12203432619571686,-0.06790710985660553,-0.0781121775507927,-0.03554448485374451,-0.09540562331676483,-0.060704704374074936,0.06107582524418831,-0.17696881294250488,-0.0988011583685875,-0.10347533971071243,0.01377895474433899,0.39384517073631287,-0.08035553246736526,0.051292046904563904,0.26490262150764465,0.0699302926659584,-4.677378456108272e-4,-0.07563819736242294,-0.06347398459911346,-0.10875170677900314,-0.010745815001428127,-0.013942718505859375,0.003699427703395486,-0.00794241763651371,0.0013414511922746897,0.006556977517902851,AM7266
-0.01863754168152809,-0.0893409475684166,0.1060667484998703,-0.03663353994488716,-0.14781470596790314,-0.03474980220198631,-0.14181680977344513,-0.04346330091357231,0.17457066476345062,-0.0815194621682167,-0.15070293843746185,-0.005516266915947199,0.06245739012956619,0.24869228899478912,-0.11597999185323715,-0.22991323471069336,-0.13646423816680908,-0.22516459226608276,0.007130530662834644,-0.007733806036412716,0.2619926333427429,0.062137357890605927,-0.0033362272661179304,0.018494095653295517,0.007441924884915352,0.005202323663979769,-0.0025786671321839094,2.0019894873257726e-4,AM7269
-0.010737234726548195,-0.153438001871109,-0.009165485389530659,0.09203153848648071,0.05566687136888504,-0.04047733545303345,-0.14103005826473236,-0.12150445580482483,-0.1763269156217575,0.08258285373449326,0.2088378667831421,-0.14366932213306427,0.07662859559059143,-0.0068376935087144375,0.010952028445899487,-0.004876335617154837,0.23437827825546265,0.1048310324549675,0.07685576379299164,-0.1510237753391266,0.19533169269561768,0.018407553434371948,0.0025402463506907225,0.0025296909734606743,0.010296659544110298,-0.0016032503917813301,0.0031313912477344275,0.005295425653457642,AM7270
0.05681680142879486,0.10616803914308548,0.15842120349407196,-0.06833750009536743,0.2585722804069519,-0.1115306094288826,0.03170907124876976,-0.08539058268070221,-0.24928614497184753,0.061177726835012436,-0.04548708721995354,-0.1504140943288803,-0.22328005731105804,0.10348225384950638,-0.11353384703397751,-0.05280943214893341,-0.0026791461277753115,0.13987289369106293,-0.06554863601922989,-0.13317890465259552,-0.05910276621580124,-0.011119391769170761,0.018347471952438354,-0.0077351853251457214,0.0021962684113532305,-0.004639364778995514,0.006048574112355709,0.0035182717256247997,AM7272
0.005977737717330456,0.1375960111618042,0.1574457883834839,-0.05721685290336609,0.12122917175292969,0.10227309167385101,0.2849443554878235,-0.15967150032520294,-0.24641703069210052,-0.04449690505862236,0.10925888270139694,-0.12301594763994217,-0.12138127535581589,0.23510843515396118,0.03967764973640442,-0.25210437178611755,0.10975413024425507,0.043581828474998474,0.0445355586707592,-0.1335153877735138,0.11147958040237427,0.13485026359558105,0.014055256731808186,0.018798263743519783,0.01076566707342863,-0.0018724743276834488,0.002603952307254076,0.003252581227570772,AM7273
0.016655001789331436,-0.048904240131378174,0.08923064172267914,0.20526261627674103,0.12694001197814941,0.08412983268499374,-0.04434330016374588,0.3838317394256592,0.27264630794525146,-0.31546491384506226,-0.17477473616600037,-0.26180145144462585,-0.11893939226865768,-0.2195741981267929,0.1037490963935852,-0.2588163912296295,0.06617596000432968,0.007197687868028879,-0.29989442229270935,-0.11499190330505371,0.36787521839141846,0.12747637927532196,0.005930525250732899,0.03115658462047577,0.013658787123858929,-8.40028456877917e-4,0.004512943793088198,-0.0016264598816633224,AM7277
-0.024510035291314125,-0.1108630821108818,0.21310417354106903,0.14856480062007904,-0.07239440083503723,-0.053985029458999634,-0.15898944437503815,-0.08104319125413895,0.07510697096586227,0.08808086812496185,-0.012210491113364697,0.031731992959976196,-0.21066929399967194,0.025596478953957558,0.1969398558139801,0.17440177500247955,-0.24154886603355408,-0.02285417728126049,-0.14414042234420776,0.1934155970811844,0.04315581172704697,-0.0542321503162384,-0.012112722732126713,-0.00986969843506813,-0.011463304981589317,7.608242449350655e-4,-0.0049364035949110985,-0.004445976112037897,AM7278
-0.07824674993753433,-0.09555456042289734,0.048452507704496384,0.28751325607299805,0.10536958277225494,0.029432490468025208,0.1448778659105301,0.20688164234161377,0.24551166594028473,0.12973257899284363,0.20772308111190796,0.33806219696998596,-0.23335501551628113,0.13265635073184967,-0.17482832074165344,-0.00833377055823803,0.011012605391442776,0.025772247463464737,0.0036990607623010874,0.04636542499065399,-0.08676007390022278,-0.25109541416168213,-0.015847906470298767,-0.0254160538315773,-0.011449120938777924,-0.0047178976237773895,-0.0013721646973863244,9.190071723423898e-4,AM7280
-0.1044747456908226,-0.06414217501878738,-0.0337069146335125,0.22569586336612701,0.2177773118019104,-0.11271742731332779,0.1536933034658432,0.5082630515098572,-0.3046313226222992,-0.3730681538581848,-0.23940059542655945,-0.23696494102478027,0.19833852350711823,0.06699971854686737,0.4748900532722473,-0.06564193218946457,0.2821390926837921,-0.19351083040237427,-0.1475605070590973,0.46315011382102966,-0.1444229930639267,-0.02828230895102024,-0.04386783391237259,0.010904657654464245,-0.008866912685334682,-0.004387091379612684,-0.01615569181740284,-0.013266273774206638,AM7283
-0.08541333675384521,0.13394242525100708,0.22298946976661682,-0.08536425232887268,0.0035897193010896444,-0.04561052843928337,0.07395219057798386,0.19259048998355865,-0.22692742943763733,-0.1257409006357193,0.22999346256256104,0.13006030023097992,0.05328736454248428,-0.02311990037560463,0.2117985039949417,-0.10536094009876251,0.03461236134171486,0.0993245542049408,-0.06380583345890045,-0.03493444249033928,-0.16395796835422516,-0.06593925505876541,0.0014364495873451233,-0.008537218905985355,-0.005934437271207571,-0.005207022186368704,0.002227258402854204,-6.317711668089032e-4,AM7284
0.02013951539993286,0.17692475020885468,0.12834757566452026,0.15136155486106873,-0.12195154279470444,0.1316855251789093,-0.1214592382311821,0.021244455128908157,-0.19550688564777374,-0.28233039379119873,0.2234863042831421,0.3438020646572113,0.04222262650728226,-0.04840399697422981,-0.03231240063905716,-0.014372799545526505,0.11969803273677826,-0.12848526239395142,-0.30831122398376465,-0.1754535734653473,0.10907204449176788,0.010331816039979458,0.0029975539073348045,0.006689578294754028,0.01188325323164463,0.001290051732212305,0.00676354207098484,0.004712460562586784,AM7285
-0.005251920782029629,-0.12151027470827103,-0.0368071086704731,0.19926172494888306,0.33991754055023193,-0.10076608508825302,0.04254487156867981,0.1282626837491989,0.03025854006409645,0.057606156915426254,0.12425470352172852,0.1030740737915039,0.14827986061573029,0.13708561658859253,-0.31829723715782166,0.18437470495700836,-0.09844893962144852,-0.04102696478366852,0.2064257562160492,-0.037589721381664276,-0.03921392187476158,0.04241058602929115,0.00551901338621974,-0.003295778064057231,0.0017586203757673502,0.004662842024117708,-6.636342732235789e-4,0.004197197500616312,AM7294
-0.014432134106755257,0.01521358173340559,0.15380185842514038,0.2723678946495056,0.023341957479715347,0.06577369570732117,0.256830632686615,0.2565220594406128,-0.006165712606161833,-0.24530580639839172,-0.5589036345481873,-0.46109771728515625,-0.40640267729759216,-0.4205482006072998,-0.06483102589845657,0.4029353857040405,-0.009903982281684875,-0.05732511729001999,0.30626657605171204,-0.22634746134281158,0.07251092046499252,-0.030052965506911278,0.00909693818539381,-0.022783350199460983,0.006030167452991009,0.008733478374779224,0.0046697924844920635,0.0040435465052723885,AM7295
-0.13142694532871246,-0.1557200402021408,0.04172075539827347,0.0761541947722435,-0.10116413235664368,0.022161146625876427,-0.03642835095524788,-0.08144139498472214,-0.16632749140262604,-0.2388053983449936,0.5062867999076843,0.07318873703479767,-0.2055940181016922,-0.3296741843223572,-0.037568606436252594,0.01724100299179554,0.0415336899459362,-0.14394007623195648,0.04690410941839218,0.05018677935004234,-0.0022464697249233723,0.004388076718896627,-0.0034060589969158173,0.0052124145440757275,-0.0016022786730900407,0.005173967219889164,-0.002016776707023382,-0.004270524252206087,AM7302
-0.08393353968858719,0.007215243764221668,0.17978079617023468,-0.06623534858226776,-0.14406807720661163,-0.1239299476146698,0.05178416147828102,0.15011419355869293,0.16032271087169647,-0.0846555083990097,0.028969675302505493,0.22251348197460175,0.07168636471033096,-0.23857298493385315,-0.14524738490581512,0.008872542530298233,-0.06905286759138107,0.37908846139907837,0.03444891422986984,0.012513332068920135,0.10760967433452606,-0.1174529641866684,0.0047447653487324715,-0.01454836130142212,-0.008846997283399105,-0.0074141439981758595,0.0021596953738480806,-1.4499828102998435e-4,AM7303
-0.05819181352853775,0.08428630232810974,0.21013380587100983,-0.11435087770223618,-0.038020167499780655,0.029132528230547905,0.00587450060993433,0.22256964445114136,0.11703605949878693,-0.1744931936264038,0.25952982902526855,0.16702459752559662,0.04668869450688362,-0.23755720257759094,0.17485864460468292,-0.20863443613052368,-0.2932487726211548,0.12181725353002548,0.19206956028938293,-0.0809595063328743,-0.05899322032928467,-0.025633888319134712,0.023001423105597496,-0.00913936085999012,-0.009997360408306122,6.2873016577214e-4,0.0034350662026554346,-0.0031243194825947285,AM7304
0.03139805793762207,-0.07990836352109909,0.05165736377239227,-0.20471227169036865,0.22297365963459015,-0.0032406633254140615,-0.04178493097424507,-0.1562238484621048,-0.09145661443471909,-0.17339345812797546,-0.2899215817451477,-0.023750871419906616,0.29232627153396606,-0.17670799791812897,-0.2008182406425476,-0.05693957582116127,-0.2418275773525238,0.010564366355538368,-0.1779632270336151,-0.11589903384447098,-0.10938674956560135,-0.04966051131486893,0.02360728569328785,-0.01061331108212471,-0.001225748099386692,3.49590351106599e-4,0.008305303752422333,-4.943714593537152e-4,AM7312
-0.09070920199155807,-0.08133427798748016,-0.04040425643324852,0.2666148245334625,0.2604439854621887,-0.28644660115242004,0.14614839851856232,0.27655771374702454,-0.11170727759599686,0.05547941103577614,-0.09953288733959198,0.24150359630584717,0.00852349866181612,-0.07104602456092834,-0.1253671497106552,0.008683218620717525,-0.2721746861934662,-0.03430768847465515,-0.02466265670955181,-0.06242024153470993,0.011227740906178951,0.10442683100700378,0.025524072349071503,0.0050905123353004456,0.00219816155731678,0.005397465080022812,0.003675188170745969,5.896230577491224e-4,AM7313
-0.07206472754478455,-0.07709579914808273,0.015679843723773956,0.25785762071609497,0.13630792498588562,0.29848530888557434,0.26401856541633606,-0.07044173032045364,0.1820133775472641,0.23333190381526947,0.07038556039333344,0.37763312458992004,-0.03632725030183792,0.008872015401721,-0.2655750811100006,-0.054705020040273666,0.29622703790664673,-0.005084596108645201,-0.1122477725148201,0.20559705793857574,-0.059402160346508026,0.027839915826916695,-0.027323052287101746,0.023653408512473106,1.3805805065203458e-4,-0.002965833293274045,-0.006431309040635824,-0.002290293574333191,AM7318
0.0042717549949884415,0.1579156368970871,-0.09704594314098358,0.15805353224277496,-0.04470684751868248,0.12873107194900513,0.1646192967891693,-0.3220052719116211,-0.11573171615600586,-0.0829402506351471,-0.22455474734306335,0.11644794046878815,0.1281815469264984,-0.02161574549973011,0.029008466750383377,-0.0024031284265220165,-0.034886572510004044,0.07714103907346725,0.09880246222019196,0.10161273926496506,0.10594407469034195,0.0410388708114624,-0.0029225912876427174,0.006193343084305525,-0.001696747145615518,2.2379710571840405e-4,-0.003447490744292736,-0.0017948421882465482,AM7319
-0.03254411742091179,-0.14691150188446045,-0.099397674202919,0.10015761852264404,0.44841137528419495,0.10426472127437592,0.042867835611104965,0.0051844059489667416,-0.034087833017110825,0.06934795528650284,-0.009056040085852146,0.19277599453926086,0.245438352227211,0.043578654527664185,-0.027711953967809677,0.05240586772561073,-0.28907784819602966,0.032417308539152145,0.08522668480873108,-0.07533960789442062,-0.2021993100643158,0.23642157018184662,0.030498890206217766,0.015291118994355202,0.0013374339323490858,0.0052096485160291195,0.00393289839848876,0.001687465119175613,AM7320
-0.12980259954929352,-0.14871199429035187,-0.11230356991291046,0.15943023562431335,0.13440674543380737,0.11946188658475876,0.0939139798283577,-0.2158983200788498,-0.1793241798877716,0.1362895369529724,0.2637360692024231,0.01921527087688446,-0.28067266941070557,0.014590301550924778,0.24065683782100677,0.05070168897509575,-0.1151432991027832,0.15888448059558868,0.08580126613378525,-0.1884908676147461,-0.0021033885423094034,-0.03316079080104828,0.020024098455905914,-0.019769344478845596,-0.0024316059425473213,-0.0011077618692070246,0.006414189003407955,0.00432351091876626,AM7321
-0.05526931211352348,0.14830635488033295,0.019216693937778473,-0.11852071434259415,0.023822452872991562,0.26851150393486023,-0.045156560838222504,0.1856941133737564,-0.0070806099101901054,0.06688956916332245,0.14364421367645264,-0.1735343039035797,0.0782816931605339,0.11470567435026169,-0.01868738979101181,0.07042867690324783,-0.230107381939888,-0.12715688347816467,-0.08332376182079315,-0.007135358173400164,-0.061147354543209076,0.1030580922961235,0.013962688855826855,0.00452534481883049,0.0011343391379341483,0.004493884742259979,8.656286518089473e-4,-6.29712245427072e-4,AM7323
-0.049139752984046936,0.04919206723570824,0.11365583539009094,-0.04957202821969986,-0.13720564544200897,0.1186167448759079,0.19559678435325623,-0.014143343083560467,-0.005384612362831831,0.1726393699645996,-0.1891787201166153,9.73256363067776e-4,0.3604601323604584,-0.04976709559559822,-0.11867981404066086,-0.03272528573870659,-0.015227013267576694,-0.28560808300971985,0.015056546777486801,-0.11832156777381897,-0.05133828893303871,-0.015471257269382477,0.0026627175975590944,-3.461666638031602e-4,0.00723415007814765,0.008010112680494785,0.0027575192507356405,0.0016447915695607662,AM7325
-0.1012439876794815,0.057253144681453705,0.01751379482448101,-0.16460029780864716,0.17388974130153656,-0.12163423746824265,0.2335219830274582,-0.06586866080760956,-0.15620388090610504,0.02341875433921814,0.07329589128494263,0.08380468934774399,0.10567154735326767,0.022579923272132874,0.05150593817234039,0.21928387880325317,0.15561996400356293,0.18988361954689026,0.04317198321223259,0.00946547370404005,0.14097023010253906,0.10543828457593918,2.3678351135458797e-4,0.007024765480309725,0.005943115334957838,-0.0018091892125084996,-6.601169588975608e-4,0.003552351612597704,AM7327
-0.09485282748937607,0.16741740703582764,-0.036642130464315414,-0.04699169844388962,-0.10043822228908539,0.034175630658864975,-0.09235168248414993,0.21464577317237854,-0.14818397164344788,0.26841917634010315,0.012986859306693077,-0.19720304012298584,0.04561961069703102,0.07851745188236237,-0.2646869719028473,0.1255052387714386,0.010484052821993828,0.10626766830682755,0.01795176789164543,0.15790152549743652,0.04779300093650818,0.03939102217555046,-0.008433692157268524,0.0073473528027534485,-0.002153530018404126,-0.002041211351752281,-0.005155207589268684,-9.276504279114306e-4,AM7328
-0.04610361158847809,0.15416871011257172,-0.092082880437374115,0.0586153119802475,-0.16992084681987762,0.05571769177913666,-0.2940957546234131,0.19821658730506897,-0.08839372545480728,-0.02119014412164688,-0.022145939990878105,0.09706126153469086,0.23546102643013,0.015758899971842766,-0.00899454951286316,0.22760099172592163,0.10205932706594467,0.09420347958803177,0.07867185771465302,-0.03025824762880802,-0.01865001767873764,0.035915229469537735,0.0010260033886879683,-0.00396878132596612,0.0034228351432830095,-6.962823681533337e-4,6.673858733847737e-4,0.004311018157750368,AM7329
-0.11718983203172684,-0.07933257520198822,0.11101574450731277,0.10072433948516846,-0.10830932855606079,0.1399364322423935,0.021256621927022934,-0.1658524125814438,-0.3794562816619873,0.10238559544086456,0.09979580342769623,-0.20881101489067078,0.15888671576976776,0.23905345797538757,0.07823406904935837,0.27627772092819214,-0.1947871595621109,0.02045205421745777,0.09177727997303009,0.004803662188351154,0.2441912740468979,-0.18136826157569885,-0.013426077552139759,-0.030180178582668304,-0.006944461725652218,8.537439862266183e-4,-0.0021522915922105312,0.003516520606353879,AM7332
-0.09809603542089462,0.1560402363538742,-0.13329415023326874,-0.029633913189172745,0.045454733073711395,0.058225203305482864,0.08266834169626236,-0.03430823236703873,-0.1835963875055313,0.15153487026691437,0.0762149766087532,-0.1466926485300064,-0.1236666813492775,-0.07900615781545639,-0.3232519030570984,0.08810994774103165,-0.1031150072813034,-0.0166269913315773,-0.10092852264642715,0.16875341534614563,0.0848679170012474,0.043370261788368225,-0.00442282622680068,0.010822370648384094,-0.002453237771987915,0.0018361726542934775,-0.004174860659986734,-0.003940173890441656,AM7333
-0.005955041386187077,0.1847640872001648,-0.06888749450445175,0.11803878098726273,-0.13557811081409454,0.13687308132648468,-0.09885159879922867,-0.05512552335858345,-0.22893717885017395,-0.10009853541851044,-0.06996627897024155,0.08694781363010406,0.25893673300743103,0.03460470587015152,-0.15060755610466003,0.1938515454530716,0.1119501143693924,0.12293636798858643,-0.05527760833501816,0.02509388141334057,0.19608677923679352,0.032302550971508026,-0.00587040837854147,0.0043348101899027824,0.005900426767766476,-0.0019659283570945263,-5.2978954045102e-4,0.0036138840951025486,AM7334
-0.12020545452833176,-0.07794812321662903,-0.10186263173818588,-0.15934841334819794,0.0629817321896553,-0.1809338629245758,0.04053955152630806,-0.02338005043566227,0.07409881800413132,-0.1137964278459549,-0.024524129927158356,0.023127226158976555,0.040942877531051636,-0.019743314012885094,0.07577010989189148,0.2537827491760254,0.009881198406219482,-0.04393782094120979,-0.09365144371986389,-0.049902260303497314,0.15450584888458252,-0.06396961212158203,-0.008074338547885418,-0.012685051187872887,0.003038041526451707,0.0018871678039431572,0.0012939671287313104,0.003037272021174431,AM7336
-0.1142205223441124,-0.02119472250342369,-0.1387762874364853,-0.202705979347229,0.07865498214960098,-0.15791639685630798,0.16835884749889374,-0.04833231493830681,0.1246785894036293,0.04226012900471687,0.08331010490655899,0.019674886018037796,0.0412733294069767,-0.05353730544447899,0.16220925748348236,0.16259488463401794,0.04974425584077835,-0.015222294256091118,-0.10290411114692688,-0.030187463387846947,0.1288253664970398,0.04858783632516861,-0.0026900265365839005,0.002754521556198597,0.005400911904871464,0.0020850361324846745,8.32298188470304e-4,0.001528771361336112,AM7337
-0.05801728367805481,0.1650761216878891,0.013382951728999615,-0.01878509297966957,0.021152012050151825,-0.0988224521279335,-0.03301398456096649,0.05735709145665169,-0.21354931592941284,0.26661723852157593,-0.01305929385125637,-0.008172677829861641,-0.1884668469429016,-0.09557703137397766,-0.08547990024089813,0.1276215761899948,0.006174649577587843,-0.2565002143383026,-0.23897908627986908,-0.09078769385814667,-0.10128086805343628,-0.07119565457105637,3.0989854712970555e-4,-0.0106582622975111,0.003973274491727352,0.005157270934432745,0.0042078811675310135,0.001587658654898405,AM7343
-0.12391277402639389,0.007399674504995346,-0.0834454894065857,-0.18103736639022827,0.014448822475969791,-0.09793537110090256,0.17829641699790955,0.11178094893693924,0.06460936367511749,0.022478723898530006,0.0636545941233635,0.09435340762138367,0.20724059641361237,-0.16543948650360107,-0.07518815994262695,0.15968361496925354,0.11485482007265091,-0.0740552768111229,-0.06832659989595413,0.02989654801785946,0.010819954797625542,-0.09439371526241302,-0.015900012105703354,-0.007092445623129606,-2.119387936545536e-4,0.001509985071606934,-8.910558535717428e-4,-1.298922288697213e-4,AM7344
-0.006739599164575338,-0.14893542230129242,0.0842658281326294,-0.06806164234876633,-0.1619003713130951,0.2934834063053131,-0.35666221380233765,0.0551263801753521,-0.0746731385588646,-0.04977929964661598,0.1442376673221588,-0.25687432289123535,0.2448616325855255,0.043007995933294296,-0.034445714205503464,0.3369787633419037,0.1526304930448532,-0.16959597170352936,-0.04544881731271744,-0.012906355783343315,-0.10174918919801712,0.08906913548707962,-0.0035172824282199144,0.00348131381906569,0.00839781854301691,0.004274538718163967,-2.948222027043812e-5,0.0028011552058160305,AM7345
-0.05553814396262169,-0.07911960035562515,0.04048249498009682,0.1311863362789154,-0.024885183200240135,0.3682405948638916,-0.16444145143032074,0.10641678422689438,0.08959387242794037,0.2908267378807068,0.16349631547927856,-0.046953774988651276,0.2715494632720947,-0.14363783597946167,0.17872823774814606,0.03932562097907066,-0.08680696040391922,0.06977329403162003,-0.26882386207580566,-0.1333104372024536,0.05016496405005455,-0.019925037398934364,0.010865057818591595,-0.007445390336215496,0.0021174733992666006,-7.209621835500002e-4,0.006980649661272764,0.0017027901485562325,AM7346
-0.02351249009370804,0.15120546519756317,-0.10336250066757202,-0.10085977613925934,0.10669099539518356,0.25658637285232544,-0.057234615087509155,-0.06387519836425781,0.04320843145251274,0.030711214989423752,-0.07991653680801392,-0.15635430812835693,-0.20119816064834595,0.018401991575956345,0.004648820962756872,0.10619726777076721,-0.05180717632174492,0.007440510671585798,-0.01826399937272072,0.08197253942489624,-0.10719960927963257,-0.007045924197882414,-0.001379308640025556,-0.005728371907025576,-0.004996032919734716,-7.555293850600719e-4,-0.0017150293570011854,-0.0020765026565641165,AM7353
-0.12302607297897339,0.050016485154628754,-0.17493478953838348,-0.18829265236854553,0.1025448739528656,-0.012025310657918453,0.05229921638965607,0.08180665969848633,0.11654555797576904,0.10024132579565048,0.053679533302783966,-0.109642393887043,-0.05171189457178116,0.16395485401153564,0.21650473773479462,0.0490153543651104,0.05011741816997528,-0.006334309466183186,-0.0748785063624382,0.024272507056593895,-0.09599891304969788,-0.023100361227989197,-0.00912860594689846,-0.0046767559833824635,-0.0025003072805702686,-0.002606890629976988,-0.0011425763368606567,1.529517030576244e-4,AM7354
0.05928723141551018,0.15329493582248688,0.07852742820978165,0.09568683803081512,-0.12361088395118713,-0.14338044822216034,-0.3240147531032562,0.031170548871159554,0.23699605464935303,-0.01805354654788971,-0.08908800780773163,0.19654196500778198,-0.1821722388267517,0.05943024158477783,0.1429559886455536,0.07235334068536758,-0.01753099076449871,0.11629222333431244,0.06407742202281952,-0.07896076887845993,0.04537862539291382,0.059595927596092224,0.011432396247982979,-0.0022591364104300737,0.002772835548967123,-9.163245558738708e-4,0.002550216857343912,0.0039153192192316055,AM7356
0.015378710813820362,-0.06439433246850967,0.31007614731788635,0.02615983411669731,-0.22128446400165558,-0.1992485374212265,-0.17353811860084534,0.058969929814338684,0.33632779121398926,-0.12305822223424911,0.06982077658176422,0.12292574346065521,-0.17708849906921387,0.1677999198436737,0.1430816352367401,0.38351887464523315,-0.08107651025056839,0.07179509848356247,0.02104218304157257,0.009529678151011467,-0.2678928077220917,0.18917188048362732,0.019530056044459343,-0.0015730633167549968,5.760604399256408e-4,7.579143857583404e-4,0.0013082691002637148,0.0032430640421807766,AM7359
-0.11082414537668228,-0.03751199319958687,0.09218799322843552,-0.04229448363184929,-0.10967690497636795,0.02283136360347271,0.2678735852241516,-0.24942851066589355,-0.0820426493883133,-0.16496716439723969,-0.14332392811775208,0.06323022395372391,-0.03371671959757805,0.28575003147125244,0.10836660116910934,0.09244824200868607,-0.06365427374839783,-0.22977566719055176,0.0806666910648346,-0.033986590802669525,-0.006283870432525873,0.05647522211074829,-0.0027729542925953865,0.0012817049864679575,0.004422633908689022,0.005963305477052927,-0.0015308733563870192,0.0027252372819930315,AM7361
-0.18000143766403198,-0.11633215844631195,-0.09343218803405762,-0.08819618076086044,-0.03208637237548828,0.0063197435811161995,0.06983614712953568,-0.13788723945617676,0.010542288422584534,-0.0653897225856781,-0.20057785511016846,0.04430374503135681,-0.1373240351676941,0.3555431365966797,0.3184564709663391,-0.021748287603259087,-0.15950660407543182,-0.07296856492757797,-0.27492499351501465,-0.19027221202850342,-0.08389697223901749,-0.04326080530881882,0.014661512337625027,-0.017620909959077835,0.0024880636483430862,-0.0020110567566007376,0.007788077462464571,0.004922528751194477,AM7362
-0.054163068532943726,0.1201697513461113,-0.10710817575454712,-0.10854962468147278,0.0418785959482193,0.06067600101232529,-0.19818244874477386,0.21965907514095306,0.19912835955619812,0.08968828618526459,0.13222187757492065,-0.20207412540912628,-0.10615631937980652,0.05649907514452934,0.05270879343152046,0.043777287006378174,-0.18047663569450378,-0.006714473944157362,0.01132096629589796,0.11464077979326248,0.0464295856654644,-0.04714202880859375,-0.008049564436078072,-0.005957696586847305,-0.008526471443474293,9.70849723671563e-5,-0.004212344530969858,-0.0033554851543158293,AM7365
-0.03459717705845833,-0.04130185395479202,0.007742228917777538,-0.18185944855213165,0.004299095831811428,0.03739367797970772,0.08758358657360077,-0.11712467670440674,0.18384334444999695,-0.06094357743859291,-0.29381003975868225,0.03936335816979408,0.2076612114906311,-0.09328191727399826,0.03940468654036522,0.05403213948011398,-0.16356293857097626,-0.05227058380842209,-0.010637875646352768,-0.09272380918264389,-0.11735861748456955,-0.11612046509981155,0.006534013897180557,-0.021938161924481392,-0.004105173051357269,0.0018946211785078049,0.004412859678268433,5.482766428031027e-4,AM7372
-0.001536533236503601,0.10273544490337372,-0.03165522962808609,0.2188776582479477,-0.24176575243473053,-0.01736920326948166,0.27252182364463806,-0.14833930134773254,0.06873217225074768,-0.12197016179561615,0.09463243186473846,-0.10035667568445206,0.05113963782787323,-0.014673489145934582,-0.027021337300539017,-0.1929698884487152,-0.06614848226308823,0.05403847619891167,0.038036737591028214,-0.009879984892904758,-0.10229012370109558,-0.04676111415028572,0.005761590786278248,-0.0030134355183690786,-0.005375422537326813,-0.0027294051833450794,0.0010128787253051996,-0.0024356551002711058,AM7373
0.04097132757306099,0.1462242305278778,0.019773762673139572,0.17088055610656738,-0.058006223291158676,-0.012639191932976246,0.03470948338508606,-0.2480601817369461,-0.03592028468847275,-0.06316688656806946,-0.0011225796770304441,0.21484386920928955,-0.14613224565982819,0.013658281415700912,0.03310433775186539,0.07228442281484604,0.16102354228496552,-0.038235440850257874,-0.09902914613485336,-0.06944499164819717,0.02347320318222046,0.06409294158220291,0.001366165466606617,0.006895626429468393,0.008468813262879848,7.618693634867668e-4,0.0024751354940235615,0.0034794320818036795,AM7380
-0.020053794607520103,0.10385693609714508,-0.09471573680639267,0.08759415149688721,0.05852339044213295,-0.2268020510673523,-0.028953002765774727,-0.12627317011356354,-0.08918311446905136,-0.056553006172180176,0.1119406670331955,0.19257105886936188,-0.20719629526138306,0.058480843901634216,0.10448817908763885,0.06399894505739212,0.11501073837280273,-0.01470737811177969,0.03128084912896156,-0.05464988201856613,-0.012284304015338421,0.06152982637286186,0.0016148412832990289,0.003886197926476598,0.004749746061861515,8.308371179737151e-4,8.425883715972304e-4,0.0031103913206607103,AM7382
-0.07990910112857819,0.04983369633555412,0.05041056498885155,-0.06083697825670242,-0.1610276699066162,0.05037927255034447,0.2631928324699402,-8.25996627099812e-4,0.2602877914905548,0.050296470522880554,0.02782350964844227,0.06688668578863144,0.010961477644741535,0.0060094804503023624,0.08268669247627258,-0.04230773076415062,0.14925071597099304,-0.11864788085222244,0.2344437688589096,0.10878527909517288,0.0596512071788311,0.0841212347149849,-0.015137821435928345,0.01731601171195507,0.002626828383654356,0.004264137241989374,-0.007259250618517399,-0.0022593820467591286,AM7383
-0.02215024270117283,0.060589201748371124,-0.2502571642398834,0.09028390794992447,-0.13397563993930817,-0.0787188932299614,-0.056446023285388947,0.010980636812746525,0.14344748854637146,-0.06406509876251221,0.11290586739778519,-0.08017577975988388,0.08332998305559158,-0.009548074565827847,0.06557848304510117,0.010898683220148087,-0.02130838856101036,0.06815149635076523,0.01951988786458969,0.02746930904686451,-0.013129509054124355,-0.008143920451402664,-4.3518838356249034e-4,-0.002670017071068287,-0.0029327315278351307,-0.001761379069648683,-7.416954031214118e-4,-0.0010075621539726853,AM7384
-0.0032720796298235655,0.0797295793890953,-0.16429299116134644,0.14305563271045685,-0.22762839496135712,0.041742391884326935,0.14605063199996948,-0.11790092289447784,0.20313620567321777,-0.08502443879842758,0.14991682767868042,-0.11995319277048111,-6.998176104389131e-4,-0.08951399475336075,-0.010038315318524837,-0.08555775135755539,-0.020822666585445404,-0.022907493636012077,0.003397479187697172,0.024025095626711845,-0.11633321642875671,-0.10365594923496246,-0.003904706332832575,-0.009328998625278473,-0.006793151143938303,-0.0014125860761851072,-1.78298752871342e-4,-0.0032076563220471144,AM7385
-0.05187274515628815,-0.004220453090965748,-0.00783517211675644,-0.14064522087574005,0.031397540122270584,0.2348519116640091,0.218699648976326,-0.23682177066802979,0.28685298562049866,-0.12989652156829834,-0.0719793438911438,-0.10284706205129623,-0.11820560693740845,0.050357695668935776,0.11698783189058304,0.2961805462837219,0.0695175975561142,0.21867722272872925,0.0012158975005149841,0.14635266363620758,0.05453880503773689,0.07236240804195404,-0.004022037610411644,-0.0012520647142082453,-0.00192410743329674,-0.004276998341083527,-0.0036876194644719362,-7.243558648042381e-4,AM7386
0.0057441615499556065,0.14365433156490326,-0.0977950394153595,0.11191963404417038,-0.12917713820934296,-0.045700009912252426,-0.08534479886293411,-0.10269606113433838,0.14751487970352173,0.15533152222633362,-0.18594084680080414,0.1744195967912674,-0.06056605279445648,-0.24202919006347656,-0.1668814867734909,-0.0605391301214695,0.05655191093683243,-0.12727658450603485,-0.007303053978830576,0.04881991818547249,0.08557382225990295,-2.682126360014081e-4,-0.0069505926221609116,0.01023810263723135,0.00304213585332036,0.004608901217579842,-0.0016188882291316986,-0.002232293365523219,AM7387
-0.008085783571004868,0.0370059572160244,-0.20094554126262665,0.12253989279270172,-0.20847898721694946,-0.15095669031143188,0.017987683415412903,0.0823444202542305,0.11946563422679901,-0.12459870427846909,0.187568798661232,-0.26622429490089417,0.23370704054832458,0.08464096486568451,-0.06392140686511993,-0.10909364372491837,-0.017250781878829002,0.15558350086212158,0.00835893303155899,-0.10712127387523651,-0.0772089809179306,0.04087168723344803,0.016778789460659027,0.0013839741004630923,0.0017444954719394445,-0.004659024998545647,0.004325478337705135,0.0017619363497942686,AM7388
-0.030045147985219955,0.18439048528671265,0.1028595119714737,0.045179616659879684,-0.0890774354338646,-0.013040788471698761,-0.10437113046646118,0.15892468392848969,-0.021153993904590607,0.146156445145607,0.04881828650832176,0.13525113463401794,-0.18251392245292664,-0.02275414764881134,-0.09375132620334625,-0.08809718489646912,-0.1376786082983017,-0.26321855187416077,-0.13594934344291687,-0.023960238322615623,0.03473848104476929,-0.016843365505337715,2.4345933343283832e-4,0.0035512475296854973,0.0018137091537937522,0.006209447979927063,6.144926301203668e-4,-0.0010187334846705198,AM7409
-0.10175034403800964,-0.08389914780855179,0.021557072177529335,-0.006273677106946707,-0.11096823215484619,-0.29476749897003174,0.015704384073615074,-0.05883903428912163,-0.13636386394500732,-0.007955093868076801,-0.05938810110092163,0.10003377497196198,-0.008490742184221745,0.15587088465690613,-0.13987435400485992,-0.005934914108365774,-0.05195822939276695,-0.16194267570972443,-0.1302700638771057,-0.07534700632095337,0.02184263803064823,-0.020544828847050667,-8.030535536818206e-4,4.212016210658476e-5,0.004677577875554562,0.002623302163556218,0.002210162812843919,0.0030985709745436907,AM7416
-0.02311752922832966,0.05786929279565811,-0.12184678763151169,0.23606789112091064,-0.21423284709453583,-0.40333616733551025,0.14429394900798798,-0.08789036422967911,0.13001035153865814,0.202214315533638,-0.09442083537578583,-0.23477935791015625,0.08702059090137482,0.09612280130386353,-0.016733869910240173,-0.11863170564174652,0.0807230994105339,0.1079220175743103,-0.061435192823410034,-0.07532846927642822,-0.08293565362691879,0.044206153601408005,0.010764854028820992,0.004505077842622995,0.004268805496394634,-0.004184837453067303,0.0034067623782902956,0.0017000691732391715,AM7419
-0.010076691396534443,0.07102011889219284,-0.13268694281578064,0.15106302499771118,-0.19235563278198242,0.045226406306028366,0.16550575196743011,-0.06073429062962532,0.06300709396600723,-0.1965143382549286,0.11398419737815857,-0.2929719388484955,0.1456325203180313,0.11370814591646194,0.001331643434241414,-0.13643816113471985,-0.1251823902130127,0.1529691070318222,-0.02631860412657261,-0.10477782040834427,-0.18776702880859375,0.02364998310804367,0.02403041534125805,-0.005572468042373657,-0.0023842814844101667,-0.005308674648404121,0.005521886516362429,3.0342070385813713e-4,AM7420
-0.00764099694788456,0.11595193296670914,-0.22041118144989014,0.03623523563146591,-0.05310996249318123,-0.07186057418584824,-0.23052489757537842,-0.006226018536835909,0.07528597116470337,0.01803118735551834,-0.20161892473697662,0.14407183229923248,0.093917116522789,-0.0439588837325573,0.03334704414010048,-0.08010144531726837,-2.8600127279787557e-6,-0.006058204919099808,0.05683519318699837,-0.0675411969423294,0.017010163515806198,0.032994166016578674,0.006723642814904451,0.004102739039808512,0.003564657876268029,0.001379866385832429,0.002032662509009242,0.001459876075387001,AM7426
-0.030729705467820168,0.17786163091659546,-0.0498359389603138,0.007859117351472378,-0.10433261841535568,0.11274543404579163,-0.07052398473024368,0.0047421762719750404,0.053801074624061584,0.21808397769927979,-0.22705021500587463,0.030412668362259865,-0.07257350534200668,0.07900243252515793,0.15915584564208984,-0.17360645532608032,-0.13700956106185913,-0.19511936604976654,0.16378819942474365,0.037252675741910934,-0.004238449968397617,0.020373603329062462,-0.0032912432216107845,0.005490959156304598,-0.002240118570625782,0.005788491107523441,-0.003751121461391449,-0.0025314174126833677,AM7427
-0.10666731745004654,-0.1036030724644661,0.051147740334272385,-0.0361948125064373,-0.15643063187599182,-0.015586481429636478,0.09990148991346359,-0.11845716834068298,-0.08744794130325317,-0.10732908546924591,-0.15899519622325897,0.16509470343589783,-0.0763980820775032,-0.05916445329785347,-0.19753392040729523,-0.14696593582630157,-0.17337779700756073,0.07754089683294296,-0.055790819227695465,0.19635726511478424,-0.12041109055280685,-0.025429263710975647,-0.002348607173189521,0.004681320395320654,-0.01183856837451458,-0.0031454546842724085,-0.0037076890002936125,-0.006383400410413742,AM7492
-0.017060011625289917,-0.1390753984451294,-0.040037304162979126,-0.07106538861989975,-0.19590026140213013,0.2181563526391983,0.043315235525369644,0.07744354009628296,-0.2680407464504242,-0.14083939790725708,-0.22985118627548218,0.03702150657773018,-0.1198098212480545,-0.11849290132522583,-0.21927368640899658,-0.1241714358329773,-0.2933642268180847,0.25153064727783203,0.08489680290222168,0.1382366120815277,-0.09363459050655365,0.09044533222913742,0.020504653453826904,0.0075118932873010635,-0.010502401739358902,-0.003338769543915987,-0.0014211293309926987,-0.005426343064755201,AM7493
-0.015197139233350754,-0.19654884934425354,-0.06204778328537941,-0.11824581027030945,-0.13138286769390106,0.01567152887582779,-0.10264548659324646,0.14314629137516022,-0.32877057790756226,-0.07108066976070404,-0.009996818378567696,0.07968061417341232,-0.1756998896598816,0.1165304183959961,-0.14517304301261902,-0.36490416526794434,-0.0027946424670517445,0.12228094041347504,0.08859790861606598,0.08243755251169205,0.04884207248687744,0.10830025374889374,0.002781500341370702,0.026052583009004593,-8.213226683437824e-4,-0.004191637504845858,-0.0035128933377563953,-0.0025202466640621424,AM7495
-0.020030604675412178,-0.23536616563796997,-0.19077330827713013,-0.12736715376377106,-0.055254653096199036,0.10579710453748703,-0.04730800539255142,0.12709884345531464,-0.2373395562171936,0.15204443037509918,-0.08543488383293152,0.04441239312291145,-0.21303535997867584,-0.20029526948928833,0.06336445361375809,-0.1626865416765213,0.17390021681785583,-0.06690801680088043,0.06759555637836456,-0.2531498074531555,-0.10926217585802078,-0.013603616505861282,0.015316671691834927,-0.003240961581468582,0.00805954821407795,0.0018795991782099009,0.007709119934588671,0.0036203248891979456,AM7589
-0.023658890277147293,-0.04931667447090149,-0.047175537794828415,-0.2405112385749817,-0.10126575082540512,0.0590999573469162,0.1714363843202591,0.26169154047966003,-0.002297834726050496,0.21863490343093872,-0.1978374868631363,0.16752523183822632,-0.0044125947169959545,-0.011467372998595238,0.07626572251319885,-0.07105904817581177,0.14059703052043915,0.20200186967849731,-0.08648623526096344,-0.03958560898900032,0.13907979428768158,0.026405632495880127,0.001838022144511342,0.006348835304379463,0.004701506346464157,-0.005194968078285456,0.0020352469291538,0.0024029002524912357,AM7591
-0.016663528978824615,-0.19497288763523102,-0.09711890667676926,-7.305403123609722e-4,-0.18982088565826416,-0.025319309905171394,-0.16887398064136505,0.180134579539299,-0.11380988359451294,0.28209784626960754,-0.07830923050642014,-0.06661932915449142,-0.050127800554037094,0.013566562905907631,0.046884793788194656,-0.010934623889625072,0.17709439992904663,0.11668121814727783,0.23727045953273773,-0.062276460230350494,-0.03880668058991432,0.06371533870697021,0.007561661768704653,0.0023589227348566055,0.004434296395629644,-0.0012174848234280944,3.2896670745685697e-4,0.0031440146267414093,AM7628
-0.01137110311537981,-0.16094769537448883,-0.034906234592199326,-0.17807941138744354,-0.17431482672691345,0.013741403818130493,-0.05955931544303894,0.12962904572486877,-0.1281125694513321,0.05041653662919998,-0.2636343836784363,0.1527990847826004,-0.12902061641216278,0.01933312974870205,-0.08496513962745667,-0.08422817289829254,-0.039918456226587296,0.08690466731786728,-0.06084083020687103,-0.028169497847557068,-0.025013517588377,-0.08618772774934769,4.804380296263844e-4,-0.008303005248308182,-0.0034216204658150673,-0.0037893636617809534,0.002120455028489232,0.0011016831267625093,AM7629
0.0067216334864497185,-0.20078276097774506,-0.0673828274011612,-0.06311240792274475,-0.163076713681221,0.20034410059452057,-0.10139258950948715,0.03315975144505501,0.1835784912109375,0.1550520956516266,-0.03101775236427784,0.0640612542629242,-0.2800666093826294,-0.08746598660945892,-0.012945390306413174,0.06209941953420639,0.19036616384983063,-0.18237429857254028,-0.019468694925308228,0.0665578842163086,-0.16194379329681396,0.08518650382757187,-0.003930786158889532,0.01215759664773941,0.004479867406189442,0.003700671251863241,-0.002143821446225047,-0.001704974565654993,AM7633
-0.009386437013745308,-0.040539514273405075,-0.09483854472637177,-0.256088525056839,-0.009736932814121246,-0.03404445946216583,0.23853111267089844,0.11132920533418655,0.15574710071086884,0.19360189139842987,-0.010690431110560894,0.166026771068573,-0.1189376562833786,-0.08762609958648682,0.11589978635311127,0.1287888139486313,0.13217321038246155,0.10074526816606522,-0.02294529415667057,-0.031696267426013947,0.09092310070991516,0.06972290575504303,0.002553778700530529,0.0043556722812354565,0.005493493750691414,-2.2437328880187124e-4,0.0011970204068347812,0.00235912692733109,AM7634
