PEER1,PEER2,PEER3,PEER4,PEER5,PEER6,PEER7,PEER8,PEER9,PEER10,PEER11,PEER12,PEER13,PEER14,PEER15,PEER16,PEER17,PEER18,PEER19,PEER20,Donor
-0.02175474353134632,0.2354358732700348,-0.6150488257408142,0.1843743920326233,0.3461245000362396,-0.2752636671066284,-0.8015300035476685,-0.19084414839744568,0.035822682082653046,-0.7350561022758484,0.005335872992873192,0.24809761345386505,0.41566202044487,-0.5816821455955505,-0.053033582866191864,-0.06438052654266357,-0.4304809868335724,0.10750605165958405,0.5111888647079468,0.15518799424171448,AM7180
0.02079734392464161,0.22141876816749573,-0.24961215257644653,-0.2866527736186981,0.6466424465179443,-0.4357987344264984,-0.9652917981147766,0.3870059549808502,0.03699687495827675,-0.15892726182937622,0.9957647919654846,-0.2576935887336731,-0.4219171702861786,0.05830562487244606,-0.08229482918977737,-0.260101854801178,-0.2806988060474396,-0.7858721017837524,0.4530823528766632,0.5192390084266663,AM7181
-0.0038533650804311037,0.12982338666915894,-0.15603290498256683,-0.6714153289794922,0.47275492548942566,0.021627049893140793,-0.33042916655540466,0.4684455990791321,0.8934397101402283,-0.1882452815771103,1.2002660036087036,-0.5371347069740295,0.22772502899169922,-1.0483790636062622,-0.5604456663131714,-0.16514122486114502,-0.4971938729286194,-0.2727924585342407,0.08355123549699783,-0.11538689583539963,AM7182
0.12509198486804962,0.18919578194618225,-0.35283952951431274,0.03134087845683098,0.6779415607452393,-0.4977981150150299,-1.1896559000015259,-0.2829684913158417,-0.3060891032218933,-1.1010397672653198,0.27049943804740906,0.7792079448699951,0.04382496699690819,-0.45193836092948914,-0.03621203824877739,0.17585842311382294,0.3653557300567627,0.17630062997341156,0.5318555235862732,0.27505192160606384,AM7188
-0.10536082834005356,-0.46490418910980225,-0.15620601177215576,-0.13729071617126465,0.1933511346578598,-0.7555758953094482,-0.9298014044761658,-0.2314806878566742,-0.6835131049156189,-0.6165633201599121,0.22995270788669586,-0.6641836166381836,0.8571174740791321,-0.420589804649353,-0.3632890582084656,-0.2603216767311096,0.581727147102356,0.1444685161113739,0.6456149220466614,0.34858277440071106,AM7189
-0.05921006575226784,0.19340813159942627,0.4353327751159668,-0.41093477606773376,0.16544757783412933,0.6570831537246704,0.745525062084198,0.06457018107175827,0.3918457627296448,-1.0050406455993652,1.3857643604278564,0.14174456894397736,0.5703654289245605,0.043258197605609894,0.19332954287528992,-1.3950011730194092,0.194037064909935,-0.3679618835449219,0.8221337199211121,0.33778470754623413,AM7196
0.009482968598604202,0.28459030389785767,-0.42202672362327576,0.02442985773086548,0.543410062789917,0.2705770432949066,-1.0389491319656372,-0.037139665335416794,-0.5810824632644653,-0.988007128238678,-0.4109964370727539,0.3528146743774414,0.3325132131576538,-0.3076601028442383,0.302690327167511,0.18488101661205292,-0.3409588932991028,0.6785292029380798,0.2693636417388916,0.6608407497406006,AM7197
0.23557111620903015,-0.3155077397823334,0.8286094665527344,-0.02292264811694622,0.14652961492538452,-0.33197277784347534,-0.8298603296279907,-1.1376127004623413,0.1701415330171585,-0.6849387884140015,0.233888179063797,-0.4681641161441803,0.04478997737169266,-0.4007001221179962,-1.0314812660217285,0.6286536455154419,0.25947704911231995,0.31100454926490784,-0.34690186381340027,0.5403472185134888,AM7203
-0.034901317209005356,0.47838351130485535,0.3254750669002533,-0.10868880152702332,0.36512771248817444,-0.050981149077415466,-0.042547617107629776,0.18614771962165833,-0.5472816824913025,0.8406603336334229,0.004032700788229704,-0.9051364660263062,-1.0312687158584595,1.1469119787216187,-0.02949996292591095,-0.670739471912384,0.07217436283826828,0.18796531856060028,0.6751635670661926,0.1514718234539032,AM7204
0.015123018063604832,0.4397110342979431,0.18836365640163422,-0.13847990334033966,0.4930655360221863,-0.1199815571308136,-0.07333996891975403,-0.21526460349559784,-0.551285982131958,0.5910743474960327,-0.07864518463611603,-0.9985387325286865,-1.3714191913604736,0.24512873589992523,-0.9763466715812683,-0.2125532031059265,0.19494053721427917,0.38461002707481384,0.1567728966474533,0.15186507999897003,AM7205
0.7253111600875854,-0.047096990048885345,-0.15147507190704346,-0.14624828100204468,-0.1770898997783661,0.29935482144355774,0.4194430112838745,0.552213728427887,-0.9428770542144775,-0.10689321905374527,0.1850452870130539,1.2026991844177246,0.0812249556183815,0.3162102699279785,0.6016987562179565,-0.03177018091082573,-0.5595927238464355,-0.49537187814712524,0.6581282019615173,-0.19953975081443787,AM7208
0.6994597315788269,0.005533258896321058,0.07743118703365326,-0.12275297939777374,-0.42587515711784363,0.011024664156138897,0.03750360757112503,0.9678806662559509,-1.1254109144210815,0.16273093223571777,-0.12196860462427139,1.4111403226852417,0.3156830370426178,0.5606255531311035,1.1461186408996582,0.37767645716667175,0.5457194447517395,-0.388538122177124,1.5191597938537598,-0.031909823417663574,AM7209
0.8704893589019775,-0.12060615420341492,-0.09480218589305878,-0.1470687985420227,0.05487770214676857,0.45417580008506775,0.34788185358047485,0.2510526478290558,-0.053393252193927765,-0.34630998969078064,0.4144694209098816,0.6031268239021301,-0.41940969228744507,0.40678220987319946,0.2644195258617401,0.3884722888469696,-0.5794708132743835,0.0715530663728714,-0.3150422275066376,-0.3824601471424103,AM7211
0.8412825465202332,-0.14631763100624084,0.07255437970161438,0.15810652077198029,-0.5296531915664673,-0.5206106901168823,0.9410402178764343,0.22801612317562103,-0.5257315635681152,0.3326677978038788,0.46137529611587524,-0.8078565001487732,0.34240013360977173,-0.07869569212198257,-0.7785711288452148,0.4643237590789795,0.1958436369895935,0.04238852858543396,-0.6695996522903442,0.09094328433275223,AM7213
0.6654295921325684,-0.30061307549476624,-0.7817181348800659,-0.09139017015695572,9.87689709290862e-4,-0.5658395290374756,1.1801708936691284,-0.005265580490231514,0.733946681022644,0.3654785454273224,0.9054984450340271,-0.7158800363540649,-0.20858362317085266,-0.5766599774360657,-0.6400682926177979,0.0323902852833271,-0.3216920495033264,-0.9490369558334351,-0.741207480430603,-0.16264651715755463,AM7214
0.8820246458053589,-0.23576441407203674,-0.1214049905538559,-0.06458228826522827,0.17608070373535156,-0.6084453463554382,0.6294643878936768,0.13771739602088928,-0.28114596009254456,0.14376485347747803,0.3505387008190155,-0.40676096081733704,-0.26871949434280396,0.3969535827636719,0.48977720737457275,0.6565546989440918,-0.2792007029056549,0.1827806830406189,-0.5441685318946838,0.037516795098781586,AM7215
0.7459121346473694,-0.10874911397695541,-0.13633154332637787,-0.06721958518028259,-0.5649909973144531,0.48540887236595154,0.7069286108016968,0.5728091597557068,-0.14679446816444397,-0.05516607686877251,0.26638004183769226,-0.31100791692733765,0.2847050130367279,0.3684684932231903,0.37836650013923645,0.187508687376976,-0.7564088106155396,0.006777708884328604,-0.20408156514167786,0.10363519191741943,AM7216
-0.1234952062368393,-0.35762232542037964,0.01984146237373352,-0.11203446239233017,-0.07189150154590607,-1.0958644151687622,-0.6721276640892029,-0.5930735468864441,0.07498137652873993,-0.4336070120334625,-0.18761292099952698,-0.03959238901734352,0.1173982098698616,0.33577293157577515,-0.621763288974762,-0.13077735900878906,0.021287880837917328,-0.24594946205615997,0.5157606601715088,0.26907724142074585,AM7221
-0.10781785100698471,-0.3598671555519104,-0.08133532106876373,-0.2464059293270111,-0.05312446877360344,-1.1434177160263062,-0.5786064267158508,-0.9123561978340149,0.8036642670631409,-0.02791876532137394,-0.5742190480232239,-0.4744762182235718,-0.09840700775384903,0.29446709156036377,-0.18037164211273193,-0.7484430074691772,0.3037029504776001,-0.26673126220703125,0.17092345654964447,-0.01954852230846882,AM7223
0.05961946025490761,-0.3926410377025604,-0.028801454231142998,0.3300738036632538,0.34430110454559326,0.45529600977897644,-0.29147017002105713,-1.512829303741455,0.7510822415351868,1.1003726720809937,0.3824130892753601,-0.8114045262336731,0.011924901977181435,-0.8256198167800903,1.0146231651306152,-0.5834806561470032,-0.14935486018657684,0.18246211111545563,1.5886183977127075,-0.18457555770874023,AM7224
0.059672627598047256,0.12454355508089066,0.34047892689704895,-0.4740685522556305,0.19699963927268982,-0.29908275604248047,0.5856112837791443,-0.3506227731704712,0.6525538563728333,0.37816718220710754,0.05860990285873413,-0.11891145259141922,0.6716642379760742,-1.1181306838989258,-0.1696365773677826,-0.18298131227493286,0.8316991329193115,0.7393282055854797,0.40426144003868103,0.3465466797351837,AM7226
0.10166306793689728,-0.3549242615699768,0.5005972385406494,0.5896263718605042,0.4754734933376312,-0.31961435079574585,-0.5650246739387512,-1.038322925567627,0.5584767460823059,1.9975531101226807,-0.09834343940019608,-0.27573832869529724,0.596659243106842,-0.4392017126083374,1.4962366819381714,-0.7001878023147583,-0.9762101769447327,-0.3491925001144409,0.07253188639879227,-0.38784828782081604,AM7228
0.04857845976948738,0.2741139233112335,0.7406095266342163,-0.3064022958278656,0.1664116531610489,-0.5581739544868469,-0.00852187816053629,0.40283480286598206,0.21736866235733032,-0.09977589547634125,1.1775336265563965,-0.26144924759864807,0.02253551594913006,-0.28064969182014465,0.24830661714076996,-0.1486278623342514,0.4404250383377075,0.2742752134799957,0.027263721451163292,0.3942808210849762,AM7229
0.28633320331573486,0.16369663178920746,0.6421006917953491,-0.4428485929965973,0.5850885510444641,-0.7547880411148071,-0.06521845608949661,-0.13109828531742096,0.4647449851036072,0.5732566118240356,-0.3954658508300781,-0.6685355305671692,0.6670142412185669,-0.5674797892570496,-0.3820854723453522,-0.47011247277259827,0.10253409296274185,-0.07950549572706223,0.28087830543518066,0.32787415385246277,AM7230
-0.02675262652337551,-0.18930619955062866,0.5820178985595703,0.677230715751648,0.1261172592639923,-0.2148459106683731,-0.6417943835258484,-0.2370227575302124,-0.672182559967041,2.334184169769287,-1.1974905729293823,-0.48431432247161865,1.3692644834518433,-0.5314359664916992,0.6734960675239563,-0.8586986660957336,0.5471713542938232,0.7797941565513611,-0.7091038227081299,0.11837588995695114,AM7236
0.0104056466370821,0.08568540960550308,0.4207219183444977,-0.18852843344211578,-0.00978624913841486,-0.3534018099308014,0.7897440195083618,-0.49075576663017273,0.05503455922007561,0.8361895084381104,-0.4531119763851166,-0.23844371736049652,1.9375296831130981,-0.4351873993873596,-0.32325103878974915,0.2755465507507324,0.23910239338874817,-1.2062245607376099,0.3478342294692993,0.005378554575145245,AM7237
0.15677712857723236,0.2657894492149353,-0.19455170631408691,-0.18494506180286407,0.8021095991134644,-0.7840213179588318,-1.1079076528549194,-0.6173123121261597,0.07930002361536026,0.4567537307739258,-0.5599393248558044,0.23168613016605377,-0.8026516437530518,-0.0011649101506918669,0.5064148306846619,0.07347794622182846,0.6789852380752563,0.06855880469083786,-0.16561612486839294,0.12786392867565155,AM7241
0.23925340175628662,0.26412948966026306,-0.3042137920856476,-0.1455245167016983,0.7314814329147339,0.566658079624176,-0.7597970962524414,-0.9912473559379578,0.23809027671813965,-0.7452057003974915,-0.6684401035308838,0.3688216507434845,-0.08476432412862778,-0.5523117780685425,0.4756023585796356,-0.16530422866344452,0.2766907215118408,-0.21559305489063263,-0.4580762982368469,-0.052281372249126434,AM7242
0.046826012432575226,-0.4377390146255493,0.14838272333145142,-0.03060673363506794,0.10496892780065536,1.1022913455963135,-0.10565677285194397,-1.3976315259933472,-0.28712335228919983,-0.6907312273979187,0.44512563943862915,-0.34338444471359253,-0.3404519557952881,-1.5607068538665771,-0.24278785288333893,-0.28860190510749817,1.0386497974395752,-0.30971357226371765,-0.5222286581993103,0.6592376828193665,AM7243
0.1723129004240036,0.3920852541923523,0.23280881345272064,-0.3712546229362488,0.5491959452629089,0.48308300971984863,-0.4529699981212616,-0.24219226837158203,0.4002293050289154,0.4943043887615204,-0.6417765617370605,-0.4729657471179962,-0.4341733753681183,0.20555086433887482,-0.5366690158843994,-1.2873408794403076,0.1833866387605667,0.29433441162109375,-0.3195188641548157,0.12487637251615524,AM7255
0.24250642955303192,0.24958279728889465,-0.23800574243068695,0.08396445959806442,0.5754575729370117,0.6613703370094299,-0.37308743596076965,-1.3771578073501587,0.2830044627189636,-0.9037501811981201,-1.0100185871124268,0.7421204447746277,-0.11654388904571533,-0.07030615955591202,0.5479902625083923,-0.003321412019431591,0.28205448389053345,0.22158028185367584,-0.1614084541797638,0.08802637457847595,AM7256
-0.14954009652137756,-0.4665314257144928,-0.25445738434791565,-0.35046884417533875,0.1674867570400238,-0.23667548596858978,-0.5114501714706421,-0.19620871543884277,0.3334161639213562,-1.7075618505477905,1.1380633115768433,-0.5528519749641418,-0.2588455379009247,0.39074426889419556,-0.939461886882782,-0.6246813535690308,-0.18724478781223297,-0.9499016404151917,-0.2072729766368866,-1.2799475193023682,AM7260
0.09243674576282501,-0.2852516174316406,0.050482504069805145,0.3367057740688324,1.1515169143676758,1.3972835540771484,-0.37951532006263733,1.2052017450332642,2.158956527709961,-0.4807415008544922,-0.4890715479850769,0.14391092956066132,0.576272189617157,2.785640239715576,-1.4913753271102905,-0.36661064624786377,0.9650532603263855,0.44359758496284485,0.44881612062454224,-0.26975950598716736,AM7261
0.014631460420787334,-0.23671986162662506,0.3669741451740265,-0.23696884512901306,-0.32134607434272766,-0.16074632108211517,-0.45317068696022034,-0.30545774102211,0.29639914631843567,-0.8905705213546753,-0.5179211497306824,-0.5236503481864929,0.058192119002342224,1.9900379180908203,-0.41067153215408325,0.2683833837509155,1.209182620048523,0.4365696609020233,-0.23591531813144684,0.1912524253129959,AM7266
-0.042533185333013535,-0.24689361453056335,0.31989529728889465,-0.12690670788288116,-0.6114149689674377,-0.15919895470142365,-0.671977162361145,-0.22925813496112823,0.8627353310585022,-0.40385761857032776,-0.7796189188957214,-0.008910291828215122,0.3463754653930664,1.2245665788650513,-0.6191567182540894,-1.1389843225479126,-0.5648542642593384,-1.3787288665771484,0.3291453719139099,-0.834976315498352,AM7269
-0.02592974528670311,-0.4277498722076416,-0.027849605306982994,0.3203522264957428,0.22448813915252686,-0.1786053478717804,-0.6766220927238464,-0.6029778718948364,-0.8727073073387146,0.40374115109443665,1.0410507917404175,-0.7556195855140686,0.3481387197971344,0.016866829246282578,0.07934246212244034,-0.05936018377542496,1.200414776802063,0.40344610810279846,0.4590591788291931,-1.001601219177246,AM7270
0.132096067070961,0.29240086674690247,0.4727145731449127,-0.2401265799999237,1.0740768909454346,-0.4931569993495941,0.16623066365718842,-0.40776327252388,-1.231813669204712,0.3069312572479248,-0.21397832036018372,-0.7423421144485474,-1.1341642141342163,0.5158767104148865,-0.597118079662323,-0.2769513428211212,-0.09286751598119736,0.7387551069259644,-0.47415101528167725,-0.19075706601142883,AM7272
0.01371299009770155,0.3821922838687897,0.4715881645679474,-0.20220091938972473,0.5092338919639587,0.4394075572490692,1.3727877140045166,-0.7661023139953613,-1.2258895635604858,-0.2302258163690567,0.5500602722167969,-0.6183617115020752,-0.6314637064933777,1.205704927444458,0.1674651801586151,-1.280370831489563,0.5371333360671997,0.13410964608192444,0.22146493196487427,-0.5988526940345764,AM7273
0.037943847477436066,-0.13863614201545715,0.271818071603775,0.713553786277771,0.5206595659255981,0.3704737722873688,-0.21901334822177887,1.8695521354675293,1.3634278774261475,-1.5581169128417969,-0.9415488839149475,-1.2994672060012817,-0.5971289873123169,-1.0664381980895996,0.4782336950302124,-1.323286771774292,0.49661213159561157,-0.43429505825042725,-0.915185272693634,-1.9936673641204834,AM7277
-0.05672779306769371,-0.3070664703845978,0.6421405673027039,0.5178738236427307,-0.3007403612136841,-0.24637669324874878,-0.7507016658782959,-0.4182918965816498,0.3775928318500519,0.4367143213748932,-0.0704091414809227,0.17216423153877258,-1.0618711709976196,0.10753725469112396,0.9532808065414429,0.83512115478515625,-1.1281791925430298,-0.3286219537258148,-0.35356464982032776,-0.03679809346795082,AM7278
-0.18369992077350616,-0.2665160596370697,0.14748018980026245,1.001783847808838,0.4238264858722687,0.1349603831768036,0.6870706081390381,1.009229063987732,1.2423958778381348,0.6411066055297852,1.0814663171768188,1.692125916481018,-1.1267603635787964,0.6527659296989441,-0.895862340927124,-0.02357344515621662,0.01213910710066557,0.17614063620567322,-0.13055169582366943,0.46519795060157776,AM7280
-0.2459949105978012,-0.183157280087471,-0.10161451995372772,0.7854877710342407,0.8913810849189758,-0.4782203137874603,0.7339231967926025,2.4943535327911377,-1.500978708267212,-1.8454413414001465,-1.2445777654647827,-1.1851484775543213,0.9354586601257324,0.32981789112091064,2.380218029022217,-0.2888329029083252,1.4382426738739014,-0.9946697354316711,-0.5249448418617249,1.6073428392410278,AM7283
-0.19952024519443512,0.3718476891517639,0.6699543595314026,-0.30017489194869995,0.02106897532939911,-0.2053970992565155,0.3542419970035553,0.9540222883224487,-1.1272095441818237,-0.635321319103241,1.147899866104126,0.6362941265106201,0.2371039092540741,-0.10051246732473373,1.0862541198730469,-0.5293856859207153,0.10166950523853302,0.6498613357543945,-0.5335806608200073,0.4381355941295624,AM7284
0.04680461063981056,0.4936123192310333,0.389365553855896,0.5235563516616821,-0.4839487075805664,0.5737643837928772,-0.5985855460166931,0.12069424241781235,-0.9913648366928101,-1.4131673574447632,1.1121896505355835,1.7136129140853882,0.21996203064918518,-0.21935467422008514,-0.11923660337924957,-0.04286869615316391,0.6175532341003418,-0.7316252589225769,-1.4621660709381104,-0.9601637721061707,AM7285
-0.014147135429084301,-0.3423216938972473,-0.11268597096204758,0.6941859126091003,1.3916274309158325,-0.42952898144721985,0.20175158977508545,0.6309587359428406,0.16680097579956055,0.28731468319892883,0.6614174842834473,0.49338454008102417,0.7755598425865173,0.6701418161392212,-1.5463749170303345,0.9368261694908142,-0.5315070152282715,-0.06201929971575737,0.8483942151069641,0.29803696274757385,AM7294
-0.0345953144133091,0.04209505394101143,0.46303558349609375,0.9477601051330566,0.10409915447235107,0.28516897559165955,1.242514967918396,1.2507765293121338,-0.036748338490724564,-1.21064293384552,-2.8251287937164307,-2.28766131401062,-2.0588185787200928,-2.1029834747314453,-0.3539391756057739,1.9738013744354248,-0.0952279269695282,-0.11589640378952026,1.2782632112503052,-0.4525282382965088,AM7295
-0.3073694109916687,-0.4318457841873169,0.1271258443593979,0.264321893453598,-0.4228256344795227,0.1002681702375412,-0.1868225634098053,-0.3978051245212555,-0.8140173554420471,-1.2332851886749268,2.5333056449890137,0.3499448299407959,-1.024395227432251,-1.6570868492126465,-0.14871105551719666,0.0839221179485321,0.22761613130569458,-0.6694132685661316,0.2097262740135193,0.26067808270454407,AM7302
-0.19479793310165405,0.021872613579034805,0.5403844118118286,-0.22982332110404968,-0.5963152050971985,-0.5441264510154724,0.25330933928489685,0.7309504151344299,0.7969236373901367,-0.4337675869464874,0.160566508769989,1.119061827659607,0.37323659658432007,-1.165055513381958,-0.7379832863807678,0.02723522298038006,-0.2182719111442566,1.6676656007766724,0.4278574287891388,-0.7612394690513611,AM7303
-0.1355670988559723,0.2344958782196045,0.633230447769165,-0.4003218710422516,-0.15512493252754211,0.12153114378452301,0.02243778668344021,1.0932682752609253,0.5811468958854675,-0.8822756409645081,1.276383638381958,0.8308039903640747,0.23986192047595978,-1.1918714046478271,0.8940755128860474,-1.072762370109558,-1.4460999965667725,0.7288228273391724,0.8012667298316956,0.038909055292606354,AM7304
0.07279954850673676,-0.22543393075466156,0.15360619127750397,-0.71523284912109375,0.9170113801956177,-0.02155538834631443,-0.18557889759540558,-0.7583814263343811,-0.4634731113910675,-0.8518428206443787,-1.4525022506713867,-0.08894509077072144,1.4951003789901733,-0.9249836206436157,-0.977470338344574,-0.25603199005126953,-1.222173810005188,0.17363247275352478,-1.0199722051620483,-0.0856274664402008,AM7312
-0.21342027187347412,-0.22970375418663025,-0.12499996274709702,0.9298225045204163,1.0648562908172607,-1.234115481376648,0.706494927406311,1.362166404724121,-0.5335519313812256,0.2764444351196289,-0.4450201392173767,1.2343391180038452,0.06559981405735016,-0.3780895471572876,-0.6236958503723145,0.05377654358744621,-1.3369404077529907,-0.17057351768016815,-0.07105027139186859,-0.286907821893692,AM7313
-0.16949650645256042,-0.2147080898284912,0.05021878704428673,0.8967465162277222,0.5512166619300842,1.2975536584854126,1.2634239196777344,-0.3464955985546112,0.9157764315605164,1.185157060623169,0.4131729006767273,1.8982232809066772,-0.13598670065402985,0.045486968010663986,-1.334368109703064,-0.19066226482391357,1.5034254789352417,-0.09283263236284256,-0.47889000177383423,0.6701869964599609,AM7318
0.009904618375003338,0.44214150309562683,-0.2915570139884949,0.5498281717300415,-0.17201727628707886,0.5673424005508423,0.7877107262611389,-1.557856559753418,-0.5987092852592468,-0.41252651810646057,-1.1080816984176636,0.6173681616783142,0.6419870257377625,-0.0965038314461708,0.11910977959632874,-0.013600898906588554,-0.05929892510175705,0.22852270305156708,0.729464590549469,-0.20953911542892456,AM7319
-0.07861413806676865,-0.41463524103164673,-0.2990463078022003,0.34602779150009155,1.8347878456115723,0.4569835364818573,0.20627181231975555,0.03059503063559532,-0.15983597934246063,0.3726145327091217,-0.020479070022702217,0.9716805219650269,1.246774435043335,0.19122439622879028,-0.07847342640161514,0.2758888304233551,-1.5263296365737915,0.42643603682518005,0.16660287976264954,0.5860634446144104,AM7320
-0.304741770029068,-0.4143608510494232,-0.3372689187526703,0.5537839531898499,0.5432393550872803,0.5237186551094055,0.4479811489582062,-1.055662751197815,-0.8748536705970764,0.6678488254547119,1.3330326080322266,0.09102138131856918,-1.4430515766143799,0.09575161337852478,1.2030503749847412,0.18519890308380127,-0.6384546160697937,0.8444157242774963,0.27901551127433777,-0.4650094509124756,AM7321
-0.12940558791160583,0.41113948822021484,0.06140799820423126,-0.416418194770813,0.09989829361438751,1.1582404375076294,-0.22669854760169983,0.9079388976097107,-0.03730044141411781,0.3582472503185272,0.6904293894767761,-0.9045038223266602,0.4007483124732971,0.5396977663040161,-0.0592571459710598,0.34538865089416504,-1.1923424005508423,-0.5773435831069946,-0.44493427872657776,0.1758132427930832,AM7323
-0.11411161720752716,0.13894440233707428,0.3422865867614746,-0.17285525798797607,-0.5637421011924744,0.5017960667610168,0.9472986459732056,-0.07364089787006378,-0.04704718664288521,0.8808689117431641,-0.9280819892883301,-0.002631046576425433,1.8331280946731567,-0.2720293700695038,-0.552273154258728,-0.1134674921631813,-0.12736237049102783,-1.1782490015029907,-0.20902228355407715,0.24475398659706116,AM7325
-0.23660194873809814,0.15768881142139435,0.048514727503061295,-0.5737720131874084,0.7132733464241028,-0.5293681621551514,1.1308996677398682,-0.3084256947040558,-0.7628920078277588,0.11344799399375916,0.4072093069553375,0.4008185863494873,0.5007769465446472,0.1611355096101761,0.28361815214157104,1.0695457458496094,0.8425792455673218,0.764436662197113,0.4717523753643036,-0.6536706686019897,AM7327
-0.2213554084300995,0.46550315618515015,-0.10833890736103058,-0.1645413339138031,-0.4111289381980896,0.1402122676372528,-0.4464678466320038,1.045372486114502,-0.7327486276626587,1.3605554103851318,0.07511299848556519,-1.018841028213501,0.22546407580375671,0.3887062072753906,-1.3360638618469238,0.6262518167495728,0.10355956852436066,0.3659309148788452,0.31769344210624695,0.05175451189279556,AM7328
-0.10774295777082443,0.4297311007976532,-0.2731092572212219,0.2023916244506836,-0.6916171908378601,0.242606058716774,-1.4266232252120972,0.9722132682800293,-0.4559968113899231,-0.0847495049238205,-0.12566615641117096,0.45871269702911377,1.1612348556518555,0.10215846449136734,-0.0011999572161585093,1.1448609828948975,0.48893603682518005,0.5348610281944275,0.32874512672424316,0.005940432660281658,AM7329
-0.2740646004676819,-0.21944688260555267,0.33574405312538147,0.34877246618270874,-0.4473673701286316,0.5942344069480896,0.10516783595085144,-0.8203424215316772,-1.8954576253890991,0.5054717063903809,0.49970710277557373,-1.0830057859420776,0.7643036246299744,1.209358811378479,0.3907060921192169,1.2919361591339111,-0.8636579513549805,-0.15089298784732819,0.7747719287872314,-0.9582873582839966,AM7332
-0.2294653058052063,0.4337615370750427,-0.40096279978752136,-0.10437535494565964,0.18941856920719147,0.25512048602104187,0.39242681860923767,-0.15855009853839874,-0.9022774696350098,0.7585779428482056,0.4102282226085663,-0.7395017147064209,-0.5986424684524536,-0.42102205753326416,-1.636215090751648,0.44081658124923706,-0.4237651526927948,-0.3120841979980469,-0.16835327446460724,-0.13442964851856232,AM7333
-0.014100484549999237,0.5157281160354614,-0.20431068539619446,0.4089944660663605,-0.5440958142280579,0.5974141359329224,-0.4867580533027649,-0.25778406858444214,-1.1624022722244263,-0.48679837584495544,-0.3463576138019562,0.4242795705795288,1.2887200117111206,0.20699894428253174,-0.737882137298584,0.9676809310913086,0.6762765645980835,0.34800663590431213,0.07517621666193008,-0.8872573971748352,AM7334
-0.2805408537387848,-0.21733854711055756,-0.3091905415058136,-0.553462564945221,0.24955612421035767,-0.7816675305366516,0.20050692558288574,-0.11382262408733368,0.38205796480178833,-0.5794170498847961,-0.1157703548669815,0.10945246368646622,0.2007260024547577,-0.08205840736627579,0.40576791763305664,1.2423672676086426,0.09785403311252594,-0.36559855937957764,-0.2524191737174988,-0.807316780090332,AM7336
-0.2662873864173889,-0.05916329473257065,-0.42109137773513794,-0.7041485905647278,0.31296026706695557,-0.6801164150238037,0.8134870529174805,-0.23376496136188507,0.6380228400230408,0.19869592785835266,0.4343849718570709,0.08317705988883972,0.1971897929906845,-0.24195678532123566,0.8423144221305847,0.7870284914970398,0.2905344069004059,-0.21340352296829224,-0.28859850764274597,-0.6892843842506409,AM7337
-0.13549311459064484,0.4588139057159424,0.038925278931856155,-0.06624844670295715,0.09388720244169235,-0.4367403984069824,-0.15253539383411407,0.28466179966926575,-1.0543935298919678,1.342263102531433,-0.034237153828144073,-0.04303992539644241,-0.9397810697555542,-0.507235586643219,-0.41323521733283997,0.6649765372276306,-0.07241525501012802,-1.111552357673645,-1.3893903493881226,0.18937860429286957,AM7343
-0.2890346646308899,0.020499328151345253,-0.25300315022468567,-0.6296641230583191,0.05001141503453255,-0.42265135049819946,0.8552015423774719,0.553997278213501,0.3323444724082947,0.10654404014348984,0.35047978162765503,0.45064160227775574,1.0538749694824219,-0.8200246691703796,-0.32665103673934937,0.818848729133606,0.5940266251564026,-0.35047048330307007,-0.3136572241783142,0.016350723803043365,AM7344
-0.015927230939269066,-0.41444259881973267,0.25972896814346313,-0.24060064554214478,-0.6701578497886658,1.258798360824585,-1.7206535339355469,0.24872149527072906,-0.3855530917644501,-0.22963903844356537,0.673534095287323,-1.3488119840621948,1.2119516134262085,0.20767205953598022,-0.07963275164365768,1.6961939334869385,0.6604323983192444,-0.6489689350128174,-0.40325862169265747,0.4883677065372467,AM7345
-0.13069966435432434,-0.2208750993013382,0.12876762449741364,0.4539468586444855,-0.11151674389839172,1.586136817932129,-0.798642098903656,0.5012346506118774,0.43789297342300415,1.4851173162460327,0.7936752438545227,-0.2819741666316986,1.3500018119812012,-0.6994067430496216,0.9505922198295593,0.16938060522079468,-0.41730383038520813,0.26977404952049255,-1.2168766260147095,-0.872783899307251,AM7346
-0.05543306842446327,0.41929423809051514,-0.30815351009368896,-0.3547070622444153,0.44323042035102844,1.1130062341690063,-0.28019624948501587,-0.30737414956092834,0.21510820090770721,0.17728671431541443,-0.4209057688713074,-0.7772136330604553,-1.0084662437438965,0.0697171688079834,0.007036963012069464,0.5277891755104065,-0.30947449803352356,0.08698040246963501,-0.14849108457565308,0.5450761914253235,AM7353
-0.2874755859375,0.137690469622612,-0.5269942879676819,-0.6560178995132446,0.4129536747932434,-0.04886985197663307,0.24977873265743256,0.40133175253868103,0.5974911451339722,0.5061483979225159,0.2586662173271179,-0.5655961632728577,-0.28079909086227417,0.8245041370391846,1.0885899066925049,0.23297759890556335,0.17124319076538086,0.036547333002090454,-0.4593908488750458,0.3889652490615845,AM7354
0.13932278752326965,0.4283047020435333,0.23722226917743683,0.33322954177856445,-0.49684885144233704,-0.6229416131973267,-1.5561178922653198,0.1488986313343048,1.1682847738265991,-0.08713582158088684,-0.4655623733997345,1.0023962259292603,-0.9246648550033569,0.31811076402664185,0.6916700601577759,0.3437752425670624,-0.09589866548776627,0.5425257682800293,0.34378233551979065,-0.40346962213516235,AM7356
0.037674687802791595,-0.1759294718503952,0.9325230717658997,0.09289652109146118,-0.9100314974784851,-0.8735831379890442,-0.8252124786376953,0.2698732912540436,1.668344497680664,-0.6404870748519897,0.3334207236766815,0.6102576851844788,-0.8970842361450195,0.8311901092529297,0.7530070543289185,1.920103669166565,-0.5687594413757324,0.6217536926269531,-0.1556643545627594,0.9518429040908813,AM7359
-0.2581522762775421,-0.10146582126617432,0.27541399002075195,-0.1472703218460083,-0.451803982257843,0.09561160951852798,1.2958132028579712,-1.2178065776824951,-0.4162563681602478,-0.8392814993858337,-0.7077654600143433,0.33976078033447266,-0.17045332491397858,1.4174067974090576,0.5373218059539795,0.4665946960449219,-0.36421793699264526,-1.045019268989563,0.2799249589443207,0.23829899728298187,AM7361
-0.42023390531539917,-0.32248517870903015,-0.2811620235443115,-0.3068528473377228,-0.1429380625486374,0.026635482907295227,0.34462571144104004,-0.6789664626121521,0.05941619351506233,-0.3237687349319458,-1.0199670791625977,0.25689616799354553,-0.7056238055229187,1.7717465162277222,1.5741736888885498,-0.12421952933073044,-0.924055814743042,-0.29333311319351196,-1.5220682621002197,-0.28292128443717957,AM7362
-0.1265677958726883,0.33269912004470825,-0.319566011428833,-0.3791635036468506,0.1694972962141037,0.26443973183631897,-0.9618942737579346,1.0704327821731567,1.001961350440979,0.459787517786026,0.629081130027771,-1.0350878238677979,-0.5292825102806091,0.26704537868499756,0.24690935015678406,0.17939230799674988,-0.8646515607833862,-0.1651482880115509,0.2465430051088333,-0.0011133071966469288,AM7365
-0.08015691488981247,-0.11429856717586517,0.02241610735654831,-0.6330516338348389,0.012685910798609257,0.15667225420475006,0.4318140149116516,-0.5744419693946838,0.9031487703323364,-0.2945214509963989,-1.4720085859298706,0.22107723355293274,1.060798168182373,-0.48994573950767517,0.21792636811733246,0.28636816143989563,-0.8678080439567566,-0.05553667992353439,-0.2953993082046509,0.2505938410758972,AM7372
-0.0028161045629531145,0.29132378101348877,-0.09570569545030594,0.7647313475608826,-0.986318051815033,-0.06151668727397919,1.2958685159683228,-0.7177897691726685,0.32261189818382263,-0.6558762192726135,0.4688675105571747,-0.49436548352241516,0.26458123326301575,-0.08256472647190094,-0.14824187755584717,-0.9654923677444458,-0.356085866689682,0.37810760736465454,0.02544422447681427,0.3885130286216736,AM7373
0.09591094404459,0.40953630208969116,0.058841101825237274,0.5945602655410767,-0.22474411129951477,-0.04817279800772667,0.16343988478183746,-1.1994905471801758,-0.1913796216249466,-0.3292533755302429,0.012797607108950615,1.096039891242981,-0.7352418899536133,0.08960466086864471,0.16368058323860168,0.3767428398132324,0.7824859619140625,-0.19661180675029755,-0.5014891028404236,-0.2565889358520508,AM7380
-0.04707689955830574,0.2896217405796051,-0.2880476117134094,0.3054831922054291,0.24831439554691315,-0.9723526239395142,-0.1417829990386963,-0.60189056396484375,-0.4358000159263611,-0.3038392961025238,0.5814923644065857,0.9773217439651489,-1.0554755926132202,0.3124561309814453,0.5219956040382385,0.3174424171447754,0.5267870426177979,-0.01924004964530468,0.06854193657636642,0.015964701771736145,AM7382
-0.18530595302581787,0.14184188842773438,0.15164406597614288,-0.21029457449913025,-0.6666334271430969,0.21820513904094696,1.2637354135513306,-0.006074180360883474,1.2932814359664917,0.24329984188079834,0.14946545660495758,0.33075693249702454,0.06310861557722092,0.04398760199546814,0.40787628293037415,-0.19529782235622406,0.7797951102256775,-0.5791662335395813,1.186160922050476,0.3888185918331146,AM7383
-0.05137157440185547,0.17095018923282623,-0.752255916595459,0.31695976853370667,-0.5511603355407715,-0.32421204447746277,-0.28753820061683655,0.05737815797328949,0.7097967863082886,-0.3449418246746063,0.5481484532356262,-0.41296616196632385,0.41365349292755127,-0.040062230080366135,0.33849236369132996,0.03639776632189751,-0.10048357397317886,0.33197319507598877,0.1227901503443718,0.052531465888023376,AM7384
-0.006892676465213299,0.22655294835567474,-0.4932805001735687,0.5008248686790466,-0.9338299036026001,0.19910234212875366,0.6816815733909607,-0.5722261667251587,0.99738609790802,-0.4655283987522125,0.7376575469970703,-0.6041738986968994,0.012550456449389458,-0.45972928404808044,-0.04825619235634804,-0.428719162940979,-0.1451302170753479,0.016530802473425865,-0.15707379579544067,0.5417781472206116,AM7385
-0.120538130402565,-0.010587479919195175,-0.022568251937627792,-0.4906790554523468,0.12380431592464447,1.02029550075531,1.0528022050857544,-1.1600947380065918,1.4272760152816772,-0.6518672704696655,-0.3725672662258148,-0.5141953825950623,-0.6028384566307068,0.27625319361686707,0.5743076801300049,1.4460761547088623,0.3914499878883362,0.8841750621795654,0.30600711703300476,-0.12934164702892303,AM7386
0.014101110398769379,0.40255001187324524,-0.29356682300567627,0.39110255241394043,-0.5242350697517395,-0.19508568942546844,-0.4097629487514496,-0.5012462735176086,0.7244836091995239,0.78516685962677,-0.9070661067962646,0.9036146998405457,-0.2686460614204407,-1.220571756362915,-0.8597621321678162,-0.2605787217617035,0.35748639702796936,-0.6994343996047974,0.07506711781024933,-0.13166581094264984,AM7387
-0.018354997038841248,0.10617633163928986,-0.60501629114151,0.43034377694129944,-0.8566600680351257,-0.6371859908103943,0.06752262264490128,0.40514859557151794,0.5837590098381042,-0.6650964021682739,0.9073890447616577,-1.3645923137664795,1.1638094186782837,0.4324592053890228,-0.2942490577697754,-0.562240481376648,-0.1450287103652954,0.87342768907547,-0.11563987284898758,-0.016358647495508194,AM7388
-0.06977615505456924,0.5137850642204285,0.3106642961502075,0.15618835389614105,-0.3574707806110382,-0.0639549121260643,-0.5020873546600342,0.7773445844650269,-0.10409040004014969,0.741811990737915,0.2521623969078064,0.6849367022514343,-0.886386513710022,-0.14690056443214417,-0.48513656854629517,-0.41513529419898987,-0.6831783652305603,-1.3291711807250977,-0.6576599478721619,-0.1283772736787796,AM7409
-0.23696956038475037,-0.23174192011356354,0.06121564283967018,-0.01956082135438919,-0.4597633183002472,-1.2813003063201904,0.08721888065338135,-0.2908487021923065,-0.6722967028617859,-0.05878263711929321,-0.27031806111335754,0.5176159143447876,-0.028264658525586128,0.7654841542243958,-0.7036397457122803,-0.007620668038725853,-0.28255176544189453,-0.8032840490341187,-0.6743575930595398,-0.2248559445142746,AM7416
-0.052640702575445175,0.1661812961101532,-0.3714817762374878,0.8286877274513245,-0.8792399168014526,-1.7388405799865723,0.6957432627677917,-0.4339645504951477,0.6407080888748169,0.9653459787368774,-0.4584575891494751,-1.1748300790786743,0.42005130648612976,0.49034368991851807,-0.1016259491443634,-0.592975378036499,0.3307593762874603,0.6255255937576294,-0.4365599751472473,0.07991595566272736,AM7419
-0.023309269919991493,0.20135705173015594,-0.39855048060417175,0.527661919593811,-0.7867977023124695,0.21219849586486816,0.7769792079925537,-0.29144737124443054,0.2949120104312897,-1.0227108001708984,0.5327003598213196,-1.4802682399749756,0.7224065065383911,0.5582561492919922,0.019962400197982788,-0.6984828114509583,-0.7282211184501648,0.9503083229064941,-0.4118332266807556,0.36594438552856445,AM7420
-0.01781526766717434,0.3232242465019226,-0.6621854305267334,0.1264926791191101,-0.21306174993515015,-0.30365219712257385,-1.113226056098938,-0.02530830167233944,0.36459749937057495,0.10688178986310959,-1.0177885293960571,0.743405818939209,0.476043701171875,-0.21379195153713226,0.16109204292297363,-0.38440611958503723,0.004885169677436352,0.015552660450339317,0.22186113893985748,-0.14351943135261536,AM7426
-0.07142022252082825,0.49618783593177795,-0.14770065248012543,0.026249947026371956,-0.4232192933559418,0.48451119661331177,-0.33774304389953613,0.020866332575678825,0.2577298581600189,1.1194679737091064,-1.1469855308532715,0.17837679386138916,-0.3613256812095642,0.3713003396987915,0.750515341758728,-0.8603340983390808,-0.6858411431312561,-0.8913069367408752,0.7248090505599976,0.4152253270149231,AM7427
-0.248407781124115,-0.286023885011673,0.1537385880947113,-0.12530282139778137,-0.6488943099975586,-0.07122770696878433,0.4895075857639313,-0.5833443403244019,-0.43442288041114807,-0.545287013053894,-0.7782238721847534,0.879004180431366,-0.3518121838569641,-0.33536243438720703,-1.0338455438613892,-0.6954368352890015,-0.8186227083206177,0.3452664911746979,-0.20158329606056213,0.6981292963027954,AM7492
-0.03988399729132652,-0.3863978087902069,-0.11744579672813416,-0.24797296524047852,-0.8109882473945618,0.9431716799736023,0.20850664377212524,0.3744274973869324,-1.3382017612457275,-0.6850953102111816,-1.1551114320755005,0.23250503838062286,-0.5905165672302246,-0.6298249959945679,-1.1528185606002808,-0.608542799949646,-1.4030659198760986,1.1858456134796143,0.5179404020309448,0.40902048349380493,AM7493
-0.03560725226998329,-0.5479606986045837,-0.185644268989563,-0.41124147176742554,-0.548787534236908,0.06481654942035675,-0.49049612879753113,0.6937968730926514,-1.623307466506958,-0.34257495403289795,-0.05647508054971695,0.42571866512298584,-0.8863205313682556,0.577075183391571,-0.7909236550331116,-1.8070940971374512,0.05246036872267723,0.4527251422405243,0.5643104910850525,0.014582041651010513,AM7495
-0.04767913743853569,-0.656609296798706,-0.5726550817489624,-0.44279012084007263,-0.241078183054924,0.45682528614997864,-0.22531284391880035,0.6140860319137573,-1.16831636428833,0.785207211971283,-0.42191916704177856,0.23242639005184174,-1.087934136390686,-0.9968178868293762,0.317965567111969,-0.7932190299034119,0.7341777086257935,-0.025350423529744148,-0.14789915084838867,0.1275043785572052,AM7589
-0.05445590987801552,-0.13776680827140808,-0.14165958762168884,-0.8357683420181274,-0.4281631410121918,0.24889682233333588,0.8316003680229187,1.2749093770980835,-4.485549870878458e-4,1.1273515224456787,-0.9640922546386719,0.8437262773513794,-0.03701978921890259,-0.018073391169309616,0.34751614928245544,-0.35345205664634705,0.7654691934585571,0.786737859249115,-0.19158004224300385,-0.8531256318092346,AM7591
-0.03877706825733185,-0.5422012209892273,-0.2904752790927887,5.0416463636793196e-5,-0.7926470041275024,-0.11745664477348328,-0.8076316118240356,0.8613881468772888,-0.5598152875900269,1.429159164428711,-0.39255478978157043,-0.3483298718929291,-0.28885671496391296,0.09148989617824554,0.22566834092140198,-0.05734100192785263,0.8182509541511536,0.7170631885528564,0.9681643843650818,0.23465637862682343,AM7628
-0.025897474959492683,-0.44758912920951843,-0.1040261834859848,-0.6186337471008301,-0.7258716225624084,0.05133578181266785,-0.27648890018463135,0.624474048614502,-0.6320233345031738,0.27541011571884155,-1.308929443359375,0.7994803786277771,-0.6415097117424011,0.08750937879085541,-0.47072508931159973,-0.402749240398407,-0.20438626408576965,0.4069291949272156,-0.32898950576782227,-0.09390895068645477,AM7629
0.016000116243958473,-0.5578154921531677,-0.19889549911022186,-0.2190510779619217,-0.6845288276672363,0.8648650050163269,-0.48771610856056213,0.14280997216701508,0.9216627478599548,0.7939253449440002,-0.15594053268432617,0.32837986946105957,-1.3892310857772827,-0.4549396336078644,-0.062324389815330505,0.36248350143432617,0.8459100127220154,-0.7019612789154053,-0.3279663026332855,0.9667149186134338,AM7633
-0.020991956815123558,-0.11289021372795105,-0.2874315083026886,-0.8892250657081604,-0.052107494324445724,-0.14706654846668243,1.151344895362854,0.5443779230117798,0.7935127019882202,0.9741479754447937,-0.0143217658624053,0.827970564365387,-0.6067573428153992,-0.4012797176837921,0.5768703818321228,0.6316536664962769,0.678252637386322,0.39554476737976074,0.03510449826717377,-0.5304827690124512,AM7634
