TermID	Term	Enrichment	logP	Genes in Term	Target Genes in Term	Fraction of Targets in Term	Total Target Genes	Total Genes	Entrez Gene IDs	Gene Symbols
SM00213	UBQ	0.0016083479049272	-6.43254777284198	41	2	0.142857142857143	14	9476	8638,9636	OASL,ISG15
SM00848	Inhibitor_I29	0.0102994378693948	-4.57566596102277	7	1	0.0714285714285714	14	9476	1515	CTSV
SM00729	Elp3	0.0102994378693948	-4.57566596102277	7	1	0.0714285714285714	14	9476	91543	RSAD2
SM00645	Pept_C1	0.0190490375272177	-3.96073870219142	13	1	0.0714285714285714	14	9476	1515	CTSV
SM00284	OLF	0.0190490375272177	-3.96073870219142	13	1	0.0714285714285714	14	9476	22859	ADGRL1
SM00294	4.1m	0.0205003017645488	-3.88731567272422	14	1	0.0714285714285714	14	9476	199731	CADM4
SM00865	Tubulin_C	0.0291661033589282	-3.53474808788136	20	1	0.0714285714285714	14	9476	7846	TUBA1A
SM00864	Tubulin	0.030603463189587	-3.48664210029744	21	1	0.0714285714285714	14	9476	7846	TUBA1A
SM00008	HormR	0.0349036950618916	-3.35516257967929	24	1	0.0714285714285714	14	9476	22859	ADGRL1
SM00303	GPS	0.043451069703574	-3.13611980838911	30	1	0.0714285714285714	14	9476	22859	ADGRL1
SM00408	IGc2	0.0465140068465564	-3.06800178924063	237	2	0.142857142857143	14	9476	199731,4162	CADM4,MCAM
SM00612	Kelch	0.0810515176330401	-2.51267030632381	57	1	0.0714285714285714	14	9476	200942	KLHDC8B
SM00209	TSP1	0.0905732095275259	-2.40159681024042	64	1	0.0714285714285714	14	9476	157869	SBSPON
SM00409	IG	0.111974863117973	-2.18948086932334	392	2	0.142857142857143	14	9476	199731,4162	CADM4,MCAM
SM00028	TPR	0.170998022160635	-1.76610328885844	126	1	0.0714285714285714	14	9476	3433	IFIT2
SM00225	BTB	0.229831510103327	-1.47040880328377	175	1	0.0714285714285714	14	9476	255877	BCL6B
SM00355	ZnF_C2H2	0.29409226124046	-1.22386174712963	730	2	0.142857142857143	14	9476	85460,255877	ZNF518B,BCL6B
SM00220	S_TKc	0.407962856758625	-0.896579146078439	348	1	0.0714285714285714	14	9476	10645	CAMKK2
SM00356	ZnF_C3H1	0.999999999982626	-1.737416269843e-11	46	0	0	14	9476
SM00399	ZnF_C4	0.999999999982626	-1.737416269843e-11	46	0	0	14	9476
SM00078	IlGF	0.999999999983561	-1.64392539988201e-11	10	0	0	14	9476
SM00562	NDK	0.999999999983561	-1.64392539988201e-11	10	0	0	14	9476
SM00045	DAGKa	0.999999999983561	-1.64392539988201e-11	10	0	0	14	9476
SM00755	Grip	0.999999999983561	-1.64392539988201e-11	10	0	0	14	9476
SM00591	RWD	0.999999999983561	-1.64392539988201e-11	10	0	0	14	9476
SM00509	TFS2N	0.999999999983561	-1.64392539988201e-11	10	0	0	14	9476
SM00855	PGAM	0.999999999983561	-1.64392539988201e-11	10	0	0	14	9476
SM01017	Arrestin_C	0.999999999983561	-1.64392539988201e-11	10	0	0	14	9476
SM00849	Lactamase_B	0.999999999983561	-1.64392539988201e-11	10	0	0	14	9476
SM00745	MIT	0.999999999983561	-1.64392539988201e-11	10	0	0	14	9476
SM00545	JmjN	0.999999999983561	-1.64392539988201e-11	10	0	0	14	9476
SM00128	IPPc	0.999999999983561	-1.64392539988201e-11	10	0	0	14	9476
SM00159	PTX	0.999999999983561	-1.64392539988201e-11	10	0	0	14	9476
SM00543	MIF4G	0.999999999983561	-1.64392539988201e-11	10	0	0	14	9476
SM01190	EMP24_GP25L	0.999999999983561	-1.64392539988201e-11	10	0	0	14	9476
SM00200	SEA	0.999999999983561	-1.64392539988201e-11	10	0	0	14	9476
SM00134	LU	0.999999999983561	-1.64392539988201e-11	10	0	0	14	9476
SM01052	CAP_GLY	0.999999999983561	-1.64392539988201e-11	10	0	0	14	9476
SM00386	HAT	0.999999999983561	-1.64392539988201e-11	10	0	0	14	9476
SM01349	TOG	0.999999999983561	-1.64392539988201e-11	10	0	0	14	9476
SM00102	ADF	0.999999999983561	-1.64392539988201e-11	10	0	0	14	9476
SM00472	MIR	0.999999999983561	-1.64392539988201e-11	10	0	0	14	9476
SM00442	FGF	0.999999999983901	-1.6099408767854e-11	22	0	0	14	9476
SM00513	SAP	0.999999999983901	-1.6099408767854e-11	22	0	0	14	9476
SM00397	t_SNARE	0.999999999983901	-1.6099408767854e-11	22	0	0	14	9476
SM00055	FCH	0.999999999983901	-1.6099408767854e-11	22	0	0	14	9476
SM01289	PYRIN	0.999999999983901	-1.6099408767854e-11	22	0	0	14	9476
SM01379	GAGE	0.999999999983901	-1.6099408767854e-11	22	0	0	14	9476
SM00801	dDENN	0.999999999984393	-1.56072563573772e-11	16	0	0	14	9476
SM00831	Cation_ATPase_N	0.999999999984393	-1.56072563573772e-11	16	0	0	14	9476
SM00726	UIM	0.999999999984393	-1.56072563573772e-11	16	0	0	14	9476
SM00799	DENN	0.999999999984393	-1.56072563573772e-11	16	0	0	14	9476
SM00043	CY	0.999999999984393	-1.56072563573772e-11	16	0	0	14	9476
SM00352	POU	0.999999999984393	-1.56072563573772e-11	16	0	0	14	9476
SM00222	Sec7	0.999999999984393	-1.56072563573772e-11	16	0	0	14	9476
SM00427	H2B	0.999999999984393	-1.56072563573772e-11	16	0	0	14	9476
SM00088	PINT	0.999999999984393	-1.56072563573772e-11	16	0	0	14	9476
SM00275	G_alpha	0.999999999984393	-1.56072563573772e-11	16	0	0	14	9476
SM00829	PKS_ER	0.999999999984393	-1.56072563573772e-11	16	0	0	14	9476
SM00563	PlsC	0.999999999984393	-1.56072563573772e-11	16	0	0	14	9476
SM00136	LamNT	0.999999999984393	-1.56072563573772e-11	16	0	0	14	9476
SM00702	P4Hc	0.999999999984393	-1.56072563573772e-11	16	0	0	14	9476
SM00913	IBN_N	0.999999999984393	-1.56072563573772e-11	16	0	0	14	9476
SM00291	ZnF_ZZ	0.999999999984393	-1.56072563573772e-11	16	0	0	14	9476
SM00146	PI3Kc	0.999999999984393	-1.56072563573772e-11	16	0	0	14	9476
SM00207	TNF	0.999999999984393	-1.56072563573772e-11	16	0	0	14	9476
SM00130	KR	0.999999999984393	-1.56072563573772e-11	16	0	0	14	9476
SM00568	GRAM	0.999999999984393	-1.56072563573772e-11	16	0	0	14	9476
SM00033	CH	0.99999999998498	-1.50203883800309e-11	66	0	0	14	9476
SM00239	C2	0.999999999986178	-1.38219120376752e-11	122	0	0	14	9476
SM00060	FN3	0.999999999986848	-1.31519916644187e-11	149	0	0	14	9476
SM00329	BPI2	0.99999999998718	-1.28203717298458e-11	9	0	0	14	9476
SM00921	MHC_II_beta	0.99999999998718	-1.28203717298458e-11	9	0	0	14	9476
SM00166	UBX	0.99999999998718	-1.28203717298458e-11	9	0	0	14	9476
SM00727	STI1	0.99999999998718	-1.28203717298458e-11	9	0	0	14	9476
SM00393	R3H	0.99999999998718	-1.28203717298458e-11	9	0	0	14	9476
SM00218	ZU5	0.99999999998718	-1.28203717298458e-11	9	0	0	14	9476
SM01039	BRICHOS	0.99999999998718	-1.28203717298458e-11	9	0	0	14	9476
SM00145	PI3Ka	0.99999999998718	-1.28203717298458e-11	9	0	0	14	9476
SM00350	MCM	0.99999999998718	-1.28203717298458e-11	9	0	0	14	9476
SM00561	MBT	0.99999999998718	-1.28203717298458e-11	9	0	0	14	9476
SM00274	FOLN	0.99999999998718	-1.28203717298458e-11	9	0	0	14	9476
SM00139	MyTH4	0.99999999998718	-1.28203717298458e-11	9	0	0	14	9476
SM00288	VHS	0.99999999998718	-1.28203717298458e-11	9	0	0	14	9476
SM00273	ENTH	0.99999999998718	-1.28203717298458e-11	9	0	0	14	9476
SM00949	PAZ	0.99999999998718	-1.28203717298458e-11	9	0	0	14	9476
SM01139	Drf_FH3	0.99999999998718	-1.28203717298458e-11	9	0	0	14	9476
SM00107	BTK	0.99999999998718	-1.28203717298458e-11	9	0	0	14	9476
SM00511	ORANGE	0.99999999998718	-1.28203717298458e-11	9	0	0	14	9476
SM00503	SynN	0.99999999998718	-1.28203717298458e-11	9	0	0	14	9476
SM00387	HATPase_c	0.99999999998718	-1.28203717298458e-11	9	0	0	14	9476
SM00316	S1	0.99999999998718	-1.28203717298458e-11	9	0	0	14	9476
SM01026	Beach	0.99999999998718	-1.28203717298458e-11	9	0	0	14	9476
SM00557	IG_FLMN	0.99999999998718	-1.28203717298458e-11	9	0	0	14	9476
SM00348	IRF	0.99999999998718	-1.28203717298458e-11	9	0	0	14	9476
SM01140	Drf_GBD	0.99999999998718	-1.28203717298458e-11	9	0	0	14	9476
SM01025	BEN	0.99999999998718	-1.28203717298458e-11	9	0	0	14	9476
SM00018	PD	0.99999999998718	-1.28203717298458e-11	9	0	0	14	9476
SM00668	CTLH	0.99999999998718	-1.28203717298458e-11	9	0	0	14	9476
SM00809	Alpha_adaptinC2	0.99999999998718	-1.28203717298458e-11	9	0	0	14	9476
SM00506	A1pp	0.99999999998718	-1.28203717298458e-11	9	0	0	14	9476
SM01330	Frizzled	0.999999999987887	-1.21126894762456e-11	11	0	0	14	9476
SM00460	TGc	0.999999999987887	-1.21126894762456e-11	11	0	0	14	9476
SM00244	PHB	0.999999999987887	-1.21126894762456e-11	11	0	0	14	9476
SM00246	WH2	0.999999999987887	-1.21126894762456e-11	11	0	0	14	9476
SM00310	PTBI	0.999999999987887	-1.21126894762456e-11	11	0	0	14	9476
SM00391	MBD	0.999999999987887	-1.21126894762456e-11	11	0	0	14	9476
SM00569	L27	0.999999999987887	-1.21126894762456e-11	11	0	0	14	9476
SM00232	JAB_MPN	0.999999999987887	-1.21126894762456e-11	11	0	0	14	9476
SM00461	WH1	0.999999999987887	-1.21126894762456e-11	11	0	0	14	9476
SM00439	BAH	0.999999999987887	-1.21126894762456e-11	11	0	0	14	9476
SM00027	EH	0.999999999987887	-1.21126894762456e-11	11	0	0	14	9476
SM00092	RNAse_Pc	0.999999999987887	-1.21126894762456e-11	11	0	0	14	9476
SM00251	SAM_PNT	0.999999999987887	-1.21126894762456e-11	11	0	0	14	9476
SM00160	RanBD	0.999999999987887	-1.21126894762456e-11	11	0	0	14	9476
SM00038	COLFI	0.999999999987887	-1.21126894762456e-11	11	0	0	14	9476
SM01372	E2F_TDP	0.999999999987887	-1.21126894762456e-11	11	0	0	14	9476
SM00290	ZnF_UBP	0.999999999987887	-1.21126894762456e-11	11	0	0	14	9476
SM00295	B41	0.99999999998846	-1.15402885017937e-11	51	0	0	14	9476
SM00338	BRLZ	0.99999999998846	-1.15402885017937e-11	51	0	0	14	9476
SM00398	HMG	0.99999999998846	-1.15402885017937e-11	51	0	0	14	9476
SM00730	PSN	0.999999999988508	-1.14923916347961e-11	7	0	0	14	9476
SM00065	GAF	0.999999999988508	-1.14923916347961e-11	7	0	0	14	9476
SM01109	CUT	0.999999999988508	-1.14923916347961e-11	7	0	0	14	9476
SM00964	STAT_int	0.999999999988508	-1.14923916347961e-11	7	0	0	14	9476
SM00468	PreSET	0.999999999988508	-1.14923916347961e-11	7	0	0	14	9476
SM00031	DED	0.999999999988508	-1.14923916347961e-11	7	0	0	14	9476
SM01361	A2M_recep	0.999999999988508	-1.14923916347961e-11	7	0	0	14	9476
SM00742	Hr1	0.999999999988508	-1.14923916347961e-11	7	0	0	14	9476
SM01360	A2M	0.999999999988508	-1.14923916347961e-11	7	0	0	14	9476
SM00053	DYNc	0.999999999988508	-1.14923916347961e-11	7	0	0	14	9476
SM00671	SEL1	0.999999999988508	-1.14923916347961e-11	7	0	0	14	9476
SM00238	BIR	0.999999999988508	-1.14923916347961e-11	7	0	0	14	9476
SM00390	GoLoco	0.999999999988508	-1.14923916347961e-11	7	0	0	14	9476
SM00101	14_3_3	0.999999999988508	-1.14923916347961e-11	7	0	0	14	9476
SM00707	RPEL	0.999999999988508	-1.14923916347961e-11	7	0	0	14	9476
SM00546	CUE	0.999999999988508	-1.14923916347961e-11	7	0	0	14	9476
SM00077	ITAM	0.999999999988508	-1.14923916347961e-11	7	0	0	14	9476
SM01243	IRF-3	0.999999999988508	-1.14923916347961e-11	7	0	0	14	9476
SM00455	RBD	0.999999999988508	-1.14923916347961e-11	7	0	0	14	9476
SM00715	LA	0.999999999988508	-1.14923916347961e-11	7	0	0	14	9476
SM00201	SO	0.999999999988508	-1.14923916347961e-11	7	0	0	14	9476
SM01062	Ca_chan_IQ	0.999999999988508	-1.14923916347961e-11	7	0	0	14	9476
SM01242	Integrin_B_tail	0.999999999988508	-1.14923916347961e-11	7	0	0	14	9476
SM01337	APC10	0.999999999988508	-1.14923916347961e-11	7	0	0	14	9476
SM00301	DM	0.999999999988508	-1.14923916347961e-11	7	0	0	14	9476
SM00582	RPR	0.999999999988508	-1.14923916347961e-11	7	0	0	14	9476
SM00510	TFS2M	0.999999999988508	-1.14923916347961e-11	7	0	0	14	9476
SM00259	ZnF_A20	0.999999999988508	-1.14923916347961e-11	7	0	0	14	9476
SM00636	Glyco_18	0.999999999988508	-1.14923916347961e-11	7	0	0	14	9476
SM00446	LRRcap	0.999999999988508	-1.14923916347961e-11	7	0	0	14	9476
SM00182	CULLIN	0.999999999988508	-1.14923916347961e-11	7	0	0	14	9476
SM00004	NL	0.999999999988508	-1.14923916347961e-11	7	0	0	14	9476
SM01359	A2M_N_2	0.999999999988508	-1.14923916347961e-11	7	0	0	14	9476
SM00515	eIF5C	0.999999999988508	-1.14923916347961e-11	7	0	0	14	9476
SM00467	GS	0.999999999988508	-1.14923916347961e-11	7	0	0	14	9476
SM00250	PLEC	0.999999999988508	-1.14923916347961e-11	7	0	0	14	9476
SM00396	ZnF_UBR1	0.999999999988508	-1.14923916347961e-11	7	0	0	14	9476
SM00642	Aamy	0.999999999988508	-1.14923916347961e-11	7	0	0	14	9476
SM00015	IQ	0.999999999988971	-1.1029058229274e-11	50	0	0	14	9476
SM00164	TBC	0.999999999988971	-1.1029058229274e-11	50	0	0	14	9476
SM00268	ACTIN	0.999999999989759	-1.02408966991416e-11	31	0	0	14	9476
SM00630	Sema	0.999999999989759	-1.02408966991416e-11	31	0	0	14	9476
SM00110	C1Q	0.999999999989759	-1.02408966991416e-11	31	0	0	14	9476
SM00100	cNMP	0.999999999989759	-1.02408966991416e-11	31	0	0	14	9476
SM00456	WW	0.999999999990247	-9.7529085335262e-12	47	0	0	14	9476
SM00271	DnaJ	0.999999999990247	-9.7529085335262e-12	47	0	0	14	9476
SM00589	PRY	0.999999999990247	-9.7529085335262e-12	47	0	0	14	9476
SM00042	CUB	0.999999999990247	-9.7529085335262e-12	47	0	0	14	9476
SM01100	CRAL_TRIO_N	0.999999999990777	-9.2233782138406e-12	12	0	0	14	9476
SM01265	Mab-21	0.999999999990777	-9.2233782138406e-12	12	0	0	14	9476
SM00114	CARD	0.999999999990777	-9.2233782138406e-12	12	0	0	14	9476
SM00674	CENPB	0.999999999990777	-9.2233782138406e-12	12	0	0	14	9476
SM00523	DWA	0.999999999990777	-9.2233782138406e-12	12	0	0	14	9476
SM00401	ZnF_GATA	0.999999999990777	-9.2233782138406e-12	12	0	0	14	9476
SM00692	DM3	0.999999999990777	-9.2233782138406e-12	12	0	0	14	9476
SM00614	ZnF_BED	0.999999999990777	-9.2233782138406e-12	12	0	0	14	9476
SM00980	THAP	0.999999999990777	-9.2233782138406e-12	12	0	0	14	9476
SM00061	MATH	0.999999999990777	-9.2233782138406e-12	12	0	0	14	9476
SM00720	calpain_III	0.999999999990777	-9.2233782138406e-12	12	0	0	14	9476
SM00508	PostSET	0.999999999990777	-9.2233782138406e-12	12	0	0	14	9476
SM00832	C8	0.999999999990777	-9.2233782138406e-12	12	0	0	14	9476
SM00457	MACPF	0.999999999990777	-9.2233782138406e-12	12	0	0	14	9476
SM00423	PSI	0.999999999991685	-8.31507831690939e-12	42	0	0	14	9476
SM00312	PX	0.999999999991685	-8.31507831690939e-12	42	0	0	14	9476
SM00407	IGc1	0.999999999991685	-8.31507831690939e-12	42	0	0	14	9476
SM00199	SCY	0.999999999991685	-8.31507831690939e-12	42	0	0	14	9476
SM00297	BROMO	0.999999999991685	-8.31507831690939e-12	42	0	0	14	9476
SM00717	SANT	0.999999999991685	-8.31507831690939e-12	42	0	0	14	9476
SM00034	CLECT	0.999999999992206	-7.79389240860486e-12	84	0	0	14	9476
SM00454	SAM	0.999999999992206	-7.79389240860486e-12	84	0	0	14	9476
SM01189	ELM2	0.999999999994481	-5.51857002796662e-12	13	0	0	14	9476
SM01148	DUF1220	0.999999999994481	-5.51857002796662e-12	13	0	0	14	9476
SM00335	ANX	0.999999999994481	-5.51857002796662e-12	13	0	0	14	9476
SM00156	PP2Ac	0.999999999994481	-5.51857002796662e-12	13	0	0	14	9476
SM00116	CBS	0.999999999994481	-5.51857002796662e-12	13	0	0	14	9476
SM00526	H15	0.999999999994481	-5.51857002796662e-12	13	0	0	14	9476
SM01195	FA	0.999999999994481	-5.51857002796662e-12	13	0	0	14	9476
SM00217	WAP	0.999999999994481	-5.51857002796662e-12	13	0	0	14	9476
SM00115	CASc	0.999999999994481	-5.51857002796662e-12	13	0	0	14	9476
SM00059	FN2	0.999999999994481	-5.51857002796662e-12	13	0	0	14	9476
SM00234	START	0.999999999994481	-5.51857002796662e-12	13	0	0	14	9476
SM00479	EXOIII	0.999999999994481	-5.51857002796662e-12	13	0	0	14	9476
SM00032	CCP	0.999999999995294	-4.70577613073525e-12	53	0	0	14	9476
SM00013	LRRNT	0.999999999995772	-4.22753801926633e-12	54	0	0	14	9476
SM00431	SCAN	0.999999999995772	-4.22753801926633e-12	54	0	0	14	9476
SM00091	PAS	0.999999999997313	-2.68731974084318e-12	25	0	0	14	9476
SM00072	GuKc	0.999999999997313	-2.68731974084318e-12	25	0	0	14	9476
SM01411	Ephrin_rec_like	0.999999999997313	-2.68731974084318e-12	25	0	0	14	9476
SM00333	TUDOR	0.999999999997313	-2.68731974084318e-12	25	0	0	14	9476
SM00202	SR	0.999999999997313	-2.68731974084318e-12	25	0	0	14	9476
SM00369	LRR_TYP	0.999999999997327	-2.67262514418959e-12	175	0	0	14	9476
SM01381	7TM_GPCR_Srsx	0.999999999997752	-2.24787513784536e-12	113	0	0	14	9476
SM00112	CA	0.999999999997752	-2.24787513784536e-12	113	0	0	14	9476
SM00249	PHD	0.99999999999814	-1.85992297644944e-12	89	0	0	14	9476
SM00082	LRRCT	0.999999999998721	-1.27914727884059e-12	83	0	0	14	9476
SM00242	MYSc	0.999999999998837	-1.16292918501356e-12	38	0	0	14	9476
SM00317	SET	0.999999999998837	-1.16292918501356e-12	38	0	0	14	9476
SM00256	FBOX	0.999999999998837	-1.16292918501356e-12	38	0	0	14	9476
SM00231	FA58C	0.999999999999961	-3.89239984153998e-14	20	0	0	14	9476
SM00253	SOCS	0.999999999999961	-3.89239984153998e-14	20	0	0	14	9476
SM00063	FRI	0.999999999999961	-3.89239984153998e-14	20	0	0	14	9476
SM00037	CNX	0.999999999999961	-3.89239984153998e-14	20	0	0	14	9476
SM00651	Sm	0.999999999999961	-3.89239984153998e-14	20	0	0	14	9476
SM00293	PWWP	0.999999999999961	-3.89239984153998e-14	20	0	0	14	9476
SM00332	PP2Cc	0.999999999999961	-3.89239984153998e-14	20	0	0	14	9476
SM01392	MAGE_N	0.999999999999961	-3.89239984153998e-14	20	0	0	14	9476
SM00229	RasGEFN	0.999999999999961	-3.89239984153998e-14	20	0	0	14	9476
SM01089	Connexin_CCC	0.999999999999961	-3.89239984153998e-14	20	0	0	14	9476
SM00547	ZnF_RBZ	0.999999999999961	-3.89239984153998e-14	20	0	0	14	9476
SM00430	HOLI	1.00000000000006	6.04212982628061e-14	48	0	0	14	9476
SM00020	Tryp_SPc	1.00000000000019	1.8812058534248e-13	106	0	0	14	9476
SM00109	C1	1.00000000000045	4.53180478325398e-13	63	0	0	14	9476
SM00132	LIM	1.00000000000048	4.80922803609585e-13	72	0	0	14	9476
SM00336	BBOX	1.00000000000048	4.80922803609585e-13	72	0	0	14	9476
SM00129	KISc	1.00000000000056	5.63057698428763e-13	44	0	0	14	9476
SM00054	EFh	1.00000000000095	9.52684967706756e-13	140	0	0	14	9476
SM00280	KAZAL	1.0000000000014	1.40136170416712e-12	33	0	0	14	9476
SM00184	RING	1.00000000000173	1.72670716313862e-12	239	0	0	14	9476
SM00233	PH	1.00000000000194	1.93859318783391e-12	260	0	0	14	9476
SM00339	FH	1.00000000000225	2.24883831553322e-12	49	0	0	14	9476
SM00133	S_TK_X	1.00000000000225	2.24883831553322e-12	49	0	0	14	9476
SM00049	DEP	1.00000000000277	2.77481326283188e-12	21	0	0	14	9476
SM00443	G_patch	1.00000000000277	2.77481326283188e-12	21	0	0	14	9476
SM00050	DISIN	1.00000000000277	2.77481326283188e-12	21	0	0	14	9476
SM00255	TIR	1.00000000000277	2.77481326283188e-12	21	0	0	14	9476
SM00450	RHOD	1.00000000000277	2.77481326283188e-12	21	0	0	14	9476
SM00041	CT	1.00000000000277	2.77481326283188e-12	21	0	0	14	9476
SM00192	LDLa	1.0000000000028	2.79868985754204e-12	45	0	0	14	9476
SM00326	SH3	1.00000000000319	3.19398480882766e-12	203	0	0	14	9476
SM01065	CBM_2	1.00000000000332	3.32116713167304e-12	3	0	0	14	9476
SM00090	RIO	1.00000000000332	3.32116713167304e-12	3	0	0	14	9476
SM00981	THUMP	1.00000000000332	3.32116713167304e-12	3	0	0	14	9476
SM01371	TFIIA	1.00000000000332	3.32116713167304e-12	3	0	0	14	9476
SM01147	DUF1087	1.00000000000332	3.32116713167304e-12	3	0	0	14	9476
SM00652	eIF1a	1.00000000000332	3.32116713167304e-12	3	0	0	14	9476
SM01401	Sds3	1.00000000000332	3.32116713167304e-12	3	0	0	14	9476
SM00960	Robl_LC7	1.00000000000332	3.32116713167304e-12	3	0	0	14	9476
SM01369	Rb_C	1.00000000000332	3.32116713167304e-12	3	0	0	14	9476
SM01334	DUF3454	1.00000000000332	3.32116713167304e-12	3	0	0	14	9476
SM01275	MamL-1	1.00000000000332	3.32116713167304e-12	3	0	0	14	9476
SM00735	ZM	1.00000000000332	3.32116713167304e-12	3	0	0	14	9476
SM01199	FDF	1.00000000000332	3.32116713167304e-12	3	0	0	14	9476
SM00985	UBA_e1_C	1.00000000000332	3.32116713167304e-12	3	0	0	14	9476
SM00736	CADG	1.00000000000332	3.32116713167304e-12	3	0	0	14	9476
SM01257	KRAP_IP3R_bind	1.00000000000332	3.32116713167304e-12	3	0	0	14	9476
SM00672	CAP10	1.00000000000332	3.32116713167304e-12	3	0	0	14	9476
SM01260	LANC_like	1.00000000000332	3.32116713167304e-12	3	0	0	14	9476
SM01367	DUF3452	1.00000000000332	3.32116713167304e-12	3	0	0	14	9476
SM00712	PUR	1.00000000000332	3.32116713167304e-12	3	0	0	14	9476
SM00444	GYF	1.00000000000332	3.32116713167304e-12	3	0	0	14	9476
SM00300	ChSh	1.00000000000332	3.32116713167304e-12	3	0	0	14	9476
SM00278	HhH1	1.00000000000332	3.32116713167304e-12	3	0	0	14	9476
SM00094	TR_FER	1.00000000000332	3.32116713167304e-12	3	0	0	14	9476
SM00162	SAPA	1.00000000000332	3.32116713167304e-12	3	0	0	14	9476
SM00143	PI3K_p85B	1.00000000000332	3.32116713167304e-12	3	0	0	14	9476
SM00722	CASH	1.00000000000332	3.32116713167304e-12	3	0	0	14	9476
SM00833	CobW_C	1.00000000000332	3.32116713167304e-12	3	0	0	14	9476
SM00299	CLH	1.00000000000332	3.32116713167304e-12	3	0	0	14	9476
SM01274	malic	1.00000000000332	3.32116713167304e-12	3	0	0	14	9476
SM01333	Tet_JBP	1.00000000000332	3.32116713167304e-12	3	0	0	14	9476
SM00711	TDU	1.00000000000332	3.32116713167304e-12	3	0	0	14	9476
SM00002	PLP	1.00000000000332	3.32116713167304e-12	3	0	0	14	9476
SM01271	LSM14	1.00000000000332	3.32116713167304e-12	3	0	0	14	9476
SM01376	eIF-5a	1.00000000000332	3.32116713167304e-12	3	0	0	14	9476
SM01176	DUF4208	1.00000000000332	3.32116713167304e-12	3	0	0	14	9476
SM00576	BTP	1.00000000000332	3.32116713167304e-12	3	0	0	14	9476
SM00006	A4_EXTRA	1.00000000000332	3.32116713167304e-12	3	0	0	14	9476
SM01146	DUF1086	1.00000000000332	3.32116713167304e-12	3	0	0	14	9476
SM00478	ENDO3c	1.00000000000332	3.32116713167304e-12	3	0	0	14	9476
SM00309	PAH	1.00000000000332	3.32116713167304e-12	3	0	0	14	9476
SM00272	END	1.00000000000332	3.32116713167304e-12	3	0	0	14	9476
SM01083	Cir_N	1.00000000000332	3.32116713167304e-12	3	0	0	14	9476
SM00682	G2F	1.00000000000332	3.32116713167304e-12	3	0	0	14	9476
SM00482	POLAc	1.00000000000332	3.32116713167304e-12	3	0	0	14	9476
SM01375	Dynein_light	1.00000000000332	3.32116713167304e-12	3	0	0	14	9476
SM00553	SEP	1.00000000000332	3.32116713167304e-12	3	0	0	14	9476
SM01212	Fib_alpha	1.00000000000332	3.32116713167304e-12	3	0	0	14	9476
SM00305	HintC	1.00000000000332	3.32116713167304e-12	3	0	0	14	9476
SM00341	HRDC	1.00000000000332	3.32116713167304e-12	3	0	0	14	9476
SM01300	PEHE	1.00000000000332	3.32116713167304e-12	3	0	0	14	9476
SM00438	ZnF_NFX	1.00000000000332	3.32116713167304e-12	3	0	0	14	9476
SM00586	ZnF_DBF	1.00000000000332	3.32116713167304e-12	3	0	0	14	9476
SM01046	c-SKI_SMAD_bind	1.00000000000332	3.32116713167304e-12	3	0	0	14	9476
SM00706	TECPR	1.00000000000332	3.32116713167304e-12	3	0	0	14	9476
SM00916	L51_S25_CI-B8	1.00000000000332	3.32116713167304e-12	3	0	0	14	9476
SM01022	ASCH	1.00000000000332	3.32116713167304e-12	3	0	0	14	9476
SM00459	Sorb	1.00000000000332	3.32116713167304e-12	3	0	0	14	9476
SM01232	H2TH	1.00000000000332	3.32116713167304e-12	3	0	0	14	9476
SM00996	AdoHcyase	1.00000000000332	3.32116713167304e-12	3	0	0	14	9476
SM00663	RPOLA_N	1.00000000000332	3.32116713167304e-12	3	0	0	14	9476
SM00536	AXH	1.00000000000332	3.32116713167304e-12	3	0	0	14	9476
SM00836	DALR_1	1.00000000000332	3.32116713167304e-12	3	0	0	14	9476
SM01403	Ribosomal_S10	1.00000000000332	3.32116713167304e-12	3	0	0	14	9476
SM00306	HintN	1.00000000000332	3.32116713167304e-12	3	0	0	14	9476
SM01151	DUF1518	1.00000000000332	3.32116713167304e-12	3	0	0	14	9476
SM00919	Malic_M	1.00000000000332	3.32116713167304e-12	3	0	0	14	9476
SM00704	ZnF_CDGSH	1.00000000000332	3.32116713167304e-12	3	0	0	14	9476
SM01051	CAMSAP_CKK	1.00000000000332	3.32116713167304e-12	3	0	0	14	9476
SM00803	TAF	1.00000000000332	3.32116713167304e-12	3	0	0	14	9476
SM00758	PA14	1.00000000000332	3.32116713167304e-12	3	0	0	14	9476
SM00183	NAT_PEP	1.00000000000332	3.32116713167304e-12	3	0	0	14	9476
SM00311	PWI	1.00000000000332	3.32116713167304e-12	3	0	0	14	9476
SM00997	AdoHcyase_NAD	1.00000000000332	3.32116713167304e-12	3	0	0	14	9476
SM01368	RB_A	1.00000000000332	3.32116713167304e-12	3	0	0	14	9476
SM00265	BH4	1.00000000000332	3.32116713167304e-12	3	0	0	14	9476
SM00676	DM10	1.00000000000332	3.32116713167304e-12	3	0	0	14	9476
SM00151	SWIB	1.00000000000332	3.32116713167304e-12	3	0	0	14	9476
SM00931	NOSIC	1.00000000000332	3.32116713167304e-12	3	0	0	14	9476
SM00751	BSD	1.00000000000332	3.32116713167304e-12	3	0	0	14	9476
SM00113	CALCITONIN	1.00000000000332	3.32116713167304e-12	3	0	0	14	9476
SM01299	PIP49_N	1.00000000000332	3.32116713167304e-12	3	0	0	14	9476
SM01138	DP	1.00000000000332	3.32116713167304e-12	3	0	0	14	9476
SM00650	rADc	1.00000000000332	3.32116713167304e-12	3	0	0	14	9476
SM00594	UAS	1.00000000000332	3.32116713167304e-12	3	0	0	14	9476
SM00851	MGS	1.00000000000332	3.32116713167304e-12	3	0	0	14	9476
SM00773	WGR	1.00000000000332	3.32116713167304e-12	3	0	0	14	9476
SM01200	FerA	1.00000000000332	3.32116713167304e-12	3	0	0	14	9476
SM00314	RA	1.00000000000407	4.07401264143472e-12	29	0	0	14	9476
SM00150	SPEC	1.00000000000407	4.07401264143472e-12	29	0	0	14	9476
SM00235	ZnMc	1.00000000000407	4.07401264143472e-12	29	0	0	14	9476
SM00064	FYVE	1.00000000000407	4.07401264143472e-12	29	0	0	14	9476
SM00558	JmjC	1.00000000000407	4.07401264143472e-12	29	0	0	14	9476
SM00165	UBA	1.00000000000407	4.07401264143472e-12	29	0	0	14	9476
SM00488	DEXDc2	1.00000000000412	4.11865185358506e-12	4	0	0	14	9476
SM00140	NGF	1.00000000000412	4.11865185358506e-12	4	0	0	14	9476
SM01193	Enolase_N	1.00000000000412	4.11865185358506e-12	4	0	0	14	9476
SM00051	DSL	1.00000000000412	4.11865185358506e-12	4	0	0	14	9476
SM00058	FN1	1.00000000000412	4.11865185358506e-12	4	0	0	14	9476
SM01178	DUF4217	1.00000000000412	4.11865185358506e-12	4	0	0	14	9476
SM01020	B2-adapt-app_C	1.00000000000412	4.11865185358506e-12	4	0	0	14	9476
SM01225	G8	1.00000000000412	4.11865185358506e-12	4	0	0	14	9476
SM00483	POLXc	1.00000000000412	4.11865185358506e-12	4	0	0	14	9476
SM00491	HELICc2	1.00000000000412	4.11865185358506e-12	4	0	0	14	9476
SM01192	Enolase_C	1.00000000000412	4.11865185358506e-12	4	0	0	14	9476
SM00644	Ami_2	1.00000000000412	4.11865185358506e-12	4	0	0	14	9476
SM01398	Cornichon	1.00000000000412	4.11865185358506e-12	4	0	0	14	9476
SM00737	ML	1.00000000000412	4.11865185358506e-12	4	0	0	14	9476
SM01027	Beta-Casp	1.00000000000412	4.11865185358506e-12	4	0	0	14	9476
SM00664	DoH	1.00000000000412	4.11865185358506e-12	4	0	0	14	9476
SM00152	THY	1.00000000000412	4.11865185358506e-12	4	0	0	14	9476
SM00197	SAA	1.00000000000412	4.11865185358506e-12	4	0	0	14	9476
SM00973	Sec63	1.00000000000412	4.11865185358506e-12	4	0	0	14	9476
SM00560	LamGL	1.00000000000412	4.11865185358506e-12	4	0	0	14	9476
SM01340	DNA_mis_repair	1.00000000000412	4.11865185358506e-12	4	0	0	14	9476
SM00103	ALBUMIN	1.00000000000412	4.11865185358506e-12	4	0	0	14	9476
SM00889	EFG_IV	1.00000000000412	4.11865185358506e-12	4	0	0	14	9476
SM00486	POLBc	1.00000000000412	4.11865185358506e-12	4	0	0	14	9476
SM01053	CaMBD	1.00000000000412	4.11865185358506e-12	4	0	0	14	9476
SM00363	S4	1.00000000000412	4.11865185358506e-12	4	0	0	14	9476
SM00520	BASIC	1.00000000000412	4.11865185358506e-12	4	0	0	14	9476
SM00632	Aamy_C	1.00000000000412	4.11865185358506e-12	4	0	0	14	9476
SM00206	NTR	1.00000000000412	4.11865185358506e-12	4	0	0	14	9476
SM00098	alkPPc	1.00000000000412	4.11865185358506e-12	4	0	0	14	9476
SM01246	Josephin	1.00000000000412	4.11865185358506e-12	4	0	0	14	9476
SM00733	Mterf	1.00000000000412	4.11865185358506e-12	4	0	0	14	9476
SM01339	NODP	1.00000000000412	4.11865185358506e-12	4	0	0	14	9476
SM00701	PGRP	1.00000000000412	4.11865185358506e-12	4	0	0	14	9476
SM00057	FIMAC	1.00000000000412	4.11865185358506e-12	4	0	0	14	9476
SM00392	PROF	1.00000000000412	4.11865185358506e-12	4	0	0	14	9476
SM00331	PP2C_SIG	1.00000000000412	4.11865185358506e-12	4	0	0	14	9476
SM00955	RNB	1.00000000000412	4.11865185358506e-12	4	0	0	14	9476
SM00227	NEBU	1.00000000000412	4.11865185358506e-12	4	0	0	14	9476
SM00564	PQQ	1.00000000000412	4.11865185358506e-12	4	0	0	14	9476
SM00693	DysFN	1.00000000000412	4.11865185358506e-12	4	0	0	14	9476
SM00025	Pumilio	1.00000000000412	4.11865185358506e-12	4	0	0	14	9476
SM00313	PXA	1.00000000000412	4.11865185358506e-12	4	0	0	14	9476
SM01263	Leuk-A4-hydro_C	1.00000000000412	4.11865185358506e-12	4	0	0	14	9476
SM00694	DysFC	1.00000000000412	4.11865185358506e-12	4	0	0	14	9476
SM00679	CTNS	1.00000000000412	4.11865185358506e-12	4	0	0	14	9476
SM00307	ILWEQ	1.00000000000412	4.11865185358506e-12	4	0	0	14	9476
SM01279	Matrilin_ccoil	1.00000000000412	4.11865185358506e-12	4	0	0	14	9476
SM01153	DUF1693	1.00000000000412	4.11865185358506e-12	4	0	0	14	9476
SM01338	NOD	1.00000000000412	4.11865185358506e-12	4	0	0	14	9476
SM00723	AMOP	1.00000000000412	4.11865185358506e-12	4	0	0	14	9476
SM00573	HSA	1.00000000000412	4.11865185358506e-12	4	0	0	14	9476
SM00476	DNaseIc	1.00000000000412	4.11865185358506e-12	4	0	0	14	9476
SM01277	MAGUK_N_PEST	1.00000000000412	4.11865185358506e-12	4	0	0	14	9476
SM01007	Aldolase_II	1.00000000000412	4.11865185358506e-12	4	0	0	14	9476
SM00678	WWE	1.00000000000412	4.11865185358506e-12	4	0	0	14	9476
SM00554	FAS1	1.00000000000412	4.11865185358506e-12	4	0	0	14	9476
SM00359	PUA	1.00000000000412	4.11865185358506e-12	4	0	0	14	9476
SM01249	KASH	1.00000000000412	4.11865185358506e-12	4	0	0	14	9476
SM00426	TEA	1.00000000000412	4.11865185358506e-12	4	0	0	14	9476
SM00838	EFG_C	1.00000000000419	4.18544632631546e-12	5	0	0	14	9476
SM00584	TLDc	1.00000000000419	4.18544632631546e-12	5	0	0	14	9476
SM00104	ANATO	1.00000000000419	4.18544632631546e-12	5	0	0	14	9476
SM00321	WSC	1.00000000000419	4.18544632631546e-12	5	0	0	14	9476
SM00542	FYRC	1.00000000000419	4.18544632631546e-12	5	0	0	14	9476
SM00602	VPS10	1.00000000000419	4.18544632631546e-12	5	0	0	14	9476
SM01163	DUF1785	1.00000000000419	4.18544632631546e-12	5	0	0	14	9476
SM01270	Longin	1.00000000000419	4.18544632631546e-12	5	0	0	14	9476
SM00485	XPGN	1.00000000000419	4.18544632631546e-12	5	0	0	14	9476
SM00540	LEM	1.00000000000419	4.18544632631546e-12	5	0	0	14	9476
SM00878	Biotin_carb_C	1.00000000000419	4.18544632631546e-12	5	0	0	14	9476
SM01015	Arfaptin	1.00000000000419	4.18544632631546e-12	5	0	0	14	9476
SM01201	FerB	1.00000000000419	4.18544632631546e-12	5	0	0	14	9476
SM00484	XPGI	1.00000000000419	4.18544632631546e-12	5	0	0	14	9476
SM00891	ERCC4	1.00000000000419	4.18544632631546e-12	5	0	0	14	9476
SM00533	MUTSd	1.00000000000419	4.18544632631546e-12	5	0	0	14	9476
SM00539	NIDO	1.00000000000419	4.18544632631546e-12	5	0	0	14	9476
SM00570	AWS	1.00000000000419	4.18544632631546e-12	5	0	0	14	9476
SM00534	MUTSac	1.00000000000419	4.18544632631546e-12	5	0	0	14	9476
SM00549	TAFH	1.00000000000419	4.18544632631546e-12	5	0	0	14	9476
SM00474	35EXOc	1.00000000000419	4.18544632631546e-12	5	0	0	14	9476
SM00765	MANEC	1.00000000000419	4.18544632631546e-12	5	0	0	14	9476
SM01041	BRO1	1.00000000000419	4.18544632631546e-12	5	0	0	14	9476
SM01407	NAC	1.00000000000419	4.18544632631546e-12	5	0	0	14	9476
SM00279	HhH2	1.00000000000419	4.18544632631546e-12	5	0	0	14	9476
SM00588	NEUZ	1.00000000000419	4.18544632631546e-12	5	0	0	14	9476
SM00527	HMG17	1.00000000000419	4.18544632631546e-12	5	0	0	14	9476
SM00572	DZF	1.00000000000419	4.18544632631546e-12	5	0	0	14	9476
SM01408	ING	1.00000000000419	4.18544632631546e-12	5	0	0	14	9476
SM00266	CAD	1.00000000000419	4.18544632631546e-12	5	0	0	14	9476
SM00991	WHEP-TRS	1.00000000000419	4.18544632631546e-12	5	0	0	14	9476
SM00264	BAG	1.00000000000419	4.18544632631546e-12	5	0	0	14	9476
SM00580	PUG	1.00000000000419	4.18544632631546e-12	5	0	0	14	9476
SM00571	DDT	1.00000000000419	4.18544632631546e-12	5	0	0	14	9476
SM00734	ZnF_Rad18	1.00000000000419	4.18544632631546e-12	5	0	0	14	9476
SM00517	PolyA	1.00000000000419	4.18544632631546e-12	5	0	0	14	9476
SM00673	CARP	1.00000000000419	4.18544632631546e-12	5	0	0	14	9476
SM00872	Alpha-mann_mid	1.00000000000419	4.18544632631546e-12	5	0	0	14	9476
SM01145	DUF1041	1.00000000000419	4.18544632631546e-12	5	0	0	14	9476
SM00750	KIND	1.00000000000419	4.18544632631546e-12	5	0	0	14	9476
SM01175	DUF4206	1.00000000000419	4.18544632631546e-12	5	0	0	14	9476
SM01202	FerI	1.00000000000419	4.18544632631546e-12	5	0	0	14	9476
SM00541	FYRN	1.00000000000419	4.18544632631546e-12	5	0	0	14	9476
SM00473	PAN_AP	1.00000000000419	4.18544632631546e-12	5	0	0	14	9476
SM01329	Iso_dh	1.00000000000419	4.18544632631546e-12	5	0	0	14	9476
SM00487	DEXDc	1.0000000000042	4.20474343692563e-12	109	0	0	14	9476
SM00353	HLH	1.00000000000427	4.26635967251984e-12	111	0	0	14	9476
SM00323	RasGAP	1.00000000000437	4.3750052487955e-12	14	0	0	14	9476
SM00647	IBR	1.00000000000437	4.3750052487955e-12	14	0	0	14	9476
SM00036	CNH	1.00000000000437	4.3750052487955e-12	14	0	0	14	9476
SM00666	PB1	1.00000000000437	4.3750052487955e-12	14	0	0	14	9476
SM00241	ZP	1.00000000000437	4.3750052487955e-12	14	0	0	14	9476
SM00615	EPH_lbd	1.00000000000437	4.3750052487955e-12	14	0	0	14	9476
SM00445	LINK	1.00000000000437	4.3750052487955e-12	14	0	0	14	9476
SM00046	DAGKc	1.00000000000437	4.3750052487955e-12	14	0	0	14	9476
SM01117	Cyt-b5	1.00000000000437	4.3750052487955e-12	14	0	0	14	9476
SM00069	GLA	1.00000000000437	4.3750052487955e-12	14	0	0	14	9476
SM00385	CYCLIN	1.0000000000052	5.19910634021604e-12	34	0	0	14	9476
SM01373	MAGE	1.0000000000052	5.19910634021604e-12	34	0	0	14	9476
SM00327	VWA	1.00000000000541	5.40729304017797e-12	70	0	0	14	9476
SM00918	Lig_chan-Glu_bd	1.00000000000567	5.67079058983161e-12	18	0	0	14	9476
SM00148	PLCXc	1.00000000000567	5.67079058983161e-12	18	0	0	14	9476
SM00079	PBPe	1.00000000000567	5.67079058983161e-12	18	0	0	14	9476
SM00261	FU	1.00000000000567	5.67079058983161e-12	18	0	0	14	9476
SM00014	acidPPc	1.00000000000567	5.67079058983161e-12	18	0	0	14	9476
SM00121	IB	1.00000000000567	5.67079058983161e-12	18	0	0	14	9476
SM00292	BRCT	1.00000000000567	5.67079058983161e-12	18	0	0	14	9476
SM00847	HA2	1.00000000000567	5.67079058983161e-12	18	0	0	14	9476
SM00631	Zn_pept	1.00000000000567	5.67079058983161e-12	18	0	0	14	9476
SM00215	VWC_out	1.00000000000567	5.67079058983161e-12	18	0	0	14	9476
SM00308	LH2	1.00000000000567	5.67079058983161e-12	18	0	0	14	9476
SM00406	IGv	1.00000000000594	5.94177892385208e-12	74	0	0	14	9476
SM00404	PTPc_motif	1.00000000000597	5.97084692372924e-12	61	0	0	14	9476
SM00593	RUN	1.00000000000612	6.121678136685e-12	17	0	0	14	9476
SM00425	TBOX	1.00000000000612	6.121678136685e-12	17	0	0	14	9476
SM00086	PAC	1.00000000000612	6.121678136685e-12	17	0	0	14	9476
SM00131	KU	1.00000000000612	6.121678136685e-12	17	0	0	14	9476
SM00224	GGL	1.00000000000612	6.121678136685e-12	17	0	0	14	9476
SM00137	MAM	1.00000000000612	6.121678136685e-12	17	0	0	14	9476
SM00044	CYCc	1.00000000000612	6.121678136685e-12	17	0	0	14	9476
SM00724	TLC	1.00000000000612	6.121678136685e-12	17	0	0	14	9476
SM01057	Carb_anhydrase	1.00000000000612	6.121678136685e-12	17	0	0	14	9476
SM01332	Cyclin_C	1.00000000000612	6.121678136685e-12	17	0	0	14	9476
SM00358	DSRM	1.00000000000612	6.121678136685e-12	17	0	0	14	9476
SM00744	RINGv	1.00000000000612	6.121678136685e-12	17	0	0	14	9476
SM00076	IFabd	1.00000000000612	6.121678136685e-12	17	0	0	14	9476
SM00211	TY	1.00000000000612	6.121678136685e-12	17	0	0	14	9476
SM00360	RRM	1.00000000000638	6.37713625828138e-12	204	0	0	14	9476
SM01127	DDHD	1.00000000000713	7.13410229204756e-12	6	0	0	14	9476
SM00394	RIIa	1.00000000000713	7.13410229204756e-12	6	0	0	14	9476
SM00670	PINc	1.00000000000713	7.13410229204756e-12	6	0	0	14	9476
SM00920	MHC_II_alpha	1.00000000000713	7.13410229204756e-12	6	0	0	14	9476
SM00048	DEFSN	1.00000000000713	7.13410229204756e-12	6	0	0	14	9476
SM00111	C4	1.00000000000713	7.13410229204756e-12	6	0	0	14	9476
SM00648	SWAP	1.00000000000713	7.13410229204756e-12	6	0	0	14	9476
SM00302	GED	1.00000000000713	7.13410229204756e-12	6	0	0	14	9476
SM01241	Integrin_b_cyt	1.00000000000713	7.13410229204756e-12	6	0	0	14	9476
SM00892	Endonuclease_NS	1.00000000000713	7.13410229204756e-12	6	0	0	14	9476
SM00070	GLUCA	1.00000000000713	7.13410229204756e-12	6	0	0	14	9476
SM00775	LNS2	1.00000000000713	7.13410229204756e-12	6	0	0	14	9476
SM01412	Pro-rich	1.00000000000713	7.13410229204756e-12	6	0	0	14	9476
SM00907	GDNF	1.00000000000713	7.13410229204756e-12	6	0	0	14	9476
SM00695	DUSP	1.00000000000713	7.13410229204756e-12	6	0	0	14	9476
SM00544	MA3	1.00000000000713	7.13410229204756e-12	6	0	0	14	9476
SM00968	SMC_hinge	1.00000000000713	7.13410229204756e-12	6	0	0	14	9476
SM00022	PLAc	1.00000000000713	7.13410229204756e-12	6	0	0	14	9476
SM00243	GAS2	1.00000000000713	7.13410229204756e-12	6	0	0	14	9476
SM00428	H3	1.00000000000713	7.13410229204756e-12	6	0	0	14	9476
SM01114	CXC	1.00000000000713	7.13410229204756e-12	6	0	0	14	9476
SM00757	CRA	1.00000000000713	7.13410229204756e-12	6	0	0	14	9476
SM00257	LysM	1.00000000000713	7.13410229204756e-12	6	0	0	14	9476
SM00603	LCCL	1.00000000000713	7.13410229204756e-12	6	0	0	14	9476
SM00665	B561	1.00000000000713	7.13410229204756e-12	6	0	0	14	9476
SM01198	FBA	1.00000000000713	7.13410229204756e-12	6	0	0	14	9476
SM00099	btg1	1.00000000000713	7.13410229204756e-12	6	0	0	14	9476
SM00441	FF	1.00000000000713	7.13410229204756e-12	6	0	0	14	9476
SM00811	Alpha_kinase	1.00000000000713	7.13410229204756e-12	6	0	0	14	9476
SM00952	RAP	1.00000000000713	7.13410229204756e-12	6	0	0	14	9476
SM00021	DAX	1.00000000000713	7.13410229204756e-12	6	0	0	14	9476
SM00863	tRNA_SAD	1.00000000000713	7.13410229204756e-12	6	0	0	14	9476
SM00477	NUC	1.00000000000713	7.13410229204756e-12	6	0	0	14	9476
SM00552	ADEAMc	1.00000000000713	7.13410229204756e-12	6	0	0	14	9476
SM00432	MADS	1.00000000000713	7.13410229204756e-12	6	0	0	14	9476
SM00155	PLDc	1.00000000000713	7.13410229204756e-12	6	0	0	14	9476
SM00739	KOW	1.00000000000713	7.13410229204756e-12	6	0	0	14	9476
SM00144	PI3K_rbd	1.00000000000713	7.13410229204756e-12	6	0	0	14	9476
SM01343	FATC	1.00000000000713	7.13410229204756e-12	6	0	0	14	9476
SM00548	IRO	1.00000000000713	7.13410229204756e-12	6	0	0	14	9476
SM00879	Brix	1.00000000000713	7.13410229204756e-12	6	0	0	14	9476
SM00415	HSF	1.00000000000713	7.13410229204756e-12	6	0	0	14	9476
SM01132	DIL	1.00000000000713	7.13410229204756e-12	6	0	0	14	9476
SM00440	ZnF_C2C2	1.00000000000713	7.13410229204756e-12	6	0	0	14	9476
SM00464	LON	1.00000000000713	7.13410229204756e-12	6	0	0	14	9476
SM00592	BRK	1.00000000000713	7.13410229204756e-12	6	0	0	14	9476
SM01137	DMAP_binding	1.00000000000713	7.13410229204756e-12	6	0	0	14	9476
SM00710	PbH1	1.00000000000713	7.13410229204756e-12	6	0	0	14	9476
SM00741	SapB	1.00000000000713	7.13410229204756e-12	6	0	0	14	9476
SM00384	AT_hook	1.00000000000713	7.13410229204756e-12	6	0	0	14	9476
SM00252	SH2	1.00000000000714	7.14430609070584e-12	103	0	0	14	9476
SM00462	PTB	1.00000000000719	7.18560020351365e-12	40	0	0	14	9476
SM00282	LamG	1.00000000000719	7.18560020351365e-12	40	0	0	14	9476
SM00322	KH	1.00000000000786	7.86343565793835e-12	37	0	0	14	9476
SM00194	PTPc	1.00000000000786	7.86343565793835e-12	37	0	0	14	9476
SM01391	Filament	1.00000000000798	7.98083765119645e-12	73	0	0	14	9476
SM00179	EGF_CA	1.00000000000848	8.47585082335128e-12	120	0	0	14	9476
SM00320	WD40	1.00000000000857	8.5750185342579e-12	262	0	0	14	9476
SM00471	HDc	1.00000000000869	8.69088884353952e-12	23	0	0	14	9476
SM00361	RRM_1	1.00000000000869	8.69088884353952e-12	23	0	0	14	9476
SM00667	LisH	1.00000000000869	8.69088884353952e-12	23	0	0	14	9476
SM00210	TSPN	1.00000000000869	8.69088884353952e-12	23	0	0	14	9476
SM00208	TNFR	1.00000000000869	8.69088884353952e-12	23	0	0	14	9476
SM00120	HX	1.00000000000869	8.69088884353952e-12	23	0	0	14	9476
SM00240	FHA	1.00000000000869	8.69088884353952e-12	23	0	0	14	9476
SM00950	Piwi	1.00000000000895	8.95298833379248e-12	8	0	0	14	9476
SM00089	PKD	1.00000000000895	8.95298833379248e-12	8	0	0	14	9476
SM00263	LYZ1	1.00000000000895	8.95298833379248e-12	8	0	0	14	9476
SM00153	VHP	1.00000000000895	8.95298833379248e-12	8	0	0	14	9476
SM01166	DUF1899	1.00000000000895	8.95298833379248e-12	8	0	0	14	9476
SM00237	Calx_beta	1.00000000000895	8.95298833379248e-12	8	0	0	14	9476
SM00262	GEL	1.00000000000895	8.95298833379248e-12	8	0	0	14	9476
SM00085	PA2c	1.00000000000895	8.95298833379248e-12	8	0	0	14	9476
SM00746	TRASH	1.00000000000895	8.95298833379248e-12	8	0	0	14	9476
SM00154	ZnF_AN1	1.00000000000895	8.95298833379248e-12	8	0	0	14	9476
SM01328	zf-3CxxC	1.00000000000895	8.95298833379248e-12	8	0	0	14	9476
SM00357	CSP	1.00000000000895	8.95298833379248e-12	8	0	0	14	9476
SM00281	LamB	1.00000000000895	8.95298833379248e-12	8	0	0	14	9476
SM00351	PAX	1.00000000000895	8.95298833379248e-12	8	0	0	14	9476
SM01326	PTEN_C2	1.00000000000895	8.95298833379248e-12	8	0	0	14	9476
SM00258	SAND	1.00000000000895	8.95298833379248e-12	8	0	0	14	9476
SM00328	BPI1	1.00000000000895	8.95298833379248e-12	8	0	0	14	9476
SM00577	CPDc	1.00000000000895	8.95298833379248e-12	8	0	0	14	9476
SM00187	INB	1.00000000000895	8.95298833379248e-12	8	0	0	14	9476
SM01388	Mob1_phocein	1.00000000000895	8.95298833379248e-12	8	0	0	14	9476
SM00609	VIT	1.00000000000895	8.95298833379248e-12	8	0	0	14	9476
SM00884	Cullin_Nedd8	1.00000000000895	8.95298833379248e-12	8	0	0	14	9476
SM00537	DCX	1.00000000000895	8.95298833379248e-12	8	0	0	14	9476
SM00861	Transket_pyr	1.00000000000895	8.95298833379248e-12	8	0	0	14	9476
SM00330	PIPKc	1.00000000000895	8.95298833379248e-12	8	0	0	14	9476
SM00167	VPS9	1.00000000000895	8.95298833379248e-12	8	0	0	14	9476
SM00504	Ubox	1.00000000000895	8.95298833379248e-12	8	0	0	14	9476
SM00524	DWB	1.00000000000895	8.95298833379248e-12	8	0	0	14	9476
SM00948	Proteasome_A_N	1.00000000000895	8.95298833379248e-12	8	0	0	14	9476
SM00141	PDGF	1.00000000000895	8.95298833379248e-12	8	0	0	14	9476
SM00068	GHB	1.00000000000895	8.95298833379248e-12	8	0	0	14	9476
SM01055	Cadherin_pro	1.00000000000895	8.95298833379248e-12	8	0	0	14	9476
SM00142	PI3K_C2	1.00000000000895	8.95298833379248e-12	8	0	0	14	9476
SM00276	GLECT	1.00000000000898	8.97747736501622e-12	15	0	0	14	9476
SM00908	Gal-bind_lectin	1.00000000000898	8.97747736501622e-12	15	0	0	14	9476
SM00216	VWD	1.00000000000898	8.97747736501622e-12	15	0	0	14	9476
SM00721	BAR	1.00000000000898	8.97747736501622e-12	15	0	0	14	9476
SM00501	BRIGHT	1.00000000000898	8.97747736501622e-12	15	0	0	14	9476
SM00643	C345C	1.00000000000898	8.97747736501622e-12	15	0	0	14	9476
SM00285	PBD	1.00000000000898	8.97747736501622e-12	15	0	0	14	9476
SM00149	PLCYc	1.00000000000898	8.97747736501622e-12	15	0	0	14	9476
SM00230	CysPc	1.00000000000898	8.97747736501622e-12	15	0	0	14	9476
SM00247	XTALbg	1.00000000000898	8.97747736501622e-12	15	0	0	14	9476
SM00498	FH2	1.00000000000898	8.97747736501622e-12	15	0	0	14	9476
SM00698	MORN	1.00000000000898	8.97747736501622e-12	15	0	0	14	9476
SM00502	BBC	1.00000000000898	8.97747736501622e-12	15	0	0	14	9476
SM00135	LY	1.00000000000898	8.97747736501622e-12	15	0	0	14	9476
SM00800	uDENN	1.00000000000898	8.97747736501622e-12	15	0	0	14	9476
SM00198	SCP	1.00000000000898	8.97747736501622e-12	15	0	0	14	9476
SM00228	PDZ	1.00000000000985	9.84565102530807e-12	145	0	0	14	9476
SM00490	HELICc	1.00000000000989	9.89393108649551e-12	107	0	0	14	9476
SM00516	SEC14	1.00000000001106	1.10556991944095e-11	26	0	0	14	9476
SM00325	RhoGEF	1.0000000000113	1.13040272549864e-11	68	0	0	14	9476
SM00324	RhoGAP	1.00000000001213	1.21340892189229e-11	64	0	0	14	9476
SM01258	KRBA1	1.00000000001232	1.23238721744939e-11	1	0	0	14	9476
SM01264	M16C_associated	1.00000000001232	1.23238721744939e-11	1	0	0	14	9476
SM01016	Arg_tRNA_synt_N	1.00000000001232	1.23238721744939e-11	1	0	0	14	9476
SM01000	Aha1_N	1.00000000001232	1.23238721744939e-11	1	0	0	14	9476
SM00870	Asparaginase	1.00000000001232	1.23238721744939e-11	1	0	0	14	9476
SM00929	NADH-G_4Fe-4S_3	1.00000000001232	1.23238721744939e-11	1	0	0	14	9476
SM01214	Fmp27_GFWDK	1.00000000001232	1.23238721744939e-11	1	0	0	14	9476
SM01221	FTCD	1.00000000001232	1.23238721744939e-11	1	0	0	14	9476
SM01004	ALAD	1.00000000001232	1.23238721744939e-11	1	0	0	14	9476
SM00531	TFIIE	1.00000000001232	1.23238721744939e-11	1	0	0	14	9476
SM00245	TSPc	1.00000000001232	1.23238721744939e-11	1	0	0	14	9476
SM01031	BHD_2	1.00000000001232	1.23238721744939e-11	1	0	0	14	9476
SM00898	Fapy_DNA_glyco	1.00000000001232	1.23238721744939e-11	1	0	0	14	9476
SM00659	RPOLCX	1.00000000001232	1.23238721744939e-11	1	0	0	14	9476
SM01024	BCS1_N	1.00000000001232	1.23238721744939e-11	1	0	0	14	9476
SM01311	RPOL_N	1.00000000001232	1.23238721744939e-11	1	0	0	14	9476
SM00340	HALZ	1.00000000001232	1.23238721744939e-11	1	0	0	14	9476
SM00928	NADH_4Fe-4S	1.00000000001232	1.23238721744939e-11	1	0	0	14	9476
SM00189	IL2	1.00000000001232	1.23238721744939e-11	1	0	0	14	9476
SM01128	DDRGK	1.00000000001232	1.23238721744939e-11	1	0	0	14	9476
SM01363	ACTH_domain	1.00000000001232	1.23238721744939e-11	1	0	0	14	9476
SM01136	DKCLD	1.00000000001232	1.23238721744939e-11	1	0	0	14	9476
SM00575	ZnF_PMZ	1.00000000001232	1.23238721744939e-11	1	0	0	14	9476
SM01273	Mago-bind	1.00000000001232	1.23238721744939e-11	1	0	0	14	9476
SM01219	Frataxin_Cyay	1.00000000001232	1.23238721744939e-11	1	0	0	14	9476
SM01413	Ribosomal_S19e	1.00000000001232	1.23238721744939e-11	1	0	0	14	9476
SM00858	SAF	1.00000000001232	1.23238721744939e-11	1	0	0	14	9476
SM00226	LMWPc	1.00000000001232	1.23238721744939e-11	1	0	0	14	9476
SM01186	eIF3_N	1.00000000001232	1.23238721744939e-11	1	0	0	14	9476
SM01350	6PGD	1.00000000001232	1.23238721744939e-11	1	0	0	14	9476
SM01013	APC2	1.00000000001232	1.23238721744939e-11	1	0	0	14	9476
SM01044	Btz	1.00000000001232	1.23238721744939e-11	1	0	0	14	9476
SM00984	UDPG_MGDP_dh_C	1.00000000001232	1.23238721744939e-11	1	0	0	14	9476
SM00998	ADSL_C	1.00000000001232	1.23238721744939e-11	1	0	0	14	9476
SM00530	HTH_XRE	1.00000000001232	1.23238721744939e-11	1	0	0	14	9476
SM01356	AP4E_app_platf	1.00000000001232	1.23238721744939e-11	1	0	0	14	9476
SM01162	DUF1771	1.00000000001232	1.23238721744939e-11	1	0	0	14	9476
SM00976	Telo_bind	1.00000000001232	1.23238721744939e-11	1	0	0	14	9476
SM01188	ELK	1.00000000001232	1.23238721744939e-11	1	0	0	14	9476
SM01342	TAN	1.00000000001232	1.23238721744939e-11	1	0	0	14	9476
SM00157	PRP	1.00000000001232	1.23238721744939e-11	1	0	0	14	9476
SM01135	DIRP	1.00000000001232	1.23238721744939e-11	1	0	0	14	9476
SM01223	FTO_NTD	1.00000000001232	1.23238721744939e-11	1	0	0	14	9476
SM01156	DUF1716	1.00000000001232	1.23238721744939e-11	1	0	0	14	9476
SM00990	VRR_NUC	1.00000000001232	1.23238721744939e-11	1	0	0	14	9476
SM01397	Ribosomal_S3Ae	1.00000000001232	1.23238721744939e-11	1	0	0	14	9476
SM00084	NMU	1.00000000001232	1.23238721744939e-11	1	0	0	14	9476
SM01253	Kin17_mid	1.00000000001232	1.23238721744939e-11	1	0	0	14	9476
SM00613	PAW	1.00000000001232	1.23238721744939e-11	1	0	0	14	9476
SM00754	CHRD	1.00000000001232	1.23238721744939e-11	1	0	0	14	9476
SM01071	CDC37_N	1.00000000001232	1.23238721744939e-11	1	0	0	14	9476
SM00784	SPT2	1.00000000001232	1.23238721744939e-11	1	0	0	14	9476
SM01309	RICTOR_phospho	1.00000000001232	1.23238721744939e-11	1	0	0	14	9476
SM00507	HNHc	1.00000000001232	1.23238721744939e-11	1	0	0	14	9476
SM01087	COG6	1.00000000001232	1.23238721744939e-11	1	0	0	14	9476
SM01278	MAPKK1_Int	1.00000000001232	1.23238721744939e-11	1	0	0	14	9476
SM01204	FIST_C	1.00000000001232	1.23238721744939e-11	1	0	0	14	9476
SM00946	ProRS-C_1	1.00000000001232	1.23238721744939e-11	1	0	0	14	9476
SM00521	CBF	1.00000000001232	1.23238721744939e-11	1	0	0	14	9476
SM01060	Catalase	1.00000000001232	1.23238721744939e-11	1	0	0	14	9476
SM00798	AICARFT_IMPCHas	1.00000000001232	1.23238721744939e-11	1	0	0	14	9476
SM00845	GatB_Yqey	1.00000000001232	1.23238721744939e-11	1	0	0	14	9476
SM01082	CHZ	1.00000000001232	1.23238721744939e-11	1	0	0	14	9476
SM01302	Raptor_N	1.00000000001232	1.23238721744939e-11	1	0	0	14	9476
SM01181	E2_bind	1.00000000001232	1.23238721744939e-11	1	0	0	14	9476
SM01036	BP28CT	1.00000000001232	1.23238721744939e-11	1	0	0	14	9476
SM01168	DUF1907	1.00000000001232	1.23238721744939e-11	1	0	0	14	9476
SM01261	Thymopoietin	1.00000000001232	1.23238721744939e-11	1	0	0	14	9476
SM01077	Cg6151-P	1.00000000001232	1.23238721744939e-11	1	0	0	14	9476
SM00944	Pro-kuma_activ	1.00000000001232	1.23238721744939e-11	1	0	0	14	9476
SM00874	B5	1.00000000001232	1.23238721744939e-11	1	0	0	14	9476
SM00127	IL7	1.00000000001232	1.23238721744939e-11	1	0	0	14	9476
SM01191	ENT	1.00000000001232	1.23238721744939e-11	1	0	0	14	9476
SM01280	Mcm10	1.00000000001232	1.23238721744939e-11	1	0	0	14	9476
SM01414	P68HR	1.00000000001232	1.23238721744939e-11	1	0	0	14	9476
SM01416	Ribosomal_L19e	1.00000000001232	1.23238721744939e-11	1	0	0	14	9476
SM01098	CPSF73-100_C	1.00000000001232	1.23238721744939e-11	1	0	0	14	9476
SM00026	EPEND	1.00000000001232	1.23238721744939e-11	1	0	0	14	9476
SM00067	GHA	1.00000000001232	1.23238721744939e-11	1	0	0	14	9476
SM01347	Mre11_DNA_bind	1.00000000001232	1.23238721744939e-11	1	0	0	14	9476
SM01220	FSA_C	1.00000000001232	1.23238721744939e-11	1	0	0	14	9476
SM00817	Amelin	1.00000000001232	1.23238721744939e-11	1	0	0	14	9476
SM01210	GARS_C	1.00000000001232	1.23238721744939e-11	1	0	0	14	9476
SM01123	DBP10CT	1.00000000001232	1.23238721744939e-11	1	0	0	14	9476
SM00748	HEPN	1.00000000001232	1.23238721744939e-11	1	0	0	14	9476
SM01030	BHD_1	1.00000000001232	1.23238721744939e-11	1	0	0	14	9476
SM00719	Plus3	1.00000000001232	1.23238721744939e-11	1	0	0	14	9476
SM01155	DUF1713	1.00000000001232	1.23238721744939e-11	1	0	0	14	9476
SM00203	TK	1.00000000001232	1.23238721744939e-11	1	0	0	14	9476
SM01262	LAMTOR	1.00000000001232	1.23238721744939e-11	1	0	0	14	9476
SM01389	Spt4	1.00000000001232	1.23238721744939e-11	1	0	0	14	9476
SM01377	Ribosomal_L40e	1.00000000001232	1.23238721744939e-11	1	0	0	14	9476
SM01152	DUF167	1.00000000001232	1.23238721744939e-11	1	0	0	14	9476
SM01085	CK_II_beta	1.00000000001232	1.23238721744939e-11	1	0	0	14	9476
SM01402	Ribosomal_S27	1.00000000001232	1.23238721744939e-11	1	0	0	14	9476
SM01173	DUF4187	1.00000000001232	1.23238721744939e-11	1	0	0	14	9476
SM00738	NGN	1.00000000001232	1.23238721744939e-11	1	0	0	14	9476
SM00597	ZnF_TTF	1.00000000001232	1.23238721744939e-11	1	0	0	14	9476
SM01341	Tower	1.00000000001232	1.23238721744939e-11	1	0	0	14	9476
SM00802	UME	1.00000000001232	1.23238721744939e-11	1	0	0	14	9476
SM00932	Nfu_N	1.00000000001232	1.23238721744939e-11	1	0	0	14	9476
SM00780	PIG-X	1.00000000001232	1.23238721744939e-11	1	0	0	14	9476
SM01409	RNA_pol_Rpb6	1.00000000001232	1.23238721744939e-11	1	0	0	14	9476
SM01306	RFX5_DNA_bdg	1.00000000001232	1.23238721744939e-11	1	0	0	14	9476
SM00904	Flavokinase	1.00000000001232	1.23238721744939e-11	1	0	0	14	9476
SM00019	SF_P	1.00000000001232	1.23238721744939e-11	1	0	0	14	9476
SM00538	POP4	1.00000000001232	1.23238721744939e-11	1	0	0	14	9476
SM01159	DUF1744	1.00000000001232	1.23238721744939e-11	1	0	0	14	9476
SM01124	DBR1	1.00000000001232	1.23238721744939e-11	1	0	0	14	9476
SM01206	Fibrillarin	1.00000000001232	1.23238721744939e-11	1	0	0	14	9476
SM01120	Dak2	1.00000000001232	1.23238721744939e-11	1	0	0	14	9476
SM01296	N2227	1.00000000001232	1.23238721744939e-11	1	0	0	14	9476
SM00567	EZ_HEAT	1.00000000001232	1.23238721744939e-11	1	0	0	14	9476
SM01032	BHD_3	1.00000000001232	1.23238721744939e-11	1	0	0	14	9476
SM00658	RPOL8c	1.00000000001232	1.23238721744939e-11	1	0	0	14	9476
SM00277	GRAN	1.00000000001232	1.23238721744939e-11	1	0	0	14	9476
SM01380	Ribosomal_L31e	1.00000000001232	1.23238721744939e-11	1	0	0	14	9476
SM01295	K167R	1.00000000001232	1.23238721744939e-11	1	0	0	14	9476
SM01183	EF1G	1.00000000001232	1.23238721744939e-11	1	0	0	14	9476
SM01161	DUF1767	1.00000000001232	1.23238721744939e-11	1	0	0	14	9476
SM00470	ParB	1.00000000001232	1.23238721744939e-11	1	0	0	14	9476
SM01364	NPP	1.00000000001232	1.23238721744939e-11	1	0	0	14	9476
SM01222	FTCD_N	1.00000000001232	1.23238721744939e-11	1	0	0	14	9476
SM00986	UDG	1.00000000001232	1.23238721744939e-11	1	0	0	14	9476
SM00095	TR_THY	1.00000000001232	1.23238721744939e-11	1	0	0	14	9476
SM00941	PYNP_C	1.00000000001232	1.23238721744939e-11	1	0	0	14	9476
SM01033	BING4CT	1.00000000001232	1.23238721744939e-11	1	0	0	14	9476
SM01365	Op_neuropeptide	1.00000000001232	1.23238721744939e-11	1	0	0	14	9476
SM00254	ShKT	1.00000000001232	1.23238721744939e-11	1	0	0	14	9476
SM00975	Telomerase_RBD	1.00000000001232	1.23238721744939e-11	1	0	0	14	9476
SM01102	CRM1_C	1.00000000001232	1.23238721744939e-11	1	0	0	14	9476
SM01344	NUC194	1.00000000001232	1.23238721744939e-11	1	0	0	14	9476
SM01395	Tbf5	1.00000000001232	1.23238721744939e-11	1	0	0	14	9476
SM01335	PADR1	1.00000000001232	1.23238721744939e-11	1	0	0	14	9476
SM01001	AIRC	1.00000000001232	1.23238721744939e-11	1	0	0	14	9476
SM01310	RICTOR_V	1.00000000001232	1.23238721744939e-11	1	0	0	14	9476
SM01075	CDT1	1.00000000001232	1.23238721744939e-11	1	0	0	14	9476
SM01385	DSS1_SEM1	1.00000000001232	1.23238721744939e-11	1	0	0	14	9476
SM00995	AD	1.00000000001232	1.23238721744939e-11	1	0	0	14	9476
SM00934	OMPdecase	1.00000000001232	1.23238721744939e-11	1	0	0	14	9476
SM01384	Ribosomal_L15e	1.00000000001232	1.23238721744939e-11	1	0	0	14	9476
SM00743	Agenet	1.00000000001232	1.23238721744939e-11	1	0	0	14	9476
SM01254	KLRAQ	1.00000000001232	1.23238721744939e-11	1	0	0	14	9476
SM01069	CDC37_C	1.00000000001232	1.23238721744939e-11	1	0	0	14	9476
SM01284	ECSIT_Cterm	1.00000000001232	1.23238721744939e-11	1	0	0	14	9476
SM00922	MR_MLE	1.00000000001232	1.23238721744939e-11	1	0	0	14	9476
SM00910	HIRAN	1.00000000001232	1.23238721744939e-11	1	0	0	14	9476
SM01308	RICTOR_N	1.00000000001232	1.23238721744939e-11	1	0	0	14	9476
SM01396	BC10	1.00000000001232	1.23238721744939e-11	1	0	0	14	9476
SM00709	Zpr1	1.00000000001232	1.23238721744939e-11	1	0	0	14	9476
SM01406	PAPA-1	1.00000000001232	1.23238721744939e-11	1	0	0	14	9476
SM01180	DWNN	1.00000000001232	1.23238721744939e-11	1	0	0	14	9476
SM00983	TPK_B1_binding	1.00000000001232	1.23238721744939e-11	1	0	0	14	9476
SM00762	Cog4	1.00000000001232	1.23238721744939e-11	1	0	0	14	9476
SM00017	OSTEO	1.00000000001232	1.23238721744939e-11	1	0	0	14	9476
SM01393	Ribosomal_L32e	1.00000000001232	1.23238721744939e-11	1	0	0	14	9476
SM01348	Nbs1_C	1.00000000001232	1.23238721744939e-11	1	0	0	14	9476
SM01286	SPT16	1.00000000001232	1.23238721744939e-11	1	0	0	14	9476
SM01118	CYTH	1.00000000001232	1.23238721744939e-11	1	0	0	14	9476
SM00752	HTTM	1.00000000001232	1.23238721744939e-11	1	0	0	14	9476
SM01386	Ribosomal_S13_N	1.00000000001232	1.23238721744939e-11	1	0	0	14	9476
SM01285	FACT-Spt16_Nlob	1.00000000001232	1.23238721744939e-11	1	0	0	14	9476
SM01169	DUF1943	1.00000000001232	1.23238721744939e-11	1	0	0	14	9476
SM01307	RICTOR_M	1.00000000001232	1.23238721744939e-11	1	0	0	14	9476
SM01378	Romo1	1.00000000001232	1.23238721744939e-11	1	0	0	14	9476
SM00823	PKS_PP	1.00000000001232	1.23238721744939e-11	1	0	0	14	9476
SM00318	SNc	1.00000000001232	1.23238721744939e-11	1	0	0	14	9476
SM01018	B12-binding_2	1.00000000001232	1.23238721744939e-11	1	0	0	14	9476
SM00463	SMR	1.00000000001232	1.23238721744939e-11	1	0	0	14	9476
SM01346	DUF3385	1.00000000001232	1.23238721744939e-11	1	0	0	14	9476
SM01158	DUF1741	1.00000000001232	1.23238721744939e-11	1	0	0	14	9476
SM00826	PKS_DH	1.00000000001232	1.23238721744939e-11	1	0	0	14	9476
SM00071	Galanin	1.00000000001232	1.23238721744939e-11	1	0	0	14	9476
SM00805	AGTRAP	1.00000000001232	1.23238721744939e-11	1	0	0	14	9476
SM00654	eIF6	1.00000000001232	1.23238721744939e-11	1	0	0	14	9476
SM00945	ProQ	1.00000000001232	1.23238721744939e-11	1	0	0	14	9476
SM01133	DeoC	1.00000000001232	1.23238721744939e-11	1	0	0	14	9476
SM00040	CSF2	1.00000000001232	1.23238721744939e-11	1	0	0	14	9476
SM01035	BOP1NT	1.00000000001232	1.23238721744939e-11	1	0	0	14	9476
SM00683	DM16	1.00000000001232	1.23238721744939e-11	1	0	0	14	9476
SM01125	DCP2	1.00000000001232	1.23238721744939e-11	1	0	0	14	9476
SM01405	Ribosomal_S6e	1.00000000001232	1.23238721744939e-11	1	0	0	14	9476
SM00005	DEATH	1.00000000001258	1.25814911606959e-11	27	0	0	14	9476
SM00429	IPT	1.00000000001258	1.25814911606959e-11	27	0	0	14	9476
SM01196	FERM_C	1.00000000001258	1.25814911606959e-11	27	0	0	14	9476
SM00458	RICIN	1.00000000001258	1.25814911606959e-11	27	0	0	14	9476
SM00608	ACR	1.00000000001258	1.25814911606959e-11	27	0	0	14	9476
SM00349	KRAB	1.000000000015	1.50041276436593e-11	363	0	0	14	9476
SM00214	VWC	1.00000000001513	1.51257606399315e-11	35	0	0	14	9476
SM00315	RGS	1.00000000001513	1.51257606399315e-11	35	0	0	14	9476
SM00195	DSPc	1.00000000001513	1.51257606399315e-11	35	0	0	14	9476
SM00180	EGF_Lam	1.00000000001513	1.51257606399315e-11	35	0	0	14	9476
SM00449	SPRY	1.00000000001515	1.51466712077029e-11	88	0	0	14	9476
SM00367	LRR_CC	1.00000000001668	1.66813359986422e-11	19	0	0	14	9476
SM00343	ZnF_C2HC	1.00000000001668	1.66813359986422e-11	19	0	0	14	9476
SM00097	WNT1	1.00000000001668	1.66813359986422e-11	19	0	0	14	9476
SM00414	H2A	1.00000000001668	1.66813359986422e-11	19	0	0	14	9476
SM00191	Int_alpha	1.00000000001668	1.66813359986422e-11	19	0	0	14	9476
SM00181	EGF	1.00000000001675	1.67536010440663e-11	183	0	0	14	9476
SM00382	AAA	1.00000000001706	1.70598727381167e-11	135	0	0	14	9476
SM00389	HOX	1.00000000001731	1.73073496500081e-11	224	0	0	14	9476
SM00451	ZnF_U1	1.00000000001753	1.75299556738378e-11	30	0	0	14	9476
SM00147	RasGEF	1.00000000001753	1.75299556738378e-11	30	0	0	14	9476
SM00298	CHROMO	1.00000000001753	1.75299556738378e-11	30	0	0	14	9476
SM00248	ANK	1.00000000001754	1.75406311257847e-11	233	0	0	14	9476
SM00219	TyrKc	1.00000000001761	1.76127450254588e-11	80	0	0	14	9476
SM00093	SERPIN	1.00000000001836	1.83605228073118e-11	36	0	0	14	9476
SM00204	TGFB	1.00000000001836	1.83605228073118e-11	36	0	0	14	9476
SM01394	S_100	1.00000000001904	1.90388667525245e-11	28	0	0	14	9476
SM00119	HECTc	1.00000000001904	1.90388667525245e-11	28	0	0	14	9476
SM00105	ArfGap	1.00000000001904	1.90388667525245e-11	28	0	0	14	9476
SM00413	ETS	1.00000000001904	1.90388667525245e-11	28	0	0	14	9476
SM00875	BACK	1.00000000002	1.99989497754718e-11	59	0	0	14	9476
SM00186	FBG	1.00000000002047	2.04728820908787e-11	24	0	0	14	9476
SM00969	SOCS_box	1.00000000002511	2.51140364963663e-11	39	0	0	14	9476
SM00185	ARM	1.00000000002511	2.51140364963663e-11	39	0	0	14	9476
SM00649	RL11	1.00000000002661	2.66125570071452e-11	2	0	0	14	9476
SM00685	DM14	1.00000000002661	2.66125570071452e-11	2	0	0	14	9476
SM01352	APCDDC	1.00000000002661	2.66125570071452e-11	2	0	0	14	9476
SM00662	RPOLD	1.00000000002661	2.66125570071452e-11	2	0	0	14	9476
SM01362	DUF663	1.00000000002661	2.66125570071452e-11	2	0	0	14	9476
SM00937	PCRF	1.00000000002661	2.66125570071452e-11	2	0	0	14	9476
SM01292	N1221	1.00000000002661	2.66125570071452e-11	2	0	0	14	9476
SM01002	AlaDh_PNT_C	1.00000000002661	2.66125570071452e-11	2	0	0	14	9476
SM01250	KAT11	1.00000000002661	2.66125570071452e-11	2	0	0	14	9476
SM00731	SprT	1.00000000002661	2.66125570071452e-11	2	0	0	14	9476
SM00494	ChtBD2	1.00000000002661	2.66125570071452e-11	2	0	0	14	9476
SM00967	SpoU_sub_bind	1.00000000002661	2.66125570071452e-11	2	0	0	14	9476
SM01283	Costars	1.00000000002661	2.66125570071452e-11	2	0	0	14	9476
SM01072	CDC48_2	1.00000000002661	2.66125570071452e-11	2	0	0	14	9476
SM00581	PSP	1.00000000002661	2.66125570071452e-11	2	0	0	14	9476
SM00761	HDAC_interact	1.00000000002661	2.66125570071452e-11	2	0	0	14	9476
SM00860	SMI1_KNR4	1.00000000002661	2.66125570071452e-11	2	0	0	14	9476
SM01122	DBC1	1.00000000002661	2.66125570071452e-11	2	0	0	14	9476
SM01370	TAFII55_N	1.00000000002661	2.66125570071452e-11	2	0	0	14	9476
SM00873	B3_4	1.00000000002661	2.66125570071452e-11	2	0	0	14	9476
SM01104	CTD	1.00000000002661	2.66125570071452e-11	2	0	0	14	9476
SM00551	ZnF_TAZ	1.00000000002661	2.66125570071452e-11	2	0	0	14	9476
SM01410	DIM1	1.00000000002661	2.66125570071452e-11	2	0	0	14	9476
SM01141	DRY_EERY	1.00000000002661	2.66125570071452e-11	2	0	0	14	9476
SM00188	IL10	1.00000000002661	2.66125570071452e-11	2	0	0	14	9476
SM01074	Cdc6_C	1.00000000002661	2.66125570071452e-11	2	0	0	14	9476
SM00777	Mad3_BUB1_I	1.00000000002661	2.66125570071452e-11	2	0	0	14	9476
SM00804	TAP_C	1.00000000002661	2.66125570071452e-11	2	0	0	14	9476
SM01390	Ribosomal_S4	1.00000000002661	2.66125570071452e-11	2	0	0	14	9476
SM00888	EF1_GNE	1.00000000002661	2.66125570071452e-11	2	0	0	14	9476
SM00555	GIT	1.00000000002661	2.66125570071452e-11	2	0	0	14	9476
SM00535	RIBOc	1.00000000002661	2.66125570071452e-11	2	0	0	14	9476
SM01319	Tankyrase_bdg_C	1.00000000002661	2.66125570071452e-11	2	0	0	14	9476
SM00126	IL6	1.00000000002661	2.66125570071452e-11	2	0	0	14	9476
SM00190	IL4_13	1.00000000002661	2.66125570071452e-11	2	0	0	14	9476
SM01194	eRF1_1	1.00000000002661	2.66125570071452e-11	2	0	0	14	9476
SM00684	DM15	1.00000000002661	2.66125570071452e-11	2	0	0	14	9476
SM00436	TOP1Bc	1.00000000002661	2.66125570071452e-11	2	0	0	14	9476
SM01287	Rtt106	1.00000000002661	2.66125570071452e-11	2	0	0	14	9476
SM01008	Ald_Xan_dh_C	1.00000000002661	2.66125570071452e-11	2	0	0	14	9476
SM01237	ICA69	1.00000000002661	2.66125570071452e-11	2	0	0	14	9476
SM00732	YqgFc	1.00000000002661	2.66125570071452e-11	2	0	0	14	9476
SM00915	Jacalin	1.00000000002661	2.66125570071452e-11	2	0	0	14	9476
SM00466	SRA	1.00000000002661	2.66125570071452e-11	2	0	0	14	9476
SM01387	Ribosomal_S15	1.00000000002661	2.66125570071452e-11	2	0	0	14	9476
SM00978	Tim44	1.00000000002661	2.66125570071452e-11	2	0	0	14	9476
SM00035	CLa	1.00000000002661	2.66125570071452e-11	2	0	0	14	9476
SM01130	DHDPS	1.00000000002661	2.66125570071452e-11	2	0	0	14	9476
SM00003	NH	1.00000000002661	2.66125570071452e-11	2	0	0	14	9476
SM00434	TOP4c	1.00000000002661	2.66125570071452e-11	2	0	0	14	9476
SM00792	Agouti	1.00000000002661	2.66125570071452e-11	2	0	0	14	9476
SM00825	PKS_KS	1.00000000002661	2.66125570071452e-11	2	0	0	14	9476
SM01239	IKKbetaNEMObind	1.00000000002661	2.66125570071452e-11	2	0	0	14	9476
SM00559	Ku78	1.00000000002661	2.66125570071452e-11	2	0	0	14	9476
SM00902	Fe_hyd_SSU	1.00000000002661	2.66125570071452e-11	2	0	0	14	9476
SM00808	FABD	1.00000000002661	2.66125570071452e-11	2	0	0	14	9476
SM00435	TOPEUc	1.00000000002661	2.66125570071452e-11	2	0	0	14	9476
SM01282	DBB	1.00000000002661	2.66125570071452e-11	2	0	0	14	9476
SM00653	eIF2B_5	1.00000000002661	2.66125570071452e-11	2	0	0	14	9476
SM01293	DUF3402	1.00000000002661	2.66125570071452e-11	2	0	0	14	9476
SM00846	Gp_dh_N	1.00000000002661	2.66125570071452e-11	2	0	0	14	9476
SM00951	QLQ	1.00000000002661	2.66125570071452e-11	2	0	0	14	9476
SM00223	APPLE	1.00000000002661	2.66125570071452e-11	2	0	0	14	9476
SM01086	ClpB_D2-small	1.00000000002661	2.66125570071452e-11	2	0	0	14	9476
SM00714	LITAF	1.00000000002661	2.66125570071452e-11	2	0	0	14	9476
SM01314	SnAC	1.00000000002661	2.66125570071452e-11	2	0	0	14	9476
SM00433	TOP2c	1.00000000002661	2.66125570071452e-11	2	0	0	14	9476
SM01229	GluR_Homer-bdg	1.00000000002661	2.66125570071452e-11	2	0	0	14	9476
SM01073	CDC48_N	1.00000000002661	2.66125570071452e-11	2	0	0	14	9476
SM01023	BAF	1.00000000002661	2.66125570071452e-11	2	0	0	14	9476
SM01313	Sec3-PIP2_bind	1.00000000002661	2.66125570071452e-11	2	0	0	14	9476
SM01268	BTD	1.00000000002661	2.66125570071452e-11	2	0	0	14	9476
SM01276	M60-like	1.00000000002661	2.66125570071452e-11	2	0	0	14	9476
SM00882	CoA_trans	1.00000000002661	2.66125570071452e-11	2	0	0	14	9476
SM00087	PTH	1.00000000002661	2.66125570071452e-11	2	0	0	14	9476
SM00852	MoCF_biosynth	1.00000000002661	2.66125570071452e-11	2	0	0	14	9476
SM00881	CoA_binding	1.00000000002661	2.66125570071452e-11	2	0	0	14	9476
SM01374	Ribosomal_L14	1.00000000002661	2.66125570071452e-11	2	0	0	14	9476
SM01144	DTW	1.00000000002661	2.66125570071452e-11	2	0	0	14	9476
SM01047	C1_4	1.00000000002661	2.66125570071452e-11	2	0	0	14	9476
SM01165	DUF1866	1.00000000002661	2.66125570071452e-11	2	0	0	14	9476
SM00993	YL1_C	1.00000000002661	2.66125570071452e-11	2	0	0	14	9476
SM00638	LPD_N	1.00000000002661	2.66125570071452e-11	2	0	0	14	9476
SM00023	COLIPASE	1.00000000002661	2.66125570071452e-11	2	0	0	14	9476
SM00785	AARP2CN	1.00000000002661	2.66125570071452e-11	2	0	0	14	9476
SM00469	WIF	1.00000000002661	2.66125570071452e-11	2	0	0	14	9476
SM00512	Skp1	1.00000000002661	2.66125570071452e-11	2	0	0	14	9476
SM01267	LAG1_DNAbind	1.00000000002661	2.66125570071452e-11	2	0	0	14	9476
SM01028	Beta-TrCP_D	1.00000000002661	2.66125570071452e-11	2	0	0	14	9476
SM00992	YccV-like	1.00000000002661	2.66125570071452e-11	2	0	0	14	9476
SM01281	Med12	1.00000000002661	2.66125570071452e-11	2	0	0	14	9476
SM01010	AMPKBI	1.00000000002661	2.66125570071452e-11	2	0	0	14	9476
SM00705	THEG	1.00000000002661	2.66125570071452e-11	2	0	0	14	9476
SM01218	FoP_duplication	1.00000000002661	2.66125570071452e-11	2	0	0	14	9476
SM00896	FDX-ACB	1.00000000002661	2.66125570071452e-11	2	0	0	14	9476
SM01399	Sybindin	1.00000000002661	2.66125570071452e-11	2	0	0	14	9476
SM00827	PKS_AT	1.00000000002661	2.66125570071452e-11	2	0	0	14	9476
SM00193	PTN	1.00000000002661	2.66125570071452e-11	2	0	0	14	9476
SM00788	Adenylsucc_synt	1.00000000002661	2.66125570071452e-11	2	0	0	14	9476
SM00963	SRP54_N	1.00000000002661	2.66125570071452e-11	2	0	0	14	9476
SM00550	Zalpha	1.00000000002661	2.66125570071452e-11	2	0	0	14	9476
SM01269	Lipid_DES	1.00000000002661	2.66125570071452e-11	2	0	0	14	9476
SM01288	FISNA	1.00000000002661	2.66125570071452e-11	2	0	0	14	9476
SM01355	AP3B1_C	1.00000000002661	2.66125570071452e-11	2	0	0	14	9476
SM01011	AMP_N	1.00000000002661	2.66125570071452e-11	2	0	0	14	9476
SM01233	HABP4_PAI-RBP1	1.00000000002661	2.66125570071452e-11	2	0	0	14	9476
SM00893	ETF	1.00000000002661	2.66125570071452e-11	2	0	0	14	9476
SM00080	LIF_OSM	1.00000000002661	2.66125570071452e-11	2	0	0	14	9476
SM01182	EF-1_beta_acid	1.00000000002661	2.66125570071452e-11	2	0	0	14	9476
SM00635	BID_2	1.00000000002661	2.66125570071452e-11	2	0	0	14	9476
SM00493	TOPRIM	1.00000000002661	2.66125570071452e-11	2	0	0	14	9476
SM01131	DHHA2	1.00000000002661	2.66125570071452e-11	2	0	0	14	9476
SM01097	CPSase_sm_chain	1.00000000002661	2.66125570071452e-11	2	0	0	14	9476
SM00500	SFM	1.00000000002661	2.66125570071452e-11	2	0	0	14	9476
SM01096	CPSase_L_D3	1.00000000002661	2.66125570071452e-11	2	0	0	14	9476
SM00807	AKAP_110	1.00000000002661	2.66125570071452e-11	2	0	0	14	9476
SM01174	DUF4205	1.00000000002661	2.66125570071452e-11	2	0	0	14	9476
SM01272	LsmAD	1.00000000002661	2.66125570071452e-11	2	0	0	14	9476
SM00818	Amelogenin	1.00000000002661	2.66125570071452e-11	2	0	0	14	9476
SM01084	CKS	1.00000000002661	2.66125570071452e-11	2	0	0	14	9476
SM01076	CG-1	1.00000000002661	2.66125570071452e-11	2	0	0	14	9476
SM01154	DUF1704	1.00000000002661	2.66125570071452e-11	2	0	0	14	9476
SM00417	H4	1.00000000002661	2.66125570071452e-11	2	0	0	14	9476
SM00839	ELFV_dehydrog	1.00000000002661	2.66125570071452e-11	2	0	0	14	9476
SM00962	SRP54	1.00000000002661	2.66125570071452e-11	2	0	0	14	9476
SM01003	AlaDh_PNT_N	1.00000000002661	2.66125570071452e-11	2	0	0	14	9476
SM01415	DUF106	1.00000000002661	2.66125570071452e-11	2	0	0	14	9476
SM01164	DUF1856	1.00000000002661	2.66125570071452e-11	2	0	0	14	9476
SM00030	CLb	1.00000000002661	2.66125570071452e-11	2	0	0	14	9476
SM00039	CRF	1.00000000002661	2.66125570071452e-11	2	0	0	14	9476
SM01070	CDC37_M	1.00000000002661	2.66125570071452e-11	2	0	0	14	9476
SM00657	RPOL4c	1.00000000002661	2.66125570071452e-11	2	0	0	14	9476
SM01291	N-SET	1.00000000002661	2.66125570071452e-11	2	0	0	14	9476
SM00661	RPOL9	1.00000000002661	2.66125570071452e-11	2	0	0	14	9476
SM01115	cwf21	1.00000000002661	2.66125570071452e-11	2	0	0	14	9476
SM01382	Ribosomal_L2_C	1.00000000002661	2.66125570071452e-11	2	0	0	14	9476
SM00812	Alpha_L_fucos	1.00000000002661	2.66125570071452e-11	2	0	0	14	9476
SM00956	RQC	1.00000000002661	2.66125570071452e-11	2	0	0	14	9476
SM01383	Ribosomal_L2	1.00000000002661	2.66125570071452e-11	2	0	0	14	9476
SM01230	Gln-synt_C	1.00000000002661	2.66125570071452e-11	2	0	0	14	9476
SM01336	zf-PARP	1.00000000002661	2.66125570071452e-11	2	0	0	14	9476
SM00853	MutL_C	1.00000000002661	2.66125570071452e-11	2	0	0	14	9476
SM01092	CO_deh_flav_C	1.00000000002661	2.66125570071452e-11	2	0	0	14	9476
SM00525	FES	1.00000000002661	2.66125570071452e-11	2	0	0	14	9476
SM01142	DSHCT	1.00000000002661	2.66125570071452e-11	2	0	0	14	9476
SM00437	TOP1Ac	1.00000000002661	2.66125570071452e-11	2	0	0	14	9476
SM01179	DUF862	1.00000000002661	2.66125570071452e-11	2	0	0	14	9476
SM01177	DUF4210	1.00000000002661	2.66125570071452e-11	2	0	0	14	9476
SM00756	VKc	1.00000000002661	2.66125570071452e-11	2	0	0	14	9476
SM00883	Cpn10	1.00000000002661	2.66125570071452e-11	2	0	0	14	9476
