TermID	Term	Enrichment	logP	Genes in Term	Target Genes in Term	Fraction of Targets in Term	Total Target Genes	Total Genes	Entrez Gene IDs	Gene Symbols
SM00127	IL7	0.00369354157872928	-5.60116950378816	1	1	0.0285714285714286	35	9476	3574	IL7
SM00112	CA	0.00818849866529693	-4.80502471107163	113	3	0.0857142857142857	35	9476	27253,27328,64881	PCDH17,PCDH11X,PCDH20
SM00389	HOX	0.0089613503525596	-4.71483435435973	224	4	0.114285714285714	35	9476	4212,79776,23314,8092	MEIS2,ZFHX4,SATB2,ALX1
SM00197	SAA	0.0146948276063619	-4.22025971062873	4	1	0.0285714285714286	35	9476	6289	SAA2
SM00560	LamGL	0.0146948276063619	-4.22025971062873	4	1	0.0285714285714286	35	9476	5069	PAPPA
SM01175	DUF4206	0.0183356300801403	-3.99890911316574	5	1	0.0285714285714286	35	9476	389072	PLEKHM3
SM00109	C1	0.0224830679828161	-3.79499278716474	63	2	0.0571428571428571	35	9476	23526,6769	ARHGAP45,STAC
SM01109	CUT	0.0255780701577288	-3.66601992908131	7	1	0.0285714285714286	35	9476	23314	SATB2
SM00467	GS	0.0255780701577288	-3.66601992908131	7	1	0.0285714285714286	35	9476	658	BMPR1B
SM00004	NL	0.0255780701577288	-3.66601992908131	7	1	0.0285714285714286	35	9476	5069	PAPPA
SM00537	DCX	0.0291797986972414	-3.53427863456649	8	1	0.0285714285714286	35	9476	51473	DCDC2
SM00351	PAX	0.0291797986972414	-3.53427863456649	8	1	0.0285714285714286	35	9476	5083	PAX9
SM00274	FOLN	0.0327685932734449	-3.41828474446029	9	1	0.0285714285714286	35	9476	10468	FST
SM00511	ORANGE	0.0327685932734449	-3.41828474446029	9	1	0.0285714285714286	35	9476	23462	HEY1
SM00159	PTX	0.0363444989708154	-3.31471242150813	10	1	0.0285714285714286	35	9476	4885	NPTX2
SM00615	EPH_lbd	0.0505201293504718	-2.98538342112166	14	1	0.0285714285714286	35	9476	2042	EPHA3
SM00149	PLCYc	0.0540322616133771	-2.91817397352771	15	1	0.0285714285714286	35	9476	23007	PLCH1
SM00079	PBPe	0.064493105059915	-2.74119695919033	18	1	0.0285714285714286	35	9476	2891	GRIA2
SM00918	Lig_chan-Glu_bd	0.064493105059915	-2.74119695919033	18	1	0.0285714285714286	35	9476	2891	GRIA2
SM00148	PLCXc	0.064493105059915	-2.74119695919033	18	1	0.0285714285714286	35	9476	23007	PLCH1
SM00055	FCH	0.078266239221704	-2.54763894110342	22	1	0.0285714285714286	35	9476	23526	ARHGAP45
SM00208	TNFR	0.0816786235728513	-2.50496295672644	23	1	0.0285714285714286	35	9476	60401	EDA2R
SM01411	Ephrin_rec_like	0.0884666147229861	-2.42513003290771	25	1	0.0285714285714286	35	9476	2042	EPHA3
SM00458	RICIN	0.0952058540918434	-2.35171384651403	27	1	0.0285714285714286	35	9476	114805	GALNT13
SM00451	ZnF_U1	0.105224046487247	-2.25166342602257	30	1	0.0285714285714286	35	9476	79776	ZFHX4
SM00280	KAZAL	0.115134449158168	-2.16165471039661	33	1	0.0285714285714286	35	9476	10468	FST
SM00185	ARM	0.134636377919268	-2.00517763142767	39	1	0.0285714285714286	35	9476	9576	SPAG6
SM00282	LamG	0.137845843507535	-1.98161929425176	40	1	0.0285714285714286	35	9476	23418	CRB1
SM00407	IGc1	0.144230121888229	-1.93634518629085	42	1	0.0285714285714286	35	9476	563	AZGP1
SM00360	RRM	0.173439895416437	-1.75192416372667	204	2	0.0571428571428571	35	9476	54033,132864	RBM11,CPEB2
SM00032	CCP	0.178531120905955	-1.72299234614701	53	1	0.0285714285714286	35	9476	5069	PAPPA
SM00324	RhoGAP	0.211495011108235	-1.55355386891474	64	1	0.0285714285714286	35	9476	23526	ARHGAP45
SM00233	PH	0.249372125021686	-1.38880902013956	260	2	0.0571428571428571	35	9476	389072,23007	PLEKHM3,PLCH1
SM00219	TyrKc	0.257159257747852	-1.35805970605653	80	1	0.0285714285714286	35	9476	2042	EPHA3
SM00454	SAM	0.26816761042266	-1.31614308193503	84	1	0.0285714285714286	35	9476	2042	EPHA3
SM00355	ZnF_C2H2	0.282058777109489	-1.26563980029616	730	4	0.114285714285714	35	9476	79776,7545,84107,5324	ZFHX4,ZIC1,ZIC4,PLAG1
SM00353	HLH	0.338436506565998	-1.08341877714553	111	1	0.0285714285714286	35	9476	23462	HEY1
SM00179	EGF_CA	0.360368234501094	-1.02062889669659	120	1	0.0285714285714286	35	9476	23418	CRB1
SM00239	C2	0.36514515405545	-1.00746032211061	122	1	0.0285714285714286	35	9476	23007	PLCH1
SM00028	TPR	0.374595247578399	-0.981909175709328	126	1	0.0285714285714286	35	9476	51555	PEX5L
SM00054	EFh	0.406606537908292	-0.899909298457519	140	1	0.0285714285714286	35	9476	23007	PLCH1
SM00060	FN3	0.426338553803839	-0.852521521102186	149	1	0.0285714285714286	35	9476	2042	EPHA3
SM00181	EGF	0.495289125432151	-0.702613595146533	183	1	0.0285714285714286	35	9476	23418	CRB1
SM00326	SH3	0.532012953367373	-0.631087441502	203	1	0.0285714285714286	35	9476	6769	STAC
SM00184	RING	0.591681656811586	-0.524786530605467	239	1	0.0285714285714286	35	9476	79589	RNF128
SM00220	S_TKc	0.730705138584972	-0.313745267795608	348	1	0.0285714285714286	35	9476	658	BMPR1B
SM00409	IG	0.772677253887091	-0.257893841660959	392	1	0.0285714285714286	35	9476	51599	LSR
SM00399	ZnF_C4	0.999999999973902	-2.60976343993894e-11	46	0	0	35	9476
SM00356	ZnF_C3H1	0.999999999973902	-2.60976343993894e-11	46	0	0	35	9476
SM00545	JmjN	0.99999999998018	-1.98199992727605e-11	10	0	0	35	9476
SM00509	TFS2N	0.99999999998018	-1.98199992727605e-11	10	0	0	35	9476
SM00849	Lactamase_B	0.99999999998018	-1.98199992727605e-11	10	0	0	35	9476
SM00562	NDK	0.99999999998018	-1.98199992727605e-11	10	0	0	35	9476
SM00755	Grip	0.99999999998018	-1.98199992727605e-11	10	0	0	35	9476
SM00102	ADF	0.99999999998018	-1.98199992727605e-11	10	0	0	35	9476
SM01052	CAP_GLY	0.99999999998018	-1.98199992727605e-11	10	0	0	35	9476
SM01190	EMP24_GP25L	0.99999999998018	-1.98199992727605e-11	10	0	0	35	9476
SM00200	SEA	0.99999999998018	-1.98199992727605e-11	10	0	0	35	9476
SM00543	MIF4G	0.99999999998018	-1.98199992727605e-11	10	0	0	35	9476
SM00855	PGAM	0.99999999998018	-1.98199992727605e-11	10	0	0	35	9476
SM00134	LU	0.99999999998018	-1.98199992727605e-11	10	0	0	35	9476
SM00045	DAGKa	0.99999999998018	-1.98199992727605e-11	10	0	0	35	9476
SM00128	IPPc	0.99999999998018	-1.98199992727605e-11	10	0	0	35	9476
SM00745	MIT	0.99999999998018	-1.98199992727605e-11	10	0	0	35	9476
SM01017	Arrestin_C	0.99999999998018	-1.98199992727605e-11	10	0	0	35	9476
SM01349	TOG	0.99999999998018	-1.98199992727605e-11	10	0	0	35	9476
SM00472	MIR	0.99999999998018	-1.98199992727605e-11	10	0	0	35	9476
SM00591	RWD	0.99999999998018	-1.98199992727605e-11	10	0	0	35	9476
SM00078	IlGF	0.99999999998018	-1.98199992727605e-11	10	0	0	35	9476
SM00386	HAT	0.99999999998018	-1.98199992727605e-11	10	0	0	35	9476
SM00442	FGF	0.999999999982665	-1.73345902239703e-11	22	0	0	35	9476
SM01289	PYRIN	0.999999999982665	-1.73345902239703e-11	22	0	0	35	9476
SM00513	SAP	0.999999999982665	-1.73345902239703e-11	22	0	0	35	9476
SM01379	GAGE	0.999999999982665	-1.73345902239703e-11	22	0	0	35	9476
SM00397	t_SNARE	0.999999999982665	-1.73345902239703e-11	22	0	0	35	9476
SM00034	CLECT	0.999999999987776	-1.22236615033644e-11	84	0	0	35	9476
SM00064	FYVE	0.999999999987912	-1.20876836682893e-11	29	0	0	35	9476
SM00558	JmjC	0.999999999987912	-1.20876836682893e-11	29	0	0	35	9476
SM00314	RA	0.999999999987912	-1.20876836682893e-11	29	0	0	35	9476
SM00165	UBA	0.999999999987912	-1.20876836682893e-11	29	0	0	35	9476
SM00150	SPEC	0.999999999987912	-1.20876836682893e-11	29	0	0	35	9476
SM00235	ZnMc	0.999999999987912	-1.20876836682893e-11	29	0	0	35	9476
SM00037	CNX	0.999999999988403	-1.15966594584151e-11	20	0	0	35	9476
SM01392	MAGE_N	0.999999999988403	-1.15966594584151e-11	20	0	0	35	9476
SM00231	FA58C	0.999999999988403	-1.15966594584151e-11	20	0	0	35	9476
SM00253	SOCS	0.999999999988403	-1.15966594584151e-11	20	0	0	35	9476
SM01089	Connexin_CCC	0.999999999988403	-1.15966594584151e-11	20	0	0	35	9476
SM00651	Sm	0.999999999988403	-1.15966594584151e-11	20	0	0	35	9476
SM00229	RasGEFN	0.999999999988403	-1.15966594584151e-11	20	0	0	35	9476
SM00063	FRI	0.999999999988403	-1.15966594584151e-11	20	0	0	35	9476
SM00547	ZnF_RBZ	0.999999999988403	-1.15966594584151e-11	20	0	0	35	9476
SM00332	PP2Cc	0.999999999988403	-1.15966594584151e-11	20	0	0	35	9476
SM00865	Tubulin_C	0.999999999988403	-1.15966594584151e-11	20	0	0	35	9476
SM00293	PWWP	0.999999999988403	-1.15966594584151e-11	20	0	0	35	9476
SM00385	CYCLIN	0.999999999988784	-1.12156136951836e-11	34	0	0	35	9476
SM01373	MAGE	0.999999999988784	-1.12156136951836e-11	34	0	0	35	9476
SM00164	TBC	0.999999999988895	-1.11050173265239e-11	50	0	0	35	9476
SM00015	IQ	0.999999999988895	-1.11050173265239e-11	50	0	0	35	9476
SM00973	Sec63	0.999999999991755	-8.24484528732303e-12	4	0	0	35	9476
SM01153	DUF1693	0.999999999991755	-8.24484528732303e-12	4	0	0	35	9476
SM00103	ALBUMIN	0.999999999991755	-8.24484528732303e-12	4	0	0	35	9476
SM00737	ML	0.999999999991755	-8.24484528732303e-12	4	0	0	35	9476
SM00664	DoH	0.999999999991755	-8.24484528732303e-12	4	0	0	35	9476
SM00025	Pumilio	0.999999999991755	-8.24484528732303e-12	4	0	0	35	9476
SM00632	Aamy_C	0.999999999991755	-8.24484528732303e-12	4	0	0	35	9476
SM00313	PXA	0.999999999991755	-8.24484528732303e-12	4	0	0	35	9476
SM00051	DSL	0.999999999991755	-8.24484528732303e-12	4	0	0	35	9476
SM00359	PUA	0.999999999991755	-8.24484528732303e-12	4	0	0	35	9476
SM00701	PGRP	0.999999999991755	-8.24484528732303e-12	4	0	0	35	9476
SM00331	PP2C_SIG	0.999999999991755	-8.24484528732303e-12	4	0	0	35	9476
SM01193	Enolase_N	0.999999999991755	-8.24484528732303e-12	4	0	0	35	9476
SM00206	NTR	0.999999999991755	-8.24484528732303e-12	4	0	0	35	9476
SM00520	BASIC	0.999999999991755	-8.24484528732303e-12	4	0	0	35	9476
SM00392	PROF	0.999999999991755	-8.24484528732303e-12	4	0	0	35	9476
SM00307	ILWEQ	0.999999999991755	-8.24484528732303e-12	4	0	0	35	9476
SM01225	G8	0.999999999991755	-8.24484528732303e-12	4	0	0	35	9476
SM00476	DNaseIc	0.999999999991755	-8.24484528732303e-12	4	0	0	35	9476
SM01007	Aldolase_II	0.999999999991755	-8.24484528732303e-12	4	0	0	35	9476
SM01339	NODP	0.999999999991755	-8.24484528732303e-12	4	0	0	35	9476
SM00098	alkPPc	0.999999999991755	-8.24484528732303e-12	4	0	0	35	9476
SM01192	Enolase_C	0.999999999991755	-8.24484528732303e-12	4	0	0	35	9476
SM00889	EFG_IV	0.999999999991755	-8.24484528732303e-12	4	0	0	35	9476
SM00363	S4	0.999999999991755	-8.24484528732303e-12	4	0	0	35	9476
SM01249	KASH	0.999999999991755	-8.24484528732303e-12	4	0	0	35	9476
SM00678	WWE	0.999999999991755	-8.24484528732303e-12	4	0	0	35	9476
SM00227	NEBU	0.999999999991755	-8.24484528732303e-12	4	0	0	35	9476
SM01020	B2-adapt-app_C	0.999999999991755	-8.24484528732303e-12	4	0	0	35	9476
SM00564	PQQ	0.999999999991755	-8.24484528732303e-12	4	0	0	35	9476
SM00694	DysFC	0.999999999991755	-8.24484528732303e-12	4	0	0	35	9476
SM00573	HSA	0.999999999991755	-8.24484528732303e-12	4	0	0	35	9476
SM01277	MAGUK_N_PEST	0.999999999991755	-8.24484528732303e-12	4	0	0	35	9476
SM00679	CTNS	0.999999999991755	-8.24484528732303e-12	4	0	0	35	9476
SM01246	Josephin	0.999999999991755	-8.24484528732303e-12	4	0	0	35	9476
SM01263	Leuk-A4-hydro_C	0.999999999991755	-8.24484528732303e-12	4	0	0	35	9476
SM01279	Matrilin_ccoil	0.999999999991755	-8.24484528732303e-12	4	0	0	35	9476
SM00426	TEA	0.999999999991755	-8.24484528732303e-12	4	0	0	35	9476
SM00152	THY	0.999999999991755	-8.24484528732303e-12	4	0	0	35	9476
SM00058	FN1	0.999999999991755	-8.24484528732303e-12	4	0	0	35	9476
SM01178	DUF4217	0.999999999991755	-8.24484528732303e-12	4	0	0	35	9476
SM01398	Cornichon	0.999999999991755	-8.24484528732303e-12	4	0	0	35	9476
SM00057	FIMAC	0.999999999991755	-8.24484528732303e-12	4	0	0	35	9476
SM00723	AMOP	0.999999999991755	-8.24484528732303e-12	4	0	0	35	9476
SM00554	FAS1	0.999999999991755	-8.24484528732303e-12	4	0	0	35	9476
SM00140	NGF	0.999999999991755	-8.24484528732303e-12	4	0	0	35	9476
SM00955	RNB	0.999999999991755	-8.24484528732303e-12	4	0	0	35	9476
SM00483	POLXc	0.999999999991755	-8.24484528732303e-12	4	0	0	35	9476
SM00488	DEXDc2	0.999999999991755	-8.24484528732303e-12	4	0	0	35	9476
SM01338	NOD	0.999999999991755	-8.24484528732303e-12	4	0	0	35	9476
SM00491	HELICc2	0.999999999991755	-8.24484528732303e-12	4	0	0	35	9476
SM01340	DNA_mis_repair	0.999999999991755	-8.24484528732303e-12	4	0	0	35	9476
SM00733	Mterf	0.999999999991755	-8.24484528732303e-12	4	0	0	35	9476
SM00693	DysFN	0.999999999991755	-8.24484528732303e-12	4	0	0	35	9476
SM00644	Ami_2	0.999999999991755	-8.24484528732303e-12	4	0	0	35	9476
SM00486	POLBc	0.999999999991755	-8.24484528732303e-12	4	0	0	35	9476
SM01027	Beta-Casp	0.999999999991755	-8.24484528732303e-12	4	0	0	35	9476
SM01053	CaMBD	0.999999999991755	-8.24484528732303e-12	4	0	0	35	9476
SM00327	VWA	0.999999999992089	-7.91093379724495e-12	70	0	0	35	9476
SM00291	ZnF_ZZ	0.999999999992117	-7.88277182535532e-12	16	0	0	35	9476
SM00275	G_alpha	0.999999999992117	-7.88277182535532e-12	16	0	0	35	9476
SM00222	Sec7	0.999999999992117	-7.88277182535532e-12	16	0	0	35	9476
SM00913	IBN_N	0.999999999992117	-7.88277182535532e-12	16	0	0	35	9476
SM00207	TNF	0.999999999992117	-7.88277182535532e-12	16	0	0	35	9476
SM00702	P4Hc	0.999999999992117	-7.88277182535532e-12	16	0	0	35	9476
SM00799	DENN	0.999999999992117	-7.88277182535532e-12	16	0	0	35	9476
SM00136	LamNT	0.999999999992117	-7.88277182535532e-12	16	0	0	35	9476
SM00563	PlsC	0.999999999992117	-7.88277182535532e-12	16	0	0	35	9476
SM00801	dDENN	0.999999999992117	-7.88277182535532e-12	16	0	0	35	9476
SM00726	UIM	0.999999999992117	-7.88277182535532e-12	16	0	0	35	9476
SM00568	GRAM	0.999999999992117	-7.88277182535532e-12	16	0	0	35	9476
SM00130	KR	0.999999999992117	-7.88277182535532e-12	16	0	0	35	9476
SM00829	PKS_ER	0.999999999992117	-7.88277182535532e-12	16	0	0	35	9476
SM00427	H2B	0.999999999992117	-7.88277182535532e-12	16	0	0	35	9476
SM00831	Cation_ATPase_N	0.999999999992117	-7.88277182535532e-12	16	0	0	35	9476
SM00043	CY	0.999999999992117	-7.88277182535532e-12	16	0	0	35	9476
SM00352	POU	0.999999999992117	-7.88277182535532e-12	16	0	0	35	9476
SM00088	PINT	0.999999999992117	-7.88277182535532e-12	16	0	0	35	9476
SM00146	PI3Kc	0.999999999992117	-7.88277182535532e-12	16	0	0	35	9476
SM00462	PTB	0.999999999993582	-6.4181430916498e-12	40	0	0	35	9476
SM00129	KISc	0.999999999994649	-5.35126111803558e-12	44	0	0	35	9476
SM00430	HOLI	0.999999999995191	-4.80888492626863e-12	48	0	0	35	9476
SM00225	BTB	0.999999999995208	-4.79159842351735e-12	175	0	0	35	9476
SM00369	LRR_TYP	0.999999999995208	-4.79159842351735e-12	175	0	0	35	9476
SM00202	SR	0.999999999995561	-4.43878516376658e-12	25	0	0	35	9476
SM00091	PAS	0.999999999995561	-4.43878516376658e-12	25	0	0	35	9476
SM00333	TUDOR	0.999999999995561	-4.43878516376658e-12	25	0	0	35	9476
SM00072	GuKc	0.999999999995561	-4.43878516376658e-12	25	0	0	35	9476
SM00295	B41	0.999999999995886	-4.11406430509247e-12	51	0	0	35	9476
SM00398	HMG	0.999999999995886	-4.11406430509247e-12	51	0	0	35	9476
SM00338	BRLZ	0.999999999995886	-4.11406430509247e-12	51	0	0	35	9476
SM00213	UBQ	0.999999999995977	-4.02331717141663e-12	41	0	0	35	9476
SM00132	LIM	0.999999999996266	-3.73443020422657e-12	72	0	0	35	9476
SM00336	BBOX	0.999999999996266	-3.73443020422657e-12	72	0	0	35	9476
SM00249	PHD	0.999999999996606	-3.39432277763108e-12	89	0	0	35	9476
SM00312	PX	0.99999999999707	-2.93029739839622e-12	42	0	0	35	9476
SM00423	PSI	0.99999999999707	-2.93029739839622e-12	42	0	0	35	9476
SM00199	SCY	0.99999999999707	-2.93029739839622e-12	42	0	0	35	9476
SM00297	BROMO	0.99999999999707	-2.93029739839622e-12	42	0	0	35	9476
SM00717	SANT	0.99999999999707	-2.93029739839622e-12	42	0	0	35	9476
SM00303	GPS	0.99999999999715	-2.85033223431961e-12	30	0	0	35	9476
SM00147	RasGEF	0.99999999999715	-2.85033223431961e-12	30	0	0	35	9476
SM00298	CHROMO	0.99999999999715	-2.85033223431961e-12	30	0	0	35	9476
SM00209	TSP1	0.99999999999803	-1.97045570682985e-12	64	0	0	35	9476
SM00348	IRF	0.999999999998358	-1.64158493059389e-12	9	0	0	35	9476
SM00018	PD	0.999999999998358	-1.64158493059389e-12	9	0	0	35	9476
SM00218	ZU5	0.999999999998358	-1.64158493059389e-12	9	0	0	35	9476
SM00949	PAZ	0.999999999998358	-1.64158493059389e-12	9	0	0	35	9476
SM00350	MCM	0.999999999998358	-1.64158493059389e-12	9	0	0	35	9476
SM01139	Drf_FH3	0.999999999998358	-1.64158493059389e-12	9	0	0	35	9476
SM00329	BPI2	0.999999999998358	-1.64158493059389e-12	9	0	0	35	9476
SM01025	BEN	0.999999999998358	-1.64158493059389e-12	9	0	0	35	9476
SM01026	Beach	0.999999999998358	-1.64158493059389e-12	9	0	0	35	9476
SM00503	SynN	0.999999999998358	-1.64158493059389e-12	9	0	0	35	9476
SM00506	A1pp	0.999999999998358	-1.64158493059389e-12	9	0	0	35	9476
SM00107	BTK	0.999999999998358	-1.64158493059389e-12	9	0	0	35	9476
SM00727	STI1	0.999999999998358	-1.64158493059389e-12	9	0	0	35	9476
SM00288	VHS	0.999999999998358	-1.64158493059389e-12	9	0	0	35	9476
SM01039	BRICHOS	0.999999999998358	-1.64158493059389e-12	9	0	0	35	9476
SM00809	Alpha_adaptinC2	0.999999999998358	-1.64158493059389e-12	9	0	0	35	9476
SM00387	HATPase_c	0.999999999998358	-1.64158493059389e-12	9	0	0	35	9476
SM00668	CTLH	0.999999999998358	-1.64158493059389e-12	9	0	0	35	9476
SM00273	ENTH	0.999999999998358	-1.64158493059389e-12	9	0	0	35	9476
SM00166	UBX	0.999999999998358	-1.64158493059389e-12	9	0	0	35	9476
SM00139	MyTH4	0.999999999998358	-1.64158493059389e-12	9	0	0	35	9476
SM00145	PI3Ka	0.999999999998358	-1.64158493059389e-12	9	0	0	35	9476
SM00316	S1	0.999999999998358	-1.64158493059389e-12	9	0	0	35	9476
SM00393	R3H	0.999999999998358	-1.64158493059389e-12	9	0	0	35	9476
SM00561	MBT	0.999999999998358	-1.64158493059389e-12	9	0	0	35	9476
SM01140	Drf_GBD	0.999999999998358	-1.64158493059389e-12	9	0	0	35	9476
SM00557	IG_FLMN	0.999999999998358	-1.64158493059389e-12	9	0	0	35	9476
SM00921	MHC_II_beta	0.999999999998358	-1.64158493059389e-12	9	0	0	35	9476
SM00516	SEC14	0.999999999998674	-1.32555584930694e-12	26	0	0	35	9476
SM00317	SET	0.999999999998759	-1.24142876253815e-12	38	0	0	35	9476
SM00242	MYSc	0.999999999998759	-1.24142876253815e-12	38	0	0	35	9476
SM00256	FBOX	0.999999999998759	-1.24142876253815e-12	38	0	0	35	9476
SM00569	L27	0.999999999999172	-8.27530364568695e-13	11	0	0	35	9476
SM00232	JAB_MPN	0.999999999999172	-8.27530364568695e-13	11	0	0	35	9476
SM00246	WH2	0.999999999999172	-8.27530364568695e-13	11	0	0	35	9476
SM00027	EH	0.999999999999172	-8.27530364568695e-13	11	0	0	35	9476
SM01330	Frizzled	0.999999999999172	-8.27530364568695e-13	11	0	0	35	9476
SM00251	SAM_PNT	0.999999999999172	-8.27530364568695e-13	11	0	0	35	9476
SM01372	E2F_TDP	0.999999999999172	-8.27530364568695e-13	11	0	0	35	9476
SM00038	COLFI	0.999999999999172	-8.27530364568695e-13	11	0	0	35	9476
SM00290	ZnF_UBP	0.999999999999172	-8.27530364568695e-13	11	0	0	35	9476
SM00160	RanBD	0.999999999999172	-8.27530364568695e-13	11	0	0	35	9476
SM00461	WH1	0.999999999999172	-8.27530364568695e-13	11	0	0	35	9476
SM00391	MBD	0.999999999999172	-8.27530364568695e-13	11	0	0	35	9476
SM00439	BAH	0.999999999999172	-8.27530364568695e-13	11	0	0	35	9476
SM00092	RNAse_Pc	0.999999999999172	-8.27530364568695e-13	11	0	0	35	9476
SM00460	TGc	0.999999999999172	-8.27530364568695e-13	11	0	0	35	9476
SM00310	PTBI	0.999999999999172	-8.27530364568695e-13	11	0	0	35	9476
SM00244	PHB	0.999999999999172	-8.27530364568695e-13	11	0	0	35	9476
SM00186	FBG	0.999999999999201	-7.99356690461706e-13	24	0	0	35	9476
SM00008	HormR	0.999999999999201	-7.99356690461706e-13	24	0	0	35	9476
SM00252	SH2	0.999999999999607	-3.92867203203446e-13	103	0	0	35	9476
SM00061	MATH	1.00000000000004	3.66014297070291e-14	12	0	0	35	9476
SM00523	DWA	1.00000000000004	3.66014297070291e-14	12	0	0	35	9476
SM00114	CARD	1.00000000000004	3.66014297070291e-14	12	0	0	35	9476
SM00508	PostSET	1.00000000000004	3.66014297070291e-14	12	0	0	35	9476
SM01100	CRAL_TRIO_N	1.00000000000004	3.66014297070291e-14	12	0	0	35	9476
SM00614	ZnF_BED	1.00000000000004	3.66014297070291e-14	12	0	0	35	9476
SM00692	DM3	1.00000000000004	3.66014297070291e-14	12	0	0	35	9476
SM00720	calpain_III	1.00000000000004	3.66014297070291e-14	12	0	0	35	9476
SM00980	THAP	1.00000000000004	3.66014297070291e-14	12	0	0	35	9476
SM00401	ZnF_GATA	1.00000000000004	3.66014297070291e-14	12	0	0	35	9476
SM01265	Mab-21	1.00000000000004	3.66014297070291e-14	12	0	0	35	9476
SM00457	MACPF	1.00000000000004	3.66014297070291e-14	12	0	0	35	9476
SM00832	C8	1.00000000000004	3.66014297070291e-14	12	0	0	35	9476
SM00674	CENPB	1.00000000000004	3.66014297070291e-14	12	0	0	35	9476
SM00671	SEL1	1.00000000000011	1.07229317586052e-13	7	0	0	35	9476
SM00031	DED	1.00000000000011	1.07229317586052e-13	7	0	0	35	9476
SM01360	A2M	1.00000000000011	1.07229317586052e-13	7	0	0	35	9476
SM00077	ITAM	1.00000000000011	1.07229317586052e-13	7	0	0	35	9476
SM00250	PLEC	1.00000000000011	1.07229317586052e-13	7	0	0	35	9476
SM00182	CULLIN	1.00000000000011	1.07229317586052e-13	7	0	0	35	9476
SM00964	STAT_int	1.00000000000011	1.07229317586052e-13	7	0	0	35	9476
SM00396	ZnF_UBR1	1.00000000000011	1.07229317586052e-13	7	0	0	35	9476
SM00730	PSN	1.00000000000011	1.07229317586052e-13	7	0	0	35	9476
SM00238	BIR	1.00000000000011	1.07229317586052e-13	7	0	0	35	9476
SM00053	DYNc	1.00000000000011	1.07229317586052e-13	7	0	0	35	9476
SM00201	SO	1.00000000000011	1.07229317586052e-13	7	0	0	35	9476
SM01243	IRF-3	1.00000000000011	1.07229317586052e-13	7	0	0	35	9476
SM00101	14_3_3	1.00000000000011	1.07229317586052e-13	7	0	0	35	9476
SM00446	LRRcap	1.00000000000011	1.07229317586052e-13	7	0	0	35	9476
SM00742	Hr1	1.00000000000011	1.07229317586052e-13	7	0	0	35	9476
SM01062	Ca_chan_IQ	1.00000000000011	1.07229317586052e-13	7	0	0	35	9476
SM00515	eIF5C	1.00000000000011	1.07229317586052e-13	7	0	0	35	9476
SM01361	A2M_recep	1.00000000000011	1.07229317586052e-13	7	0	0	35	9476
SM00390	GoLoco	1.00000000000011	1.07229317586052e-13	7	0	0	35	9476
SM00707	RPEL	1.00000000000011	1.07229317586052e-13	7	0	0	35	9476
SM00468	PreSET	1.00000000000011	1.07229317586052e-13	7	0	0	35	9476
SM00546	CUE	1.00000000000011	1.07229317586052e-13	7	0	0	35	9476
SM00510	TFS2M	1.00000000000011	1.07229317586052e-13	7	0	0	35	9476
SM00642	Aamy	1.00000000000011	1.07229317586052e-13	7	0	0	35	9476
SM00715	LA	1.00000000000011	1.07229317586052e-13	7	0	0	35	9476
SM00729	Elp3	1.00000000000011	1.07229317586052e-13	7	0	0	35	9476
SM01337	APC10	1.00000000000011	1.07229317586052e-13	7	0	0	35	9476
SM00065	GAF	1.00000000000011	1.07229317586052e-13	7	0	0	35	9476
SM00636	Glyco_18	1.00000000000011	1.07229317586052e-13	7	0	0	35	9476
SM00259	ZnF_A20	1.00000000000011	1.07229317586052e-13	7	0	0	35	9476
SM00848	Inhibitor_I29	1.00000000000011	1.07229317586052e-13	7	0	0	35	9476
SM00582	RPR	1.00000000000011	1.07229317586052e-13	7	0	0	35	9476
SM01242	Integrin_B_tail	1.00000000000011	1.07229317586052e-13	7	0	0	35	9476
SM01359	A2M_N_2	1.00000000000011	1.07229317586052e-13	7	0	0	35	9476
SM00455	RBD	1.00000000000011	1.07229317586052e-13	7	0	0	35	9476
SM00301	DM	1.00000000000011	1.07229317586052e-13	7	0	0	35	9476
SM00234	START	1.00000000000054	5.40431821799608e-13	13	0	0	35	9476
SM00526	H15	1.00000000000054	5.40431821799608e-13	13	0	0	35	9476
SM00059	FN2	1.00000000000054	5.40431821799608e-13	13	0	0	35	9476
SM00156	PP2Ac	1.00000000000054	5.40431821799608e-13	13	0	0	35	9476
SM00645	Pept_C1	1.00000000000054	5.40431821799608e-13	13	0	0	35	9476
SM00284	OLF	1.00000000000054	5.40431821799608e-13	13	0	0	35	9476
SM00335	ANX	1.00000000000054	5.40431821799608e-13	13	0	0	35	9476
SM01189	ELM2	1.00000000000054	5.40431821799608e-13	13	0	0	35	9476
SM00217	WAP	1.00000000000054	5.40431821799608e-13	13	0	0	35	9476
SM00479	EXOIII	1.00000000000054	5.40431821799608e-13	13	0	0	35	9476
SM01148	DUF1220	1.00000000000054	5.40431821799608e-13	13	0	0	35	9476
SM00115	CASc	1.00000000000054	5.40431821799608e-13	13	0	0	35	9476
SM00116	CBS	1.00000000000054	5.40431821799608e-13	13	0	0	35	9476
SM01195	FA	1.00000000000054	5.40431821799608e-13	13	0	0	35	9476
SM00456	WW	1.00000000000067	6.72865376341488e-13	47	0	0	35	9476
SM00589	PRY	1.00000000000067	6.72865376341488e-13	47	0	0	35	9476
SM00271	DnaJ	1.00000000000067	6.72865376341488e-13	47	0	0	35	9476
SM00042	CUB	1.00000000000067	6.72865376341488e-13	47	0	0	35	9476
SM00033	CH	1.00000000000158	1.58448265582135e-12	66	0	0	35	9476
SM01033	BING4CT	1.00000000000199	1.98562086911602e-12	1	0	0	35	9476
SM01124	DBR1	1.00000000000199	1.98562086911602e-12	1	0	0	35	9476
SM01350	6PGD	1.00000000000199	1.98562086911602e-12	1	0	0	35	9476
SM01035	BOP1NT	1.00000000000199	1.98562086911602e-12	1	0	0	35	9476
SM00874	B5	1.00000000000199	1.98562086911602e-12	1	0	0	35	9476
SM01389	Spt4	1.00000000000199	1.98562086911602e-12	1	0	0	35	9476
SM01159	DUF1744	1.00000000000199	1.98562086911602e-12	1	0	0	35	9476
SM00277	GRAN	1.00000000000199	1.98562086911602e-12	1	0	0	35	9476
SM01032	BHD_3	1.00000000000199	1.98562086911602e-12	1	0	0	35	9476
SM01210	GARS_C	1.00000000000199	1.98562086911602e-12	1	0	0	35	9476
SM01364	NPP	1.00000000000199	1.98562086911602e-12	1	0	0	35	9476
SM01402	Ribosomal_S27	1.00000000000199	1.98562086911602e-12	1	0	0	35	9476
SM01262	LAMTOR	1.00000000000199	1.98562086911602e-12	1	0	0	35	9476
SM00805	AGTRAP	1.00000000000199	1.98562086911602e-12	1	0	0	35	9476
SM01000	Aha1_N	1.00000000000199	1.98562086911602e-12	1	0	0	35	9476
SM01016	Arg_tRNA_synt_N	1.00000000000199	1.98562086911602e-12	1	0	0	35	9476
SM00946	ProRS-C_1	1.00000000000199	1.98562086911602e-12	1	0	0	35	9476
SM01278	MAPKK1_Int	1.00000000000199	1.98562086911602e-12	1	0	0	35	9476
SM01180	DWNN	1.00000000000199	1.98562086911602e-12	1	0	0	35	9476
SM00904	Flavokinase	1.00000000000199	1.98562086911602e-12	1	0	0	35	9476
SM01295	K167R	1.00000000000199	1.98562086911602e-12	1	0	0	35	9476
SM00318	SNc	1.00000000000199	1.98562086911602e-12	1	0	0	35	9476
SM01341	Tower	1.00000000000199	1.98562086911602e-12	1	0	0	35	9476
SM00719	Plus3	1.00000000000199	1.98562086911602e-12	1	0	0	35	9476
SM01414	P68HR	1.00000000000199	1.98562086911602e-12	1	0	0	35	9476
SM01380	Ribosomal_L31e	1.00000000000199	1.98562086911602e-12	1	0	0	35	9476
SM01077	Cg6151-P	1.00000000000199	1.98562086911602e-12	1	0	0	35	9476
SM01296	N2227	1.00000000000199	1.98562086911602e-12	1	0	0	35	9476
SM01253	Kin17_mid	1.00000000000199	1.98562086911602e-12	1	0	0	35	9476
SM01306	RFX5_DNA_bdg	1.00000000000199	1.98562086911602e-12	1	0	0	35	9476
SM01310	RICTOR_V	1.00000000000199	1.98562086911602e-12	1	0	0	35	9476
SM01024	BCS1_N	1.00000000000199	1.98562086911602e-12	1	0	0	35	9476
SM00762	Cog4	1.00000000000199	1.98562086911602e-12	1	0	0	35	9476
SM00941	PYNP_C	1.00000000000199	1.98562086911602e-12	1	0	0	35	9476
SM00976	Telo_bind	1.00000000000199	1.98562086911602e-12	1	0	0	35	9476
SM00826	PKS_DH	1.00000000000199	1.98562086911602e-12	1	0	0	35	9476
SM01365	Op_neuropeptide	1.00000000000199	1.98562086911602e-12	1	0	0	35	9476
SM01013	APC2	1.00000000000199	1.98562086911602e-12	1	0	0	35	9476
SM01135	DIRP	1.00000000000199	1.98562086911602e-12	1	0	0	35	9476
SM01036	BP28CT	1.00000000000199	1.98562086911602e-12	1	0	0	35	9476
SM01264	M16C_associated	1.00000000000199	1.98562086911602e-12	1	0	0	35	9476
SM00998	ADSL_C	1.00000000000199	1.98562086911602e-12	1	0	0	35	9476
SM00823	PKS_PP	1.00000000000199	1.98562086911602e-12	1	0	0	35	9476
SM01222	FTCD_N	1.00000000000199	1.98562086911602e-12	1	0	0	35	9476
SM01082	CHZ	1.00000000000199	1.98562086911602e-12	1	0	0	35	9476
SM01123	DBP10CT	1.00000000000199	1.98562086911602e-12	1	0	0	35	9476
SM01346	DUF3385	1.00000000000199	1.98562086911602e-12	1	0	0	35	9476
SM01280	Mcm10	1.00000000000199	1.98562086911602e-12	1	0	0	35	9476
SM00226	LMWPc	1.00000000000199	1.98562086911602e-12	1	0	0	35	9476
SM01377	Ribosomal_L40e	1.00000000000199	1.98562086911602e-12	1	0	0	35	9476
SM01087	COG6	1.00000000000199	1.98562086911602e-12	1	0	0	35	9476
SM01223	FTO_NTD	1.00000000000199	1.98562086911602e-12	1	0	0	35	9476
SM00567	EZ_HEAT	1.00000000000199	1.98562086911602e-12	1	0	0	35	9476
SM01001	AIRC	1.00000000000199	1.98562086911602e-12	1	0	0	35	9476
SM00654	eIF6	1.00000000000199	1.98562086911602e-12	1	0	0	35	9476
SM01309	RICTOR_phospho	1.00000000000199	1.98562086911602e-12	1	0	0	35	9476
SM00898	Fapy_DNA_glyco	1.00000000000199	1.98562086911602e-12	1	0	0	35	9476
SM01284	ECSIT_Cterm	1.00000000000199	1.98562086911602e-12	1	0	0	35	9476
SM00521	CBF	1.00000000000199	1.98562086911602e-12	1	0	0	35	9476
SM00858	SAF	1.00000000000199	1.98562086911602e-12	1	0	0	35	9476
SM00928	NADH_4Fe-4S	1.00000000000199	1.98562086911602e-12	1	0	0	35	9476
SM00040	CSF2	1.00000000000199	1.98562086911602e-12	1	0	0	35	9476
SM01214	Fmp27_GFWDK	1.00000000000199	1.98562086911602e-12	1	0	0	35	9476
SM01363	ACTH_domain	1.00000000000199	1.98562086911602e-12	1	0	0	35	9476
SM01181	E2_bind	1.00000000000199	1.98562086911602e-12	1	0	0	35	9476
SM00944	Pro-kuma_activ	1.00000000000199	1.98562086911602e-12	1	0	0	35	9476
SM01386	Ribosomal_S13_N	1.00000000000199	1.98562086911602e-12	1	0	0	35	9476
SM01254	KLRAQ	1.00000000000199	1.98562086911602e-12	1	0	0	35	9476
SM01030	BHD_1	1.00000000000199	1.98562086911602e-12	1	0	0	35	9476
SM01085	CK_II_beta	1.00000000000199	1.98562086911602e-12	1	0	0	35	9476
SM00932	Nfu_N	1.00000000000199	1.98562086911602e-12	1	0	0	35	9476
SM01102	CRM1_C	1.00000000000199	1.98562086911602e-12	1	0	0	35	9476
SM01186	eIF3_N	1.00000000000199	1.98562086911602e-12	1	0	0	35	9476
SM00929	NADH-G_4Fe-4S_3	1.00000000000199	1.98562086911602e-12	1	0	0	35	9476
SM00922	MR_MLE	1.00000000000199	1.98562086911602e-12	1	0	0	35	9476
SM00340	HALZ	1.00000000000199	1.98562086911602e-12	1	0	0	35	9476
SM00538	POP4	1.00000000000199	1.98562086911602e-12	1	0	0	35	9476
SM01188	ELK	1.00000000000199	1.98562086911602e-12	1	0	0	35	9476
SM00709	Zpr1	1.00000000000199	1.98562086911602e-12	1	0	0	35	9476
SM01169	DUF1943	1.00000000000199	1.98562086911602e-12	1	0	0	35	9476
SM01168	DUF1907	1.00000000000199	1.98562086911602e-12	1	0	0	35	9476
SM01342	TAN	1.00000000000199	1.98562086911602e-12	1	0	0	35	9476
SM00026	EPEND	1.00000000000199	1.98562086911602e-12	1	0	0	35	9476
SM01158	DUF1741	1.00000000000199	1.98562086911602e-12	1	0	0	35	9476
SM01396	BC10	1.00000000000199	1.98562086911602e-12	1	0	0	35	9476
SM01133	DeoC	1.00000000000199	1.98562086911602e-12	1	0	0	35	9476
SM00990	VRR_NUC	1.00000000000199	1.98562086911602e-12	1	0	0	35	9476
SM00530	HTH_XRE	1.00000000000199	1.98562086911602e-12	1	0	0	35	9476
SM00254	ShKT	1.00000000000199	1.98562086911602e-12	1	0	0	35	9476
SM01413	Ribosomal_S19e	1.00000000000199	1.98562086911602e-12	1	0	0	35	9476
SM01136	DKCLD	1.00000000000199	1.98562086911602e-12	1	0	0	35	9476
SM00945	ProQ	1.00000000000199	1.98562086911602e-12	1	0	0	35	9476
SM01004	ALAD	1.00000000000199	1.98562086911602e-12	1	0	0	35	9476
SM01395	Tbf5	1.00000000000199	1.98562086911602e-12	1	0	0	35	9476
SM00802	UME	1.00000000000199	1.98562086911602e-12	1	0	0	35	9476
SM00470	ParB	1.00000000000199	1.98562086911602e-12	1	0	0	35	9476
SM00975	Telomerase_RBD	1.00000000000199	1.98562086911602e-12	1	0	0	35	9476
SM01397	Ribosomal_S3Ae	1.00000000000199	1.98562086911602e-12	1	0	0	35	9476
SM01152	DUF167	1.00000000000199	1.98562086911602e-12	1	0	0	35	9476
SM01075	CDT1	1.00000000000199	1.98562086911602e-12	1	0	0	35	9476
SM01173	DUF4187	1.00000000000199	1.98562086911602e-12	1	0	0	35	9476
SM00507	HNHc	1.00000000000199	1.98562086911602e-12	1	0	0	35	9476
SM01347	Mre11_DNA_bind	1.00000000000199	1.98562086911602e-12	1	0	0	35	9476
SM01071	CDC37_N	1.00000000000199	1.98562086911602e-12	1	0	0	35	9476
SM00203	TK	1.00000000000199	1.98562086911602e-12	1	0	0	35	9476
SM01285	FACT-Spt16_Nlob	1.00000000000199	1.98562086911602e-12	1	0	0	35	9476
SM00748	HEPN	1.00000000000199	1.98562086911602e-12	1	0	0	35	9476
SM01206	Fibrillarin	1.00000000000199	1.98562086911602e-12	1	0	0	35	9476
SM00658	RPOL8c	1.00000000000199	1.98562086911602e-12	1	0	0	35	9476
SM01069	CDC37_C	1.00000000000199	1.98562086911602e-12	1	0	0	35	9476
SM00743	Agenet	1.00000000000199	1.98562086911602e-12	1	0	0	35	9476
SM00784	SPT2	1.00000000000199	1.98562086911602e-12	1	0	0	35	9476
SM01204	FIST_C	1.00000000000199	1.98562086911602e-12	1	0	0	35	9476
SM00531	TFIIE	1.00000000000199	1.98562086911602e-12	1	0	0	35	9476
SM01161	DUF1767	1.00000000000199	1.98562086911602e-12	1	0	0	35	9476
SM00995	AD	1.00000000000199	1.98562086911602e-12	1	0	0	35	9476
SM00870	Asparaginase	1.00000000000199	1.98562086911602e-12	1	0	0	35	9476
SM01308	RICTOR_N	1.00000000000199	1.98562086911602e-12	1	0	0	35	9476
SM00189	IL2	1.00000000000199	1.98562086911602e-12	1	0	0	35	9476
SM00575	ZnF_PMZ	1.00000000000199	1.98562086911602e-12	1	0	0	35	9476
SM00754	CHRD	1.00000000000199	1.98562086911602e-12	1	0	0	35	9476
SM00084	NMU	1.00000000000199	1.98562086911602e-12	1	0	0	35	9476
SM01409	RNA_pol_Rpb6	1.00000000000199	1.98562086911602e-12	1	0	0	35	9476
SM01162	DUF1771	1.00000000000199	1.98562086911602e-12	1	0	0	35	9476
SM00597	ZnF_TTF	1.00000000000199	1.98562086911602e-12	1	0	0	35	9476
SM01307	RICTOR_M	1.00000000000199	1.98562086911602e-12	1	0	0	35	9476
SM00984	UDPG_MGDP_dh_C	1.00000000000199	1.98562086911602e-12	1	0	0	35	9476
SM01044	Btz	1.00000000000199	1.98562086911602e-12	1	0	0	35	9476
SM01018	B12-binding_2	1.00000000000199	1.98562086911602e-12	1	0	0	35	9476
SM00463	SMR	1.00000000000199	1.98562086911602e-12	1	0	0	35	9476
SM00817	Amelin	1.00000000000199	1.98562086911602e-12	1	0	0	35	9476
SM00983	TPK_B1_binding	1.00000000000199	1.98562086911602e-12	1	0	0	35	9476
SM00067	GHA	1.00000000000199	1.98562086911602e-12	1	0	0	35	9476
SM01156	DUF1716	1.00000000000199	1.98562086911602e-12	1	0	0	35	9476
SM01406	PAPA-1	1.00000000000199	1.98562086911602e-12	1	0	0	35	9476
SM01356	AP4E_app_platf	1.00000000000199	1.98562086911602e-12	1	0	0	35	9476
SM01273	Mago-bind	1.00000000000199	1.98562086911602e-12	1	0	0	35	9476
SM01155	DUF1713	1.00000000000199	1.98562086911602e-12	1	0	0	35	9476
SM01183	EF1G	1.00000000000199	1.98562086911602e-12	1	0	0	35	9476
SM00683	DM16	1.00000000000199	1.98562086911602e-12	1	0	0	35	9476
SM00780	PIG-X	1.00000000000199	1.98562086911602e-12	1	0	0	35	9476
SM01405	Ribosomal_S6e	1.00000000000199	1.98562086911602e-12	1	0	0	35	9476
SM01258	KRBA1	1.00000000000199	1.98562086911602e-12	1	0	0	35	9476
SM01335	PADR1	1.00000000000199	1.98562086911602e-12	1	0	0	35	9476
SM01416	Ribosomal_L19e	1.00000000000199	1.98562086911602e-12	1	0	0	35	9476
SM00910	HIRAN	1.00000000000199	1.98562086911602e-12	1	0	0	35	9476
SM01098	CPSF73-100_C	1.00000000000199	1.98562086911602e-12	1	0	0	35	9476
SM01286	SPT16	1.00000000000199	1.98562086911602e-12	1	0	0	35	9476
SM01221	FTCD	1.00000000000199	1.98562086911602e-12	1	0	0	35	9476
SM01348	Nbs1_C	1.00000000000199	1.98562086911602e-12	1	0	0	35	9476
SM01031	BHD_2	1.00000000000199	1.98562086911602e-12	1	0	0	35	9476
SM01060	Catalase	1.00000000000199	1.98562086911602e-12	1	0	0	35	9476
SM01344	NUC194	1.00000000000199	1.98562086911602e-12	1	0	0	35	9476
SM01128	DDRGK	1.00000000000199	1.98562086911602e-12	1	0	0	35	9476
SM01118	CYTH	1.00000000000199	1.98562086911602e-12	1	0	0	35	9476
SM00017	OSTEO	1.00000000000199	1.98562086911602e-12	1	0	0	35	9476
SM00934	OMPdecase	1.00000000000199	1.98562086911602e-12	1	0	0	35	9476
SM01125	DCP2	1.00000000000199	1.98562086911602e-12	1	0	0	35	9476
SM00095	TR_THY	1.00000000000199	1.98562086911602e-12	1	0	0	35	9476
SM01384	Ribosomal_L15e	1.00000000000199	1.98562086911602e-12	1	0	0	35	9476
SM00738	NGN	1.00000000000199	1.98562086911602e-12	1	0	0	35	9476
SM01220	FSA_C	1.00000000000199	1.98562086911602e-12	1	0	0	35	9476
SM00245	TSPc	1.00000000000199	1.98562086911602e-12	1	0	0	35	9476
SM01378	Romo1	1.00000000000199	1.98562086911602e-12	1	0	0	35	9476
SM01385	DSS1_SEM1	1.00000000000199	1.98562086911602e-12	1	0	0	35	9476
SM00798	AICARFT_IMPCHas	1.00000000000199	1.98562086911602e-12	1	0	0	35	9476
SM01120	Dak2	1.00000000000199	1.98562086911602e-12	1	0	0	35	9476
SM01393	Ribosomal_L32e	1.00000000000199	1.98562086911602e-12	1	0	0	35	9476
SM00157	PRP	1.00000000000199	1.98562086911602e-12	1	0	0	35	9476
SM00071	Galanin	1.00000000000199	1.98562086911602e-12	1	0	0	35	9476
SM01191	ENT	1.00000000000199	1.98562086911602e-12	1	0	0	35	9476
SM00613	PAW	1.00000000000199	1.98562086911602e-12	1	0	0	35	9476
SM00659	RPOLCX	1.00000000000199	1.98562086911602e-12	1	0	0	35	9476
SM00019	SF_P	1.00000000000199	1.98562086911602e-12	1	0	0	35	9476
SM00986	UDG	1.00000000000199	1.98562086911602e-12	1	0	0	35	9476
SM00752	HTTM	1.00000000000199	1.98562086911602e-12	1	0	0	35	9476
SM01311	RPOL_N	1.00000000000199	1.98562086911602e-12	1	0	0	35	9476
SM01261	Thymopoietin	1.00000000000199	1.98562086911602e-12	1	0	0	35	9476
SM01219	Frataxin_Cyay	1.00000000000199	1.98562086911602e-12	1	0	0	35	9476
SM00845	GatB_Yqey	1.00000000000199	1.98562086911602e-12	1	0	0	35	9476
SM01302	Raptor_N	1.00000000000199	1.98562086911602e-12	1	0	0	35	9476
SM00192	LDLa	1.00000000000209	2.09443239994782e-12	45	0	0	35	9476
SM00194	PTPc	1.00000000000338	3.37685737822132e-12	37	0	0	35	9476
SM00322	KH	1.00000000000338	3.37685737822132e-12	37	0	0	35	9476
SM00948	Proteasome_A_N	1.00000000000341	3.41399265529721e-12	8	0	0	35	9476
SM00861	Transket_pyr	1.00000000000341	3.41399265529721e-12	8	0	0	35	9476
SM01388	Mob1_phocein	1.00000000000341	3.41399265529721e-12	8	0	0	35	9476
SM01328	zf-3CxxC	1.00000000000341	3.41399265529721e-12	8	0	0	35	9476
SM00142	PI3K_C2	1.00000000000341	3.41399265529721e-12	8	0	0	35	9476
SM00154	ZnF_AN1	1.00000000000341	3.41399265529721e-12	8	0	0	35	9476
SM00330	PIPKc	1.00000000000341	3.41399265529721e-12	8	0	0	35	9476
SM01055	Cadherin_pro	1.00000000000341	3.41399265529721e-12	8	0	0	35	9476
SM00068	GHB	1.00000000000341	3.41399265529721e-12	8	0	0	35	9476
SM00504	Ubox	1.00000000000341	3.41399265529721e-12	8	0	0	35	9476
SM00746	TRASH	1.00000000000341	3.41399265529721e-12	8	0	0	35	9476
SM00263	LYZ1	1.00000000000341	3.41399265529721e-12	8	0	0	35	9476
SM01326	PTEN_C2	1.00000000000341	3.41399265529721e-12	8	0	0	35	9476
SM00524	DWB	1.00000000000341	3.41399265529721e-12	8	0	0	35	9476
SM00357	CSP	1.00000000000341	3.41399265529721e-12	8	0	0	35	9476
SM00577	CPDc	1.00000000000341	3.41399265529721e-12	8	0	0	35	9476
SM01166	DUF1899	1.00000000000341	3.41399265529721e-12	8	0	0	35	9476
SM00089	PKD	1.00000000000341	3.41399265529721e-12	8	0	0	35	9476
SM00950	Piwi	1.00000000000341	3.41399265529721e-12	8	0	0	35	9476
SM00262	GEL	1.00000000000341	3.41399265529721e-12	8	0	0	35	9476
SM00609	VIT	1.00000000000341	3.41399265529721e-12	8	0	0	35	9476
SM00085	PA2c	1.00000000000341	3.41399265529721e-12	8	0	0	35	9476
SM00167	VPS9	1.00000000000341	3.41399265529721e-12	8	0	0	35	9476
SM00328	BPI1	1.00000000000341	3.41399265529721e-12	8	0	0	35	9476
SM00153	VHP	1.00000000000341	3.41399265529721e-12	8	0	0	35	9476
SM00187	INB	1.00000000000341	3.41399265529721e-12	8	0	0	35	9476
SM00258	SAND	1.00000000000341	3.41399265529721e-12	8	0	0	35	9476
SM00281	LamB	1.00000000000341	3.41399265529721e-12	8	0	0	35	9476
SM00141	PDGF	1.00000000000341	3.41399265529721e-12	8	0	0	35	9476
SM00237	Calx_beta	1.00000000000341	3.41399265529721e-12	8	0	0	35	9476
SM00884	Cullin_Nedd8	1.00000000000341	3.41399265529721e-12	8	0	0	35	9476
SM00382	AAA	1.00000000000345	3.44622617313775e-12	135	0	0	35	9476
SM00339	FH	1.00000000000348	3.47545839664856e-12	49	0	0	35	9476
SM00133	S_TK_X	1.00000000000348	3.47545839664856e-12	49	0	0	35	9476
SM00449	SPRY	1.00000000000355	3.54584508678926e-12	88	0	0	35	9476
SM00049	DEP	1.00000000000355	3.55258837393507e-12	21	0	0	35	9476
SM00864	Tubulin	1.00000000000355	3.55258837393507e-12	21	0	0	35	9476
SM00450	RHOD	1.00000000000355	3.55258837393507e-12	21	0	0	35	9476
SM00255	TIR	1.00000000000355	3.55258837393507e-12	21	0	0	35	9476
SM00050	DISIN	1.00000000000355	3.55258837393507e-12	21	0	0	35	9476
SM00041	CT	1.00000000000355	3.55258837393507e-12	21	0	0	35	9476
SM00443	G_patch	1.00000000000355	3.55258837393507e-12	21	0	0	35	9476
SM01381	7TM_GPCR_Srsx	1.00000000000384	3.83647541708979e-12	113	0	0	35	9476
SM00630	Sema	1.00000000000457	4.57399345128746e-12	31	0	0	35	9476
SM00110	C1Q	1.00000000000457	4.57399345128746e-12	31	0	0	35	9476
SM00100	cNMP	1.00000000000457	4.57399345128746e-12	31	0	0	35	9476
SM00268	ACTIN	1.00000000000457	4.57399345128746e-12	31	0	0	35	9476
SM00320	WD40	1.00000000000462	4.61803662223986e-12	262	0	0	35	9476
SM00429	IPT	1.00000000000528	5.28178209696491e-12	27	0	0	35	9476
SM00608	ACR	1.00000000000528	5.28178209696491e-12	27	0	0	35	9476
SM00005	DEATH	1.00000000000528	5.28178209696491e-12	27	0	0	35	9476
SM01196	FERM_C	1.00000000000528	5.28178209696491e-12	27	0	0	35	9476
SM00612	Kelch	1.00000000000549	5.4931744103922e-12	57	0	0	35	9476
SM00441	FF	1.0000000000055	5.50418973463113e-12	6	0	0	35	9476
SM00428	H3	1.0000000000055	5.50418973463113e-12	6	0	0	35	9476
SM00070	GLUCA	1.0000000000055	5.50418973463113e-12	6	0	0	35	9476
SM00544	MA3	1.0000000000055	5.50418973463113e-12	6	0	0	35	9476
SM01114	CXC	1.0000000000055	5.50418973463113e-12	6	0	0	35	9476
SM00548	IRO	1.0000000000055	5.50418973463113e-12	6	0	0	35	9476
SM00099	btg1	1.0000000000055	5.50418973463113e-12	6	0	0	35	9476
SM01127	DDHD	1.0000000000055	5.50418973463113e-12	6	0	0	35	9476
SM00739	KOW	1.0000000000055	5.50418973463113e-12	6	0	0	35	9476
SM00710	PbH1	1.0000000000055	5.50418973463113e-12	6	0	0	35	9476
SM00257	LysM	1.0000000000055	5.50418973463113e-12	6	0	0	35	9476
SM00243	GAS2	1.0000000000055	5.50418973463113e-12	6	0	0	35	9476
SM00670	PINc	1.0000000000055	5.50418973463113e-12	6	0	0	35	9476
SM00432	MADS	1.0000000000055	5.50418973463113e-12	6	0	0	35	9476
SM00440	ZnF_C2C2	1.0000000000055	5.50418973463113e-12	6	0	0	35	9476
SM00695	DUSP	1.0000000000055	5.50418973463113e-12	6	0	0	35	9476
SM01343	FATC	1.0000000000055	5.50418973463113e-12	6	0	0	35	9476
SM00415	HSF	1.0000000000055	5.50418973463113e-12	6	0	0	35	9476
SM01241	Integrin_b_cyt	1.0000000000055	5.50418973463113e-12	6	0	0	35	9476
SM00021	DAX	1.0000000000055	5.50418973463113e-12	6	0	0	35	9476
SM00757	CRA	1.0000000000055	5.50418973463113e-12	6	0	0	35	9476
SM01132	DIL	1.0000000000055	5.50418973463113e-12	6	0	0	35	9476
SM00775	LNS2	1.0000000000055	5.50418973463113e-12	6	0	0	35	9476
SM00302	GED	1.0000000000055	5.50418973463113e-12	6	0	0	35	9476
SM00144	PI3K_rbd	1.0000000000055	5.50418973463113e-12	6	0	0	35	9476
SM00811	Alpha_kinase	1.0000000000055	5.50418973463113e-12	6	0	0	35	9476
SM00603	LCCL	1.0000000000055	5.50418973463113e-12	6	0	0	35	9476
SM00464	LON	1.0000000000055	5.50418973463113e-12	6	0	0	35	9476
SM00920	MHC_II_alpha	1.0000000000055	5.50418973463113e-12	6	0	0	35	9476
SM00048	DEFSN	1.0000000000055	5.50418973463113e-12	6	0	0	35	9476
SM01137	DMAP_binding	1.0000000000055	5.50418973463113e-12	6	0	0	35	9476
SM00155	PLDc	1.0000000000055	5.50418973463113e-12	6	0	0	35	9476
SM00394	RIIa	1.0000000000055	5.50418973463113e-12	6	0	0	35	9476
SM00892	Endonuclease_NS	1.0000000000055	5.50418973463113e-12	6	0	0	35	9476
SM00022	PLAc	1.0000000000055	5.50418973463113e-12	6	0	0	35	9476
SM00648	SWAP	1.0000000000055	5.50418973463113e-12	6	0	0	35	9476
SM00741	SapB	1.0000000000055	5.50418973463113e-12	6	0	0	35	9476
SM00665	B561	1.0000000000055	5.50418973463113e-12	6	0	0	35	9476
SM00592	BRK	1.0000000000055	5.50418973463113e-12	6	0	0	35	9476
SM00477	NUC	1.0000000000055	5.50418973463113e-12	6	0	0	35	9476
SM01412	Pro-rich	1.0000000000055	5.50418973463113e-12	6	0	0	35	9476
SM00384	AT_hook	1.0000000000055	5.50418973463113e-12	6	0	0	35	9476
SM00111	C4	1.0000000000055	5.50418973463113e-12	6	0	0	35	9476
SM00879	Brix	1.0000000000055	5.50418973463113e-12	6	0	0	35	9476
SM00863	tRNA_SAD	1.0000000000055	5.50418973463113e-12	6	0	0	35	9476
SM00952	RAP	1.0000000000055	5.50418973463113e-12	6	0	0	35	9476
SM00907	GDNF	1.0000000000055	5.50418973463113e-12	6	0	0	35	9476
SM00968	SMC_hinge	1.0000000000055	5.50418973463113e-12	6	0	0	35	9476
SM00552	ADEAMc	1.0000000000055	5.50418973463113e-12	6	0	0	35	9476
SM01198	FBA	1.0000000000055	5.50418973463113e-12	6	0	0	35	9476
SM01057	Carb_anhydrase	1.00000000000574	5.73577834076801e-12	17	0	0	35	9476
SM00425	TBOX	1.00000000000574	5.73577834076801e-12	17	0	0	35	9476
SM01332	Cyclin_C	1.00000000000574	5.73577834076801e-12	17	0	0	35	9476
SM00211	TY	1.00000000000574	5.73577834076801e-12	17	0	0	35	9476
SM00224	GGL	1.00000000000574	5.73577834076801e-12	17	0	0	35	9476
SM00131	KU	1.00000000000574	5.73577834076801e-12	17	0	0	35	9476
SM00724	TLC	1.00000000000574	5.73577834076801e-12	17	0	0	35	9476
SM00076	IFabd	1.00000000000574	5.73577834076801e-12	17	0	0	35	9476
SM00358	DSRM	1.00000000000574	5.73577834076801e-12	17	0	0	35	9476
SM00137	MAM	1.00000000000574	5.73577834076801e-12	17	0	0	35	9476
SM00593	RUN	1.00000000000574	5.73577834076801e-12	17	0	0	35	9476
SM00044	CYCc	1.00000000000574	5.73577834076801e-12	17	0	0	35	9476
SM00086	PAC	1.00000000000574	5.73577834076801e-12	17	0	0	35	9476
SM00744	RINGv	1.00000000000574	5.73577834076801e-12	17	0	0	35	9476
SM00406	IGv	1.00000000000663	6.63240361314968e-12	74	0	0	35	9476
SM00431	SCAN	1.00000000000667	6.67057893682217e-12	54	0	0	35	9476
SM00013	LRRNT	1.00000000000667	6.67057893682217e-12	54	0	0	35	9476
SM01391	Filament	1.0000000000071	7.10352888236198e-12	73	0	0	35	9476
SM00216	VWD	1.00000000000856	8.56032144969321e-12	15	0	0	35	9476
SM00285	PBD	1.00000000000856	8.56032144969321e-12	15	0	0	35	9476
SM00800	uDENN	1.00000000000856	8.56032144969321e-12	15	0	0	35	9476
SM00230	CysPc	1.00000000000856	8.56032144969321e-12	15	0	0	35	9476
SM00501	BRIGHT	1.00000000000856	8.56032144969321e-12	15	0	0	35	9476
SM00135	LY	1.00000000000856	8.56032144969321e-12	15	0	0	35	9476
SM00498	FH2	1.00000000000856	8.56032144969321e-12	15	0	0	35	9476
SM00502	BBC	1.00000000000856	8.56032144969321e-12	15	0	0	35	9476
SM00276	GLECT	1.00000000000856	8.56032144969321e-12	15	0	0	35	9476
SM00721	BAR	1.00000000000856	8.56032144969321e-12	15	0	0	35	9476
SM00643	C345C	1.00000000000856	8.56032144969321e-12	15	0	0	35	9476
SM00198	SCP	1.00000000000856	8.56032144969321e-12	15	0	0	35	9476
SM00908	Gal-bind_lectin	1.00000000000856	8.56032144969321e-12	15	0	0	35	9476
SM00698	MORN	1.00000000000856	8.56032144969321e-12	15	0	0	35	9476
SM00247	XTALbg	1.00000000000856	8.56032144969321e-12	15	0	0	35	9476
SM00711	TDU	1.00000000000954	9.53536291073562e-12	3	0	0	35	9476
SM01260	LANC_like	1.00000000000954	9.53536291073562e-12	3	0	0	35	9476
SM00278	HhH1	1.00000000000954	9.53536291073562e-12	3	0	0	35	9476
SM00305	HintC	1.00000000000954	9.53536291073562e-12	3	0	0	35	9476
SM00309	PAH	1.00000000000954	9.53536291073562e-12	3	0	0	35	9476
SM00751	BSD	1.00000000000954	9.53536291073562e-12	3	0	0	35	9476
SM00438	ZnF_NFX	1.00000000000954	9.53536291073562e-12	3	0	0	35	9476
SM00478	ENDO3c	1.00000000000954	9.53536291073562e-12	3	0	0	35	9476
SM01274	malic	1.00000000000954	9.53536291073562e-12	3	0	0	35	9476
SM00682	G2F	1.00000000000954	9.53536291073562e-12	3	0	0	35	9476
SM00006	A4_EXTRA	1.00000000000954	9.53536291073562e-12	3	0	0	35	9476
SM00265	BH4	1.00000000000954	9.53536291073562e-12	3	0	0	35	9476
SM00586	ZnF_DBF	1.00000000000954	9.53536291073562e-12	3	0	0	35	9476
SM00553	SEP	1.00000000000954	9.53536291073562e-12	3	0	0	35	9476
SM01257	KRAP_IP3R_bind	1.00000000000954	9.53536291073562e-12	3	0	0	35	9476
SM01300	PEHE	1.00000000000954	9.53536291073562e-12	3	0	0	35	9476
SM00706	TECPR	1.00000000000954	9.53536291073562e-12	3	0	0	35	9476
SM00712	PUR	1.00000000000954	9.53536291073562e-12	3	0	0	35	9476
SM01275	MamL-1	1.00000000000954	9.53536291073562e-12	3	0	0	35	9476
SM00960	Robl_LC7	1.00000000000954	9.53536291073562e-12	3	0	0	35	9476
SM00833	CobW_C	1.00000000000954	9.53536291073562e-12	3	0	0	35	9476
SM00536	AXH	1.00000000000954	9.53536291073562e-12	3	0	0	35	9476
SM01369	Rb_C	1.00000000000954	9.53536291073562e-12	3	0	0	35	9476
SM00672	CAP10	1.00000000000954	9.53536291073562e-12	3	0	0	35	9476
SM01065	CBM_2	1.00000000000954	9.53536291073562e-12	3	0	0	35	9476
SM01367	DUF3452	1.00000000000954	9.53536291073562e-12	3	0	0	35	9476
SM01138	DP	1.00000000000954	9.53536291073562e-12	3	0	0	35	9476
SM00996	AdoHcyase	1.00000000000954	9.53536291073562e-12	3	0	0	35	9476
SM00300	ChSh	1.00000000000954	9.53536291073562e-12	3	0	0	35	9476
SM00576	BTP	1.00000000000954	9.53536291073562e-12	3	0	0	35	9476
SM01375	Dynein_light	1.00000000000954	9.53536291073562e-12	3	0	0	35	9476
SM00652	eIF1a	1.00000000000954	9.53536291073562e-12	3	0	0	35	9476
SM01334	DUF3454	1.00000000000954	9.53536291073562e-12	3	0	0	35	9476
SM00722	CASH	1.00000000000954	9.53536291073562e-12	3	0	0	35	9476
SM00758	PA14	1.00000000000954	9.53536291073562e-12	3	0	0	35	9476
SM00851	MGS	1.00000000000954	9.53536291073562e-12	3	0	0	35	9476
SM00299	CLH	1.00000000000954	9.53536291073562e-12	3	0	0	35	9476
SM00803	TAF	1.00000000000954	9.53536291073562e-12	3	0	0	35	9476
SM00272	END	1.00000000000954	9.53536291073562e-12	3	0	0	35	9476
SM00663	RPOLA_N	1.00000000000954	9.53536291073562e-12	3	0	0	35	9476
SM00736	CADG	1.00000000000954	9.53536291073562e-12	3	0	0	35	9476
SM01376	eIF-5a	1.00000000000954	9.53536291073562e-12	3	0	0	35	9476
SM01368	RB_A	1.00000000000954	9.53536291073562e-12	3	0	0	35	9476
SM01083	Cir_N	1.00000000000954	9.53536291073562e-12	3	0	0	35	9476
SM00676	DM10	1.00000000000954	9.53536291073562e-12	3	0	0	35	9476
SM00306	HintN	1.00000000000954	9.53536291073562e-12	3	0	0	35	9476
SM00919	Malic_M	1.00000000000954	9.53536291073562e-12	3	0	0	35	9476
SM00773	WGR	1.00000000000954	9.53536291073562e-12	3	0	0	35	9476
SM00090	RIO	1.00000000000954	9.53536291073562e-12	3	0	0	35	9476
SM00311	PWI	1.00000000000954	9.53536291073562e-12	3	0	0	35	9476
SM01371	TFIIA	1.00000000000954	9.53536291073562e-12	3	0	0	35	9476
SM01199	FDF	1.00000000000954	9.53536291073562e-12	3	0	0	35	9476
SM00143	PI3K_p85B	1.00000000000954	9.53536291073562e-12	3	0	0	35	9476
SM00836	DALR_1	1.00000000000954	9.53536291073562e-12	3	0	0	35	9476
SM01046	c-SKI_SMAD_bind	1.00000000000954	9.53536291073562e-12	3	0	0	35	9476
SM00002	PLP	1.00000000000954	9.53536291073562e-12	3	0	0	35	9476
SM01299	PIP49_N	1.00000000000954	9.53536291073562e-12	3	0	0	35	9476
SM00981	THUMP	1.00000000000954	9.53536291073562e-12	3	0	0	35	9476
SM00162	SAPA	1.00000000000954	9.53536291073562e-12	3	0	0	35	9476
SM00183	NAT_PEP	1.00000000000954	9.53536291073562e-12	3	0	0	35	9476
SM00650	rADc	1.00000000000954	9.53536291073562e-12	3	0	0	35	9476
SM00482	POLAc	1.00000000000954	9.53536291073562e-12	3	0	0	35	9476
SM00594	UAS	1.00000000000954	9.53536291073562e-12	3	0	0	35	9476
SM00094	TR_FER	1.00000000000954	9.53536291073562e-12	3	0	0	35	9476
SM00444	GYF	1.00000000000954	9.53536291073562e-12	3	0	0	35	9476
SM01333	Tet_JBP	1.00000000000954	9.53536291073562e-12	3	0	0	35	9476
SM01176	DUF4208	1.00000000000954	9.53536291073562e-12	3	0	0	35	9476
SM01232	H2TH	1.00000000000954	9.53536291073562e-12	3	0	0	35	9476
SM01401	Sds3	1.00000000000954	9.53536291073562e-12	3	0	0	35	9476
SM00704	ZnF_CDGSH	1.00000000000954	9.53536291073562e-12	3	0	0	35	9476
SM00459	Sorb	1.00000000000954	9.53536291073562e-12	3	0	0	35	9476
SM00985	UBA_e1_C	1.00000000000954	9.53536291073562e-12	3	0	0	35	9476
SM01212	Fib_alpha	1.00000000000954	9.53536291073562e-12	3	0	0	35	9476
SM01146	DUF1086	1.00000000000954	9.53536291073562e-12	3	0	0	35	9476
SM00931	NOSIC	1.00000000000954	9.53536291073562e-12	3	0	0	35	9476
SM00151	SWIB	1.00000000000954	9.53536291073562e-12	3	0	0	35	9476
SM01271	LSM14	1.00000000000954	9.53536291073562e-12	3	0	0	35	9476
SM00113	CALCITONIN	1.00000000000954	9.53536291073562e-12	3	0	0	35	9476
SM01022	ASCH	1.00000000000954	9.53536291073562e-12	3	0	0	35	9476
SM01051	CAMSAP_CKK	1.00000000000954	9.53536291073562e-12	3	0	0	35	9476
SM01151	DUF1518	1.00000000000954	9.53536291073562e-12	3	0	0	35	9476
SM01200	FerA	1.00000000000954	9.53536291073562e-12	3	0	0	35	9476
SM01403	Ribosomal_S10	1.00000000000954	9.53536291073562e-12	3	0	0	35	9476
SM00735	ZM	1.00000000000954	9.53536291073562e-12	3	0	0	35	9476
SM00916	L51_S25_CI-B8	1.00000000000954	9.53536291073562e-12	3	0	0	35	9476
SM00341	HRDC	1.00000000000954	9.53536291073562e-12	3	0	0	35	9476
SM00997	AdoHcyase_NAD	1.00000000000954	9.53536291073562e-12	3	0	0	35	9476
SM01147	DUF1087	1.00000000000954	9.53536291073562e-12	3	0	0	35	9476
SM00404	PTPc_motif	1.00000000001029	1.02912466318687e-11	61	0	0	35	9476
SM00093	SERPIN	1.00000000001074	1.07364455820851e-11	36	0	0	35	9476
SM00204	TGFB	1.00000000001074	1.07364455820851e-11	36	0	0	35	9476
SM00588	NEUZ	1.00000000001079	1.07867349090836e-11	5	0	0	35	9476
SM00266	CAD	1.00000000001079	1.07867349090836e-11	5	0	0	35	9476
SM00473	PAN_AP	1.00000000001079	1.07867349090836e-11	5	0	0	35	9476
SM00750	KIND	1.00000000001079	1.07867349090836e-11	5	0	0	35	9476
SM00571	DDT	1.00000000001079	1.07867349090836e-11	5	0	0	35	9476
SM00570	AWS	1.00000000001079	1.07867349090836e-11	5	0	0	35	9476
SM00602	VPS10	1.00000000001079	1.07867349090836e-11	5	0	0	35	9476
SM01407	NAC	1.00000000001079	1.07867349090836e-11	5	0	0	35	9476
SM00541	FYRN	1.00000000001079	1.07867349090836e-11	5	0	0	35	9476
SM00485	XPGN	1.00000000001079	1.07867349090836e-11	5	0	0	35	9476
SM00534	MUTSac	1.00000000001079	1.07867349090836e-11	5	0	0	35	9476
SM00838	EFG_C	1.00000000001079	1.07867349090836e-11	5	0	0	35	9476
SM00474	35EXOc	1.00000000001079	1.07867349090836e-11	5	0	0	35	9476
SM00580	PUG	1.00000000001079	1.07867349090836e-11	5	0	0	35	9476
SM01015	Arfaptin	1.00000000001079	1.07867349090836e-11	5	0	0	35	9476
SM00279	HhH2	1.00000000001079	1.07867349090836e-11	5	0	0	35	9476
SM00321	WSC	1.00000000001079	1.07867349090836e-11	5	0	0	35	9476
SM01145	DUF1041	1.00000000001079	1.07867349090836e-11	5	0	0	35	9476
SM00104	ANATO	1.00000000001079	1.07867349090836e-11	5	0	0	35	9476
SM00517	PolyA	1.00000000001079	1.07867349090836e-11	5	0	0	35	9476
SM00264	BAG	1.00000000001079	1.07867349090836e-11	5	0	0	35	9476
SM01201	FerB	1.00000000001079	1.07867349090836e-11	5	0	0	35	9476
SM00872	Alpha-mann_mid	1.00000000001079	1.07867349090836e-11	5	0	0	35	9476
SM01329	Iso_dh	1.00000000001079	1.07867349090836e-11	5	0	0	35	9476
SM01408	ING	1.00000000001079	1.07867349090836e-11	5	0	0	35	9476
SM01163	DUF1785	1.00000000001079	1.07867349090836e-11	5	0	0	35	9476
SM00673	CARP	1.00000000001079	1.07867349090836e-11	5	0	0	35	9476
SM00765	MANEC	1.00000000001079	1.07867349090836e-11	5	0	0	35	9476
SM00891	ERCC4	1.00000000001079	1.07867349090836e-11	5	0	0	35	9476
SM01202	FerI	1.00000000001079	1.07867349090836e-11	5	0	0	35	9476
SM00533	MUTSd	1.00000000001079	1.07867349090836e-11	5	0	0	35	9476
SM00484	XPGI	1.00000000001079	1.07867349090836e-11	5	0	0	35	9476
SM00527	HMG17	1.00000000001079	1.07867349090836e-11	5	0	0	35	9476
SM00991	WHEP-TRS	1.00000000001079	1.07867349090836e-11	5	0	0	35	9476
SM00734	ZnF_Rad18	1.00000000001079	1.07867349090836e-11	5	0	0	35	9476
SM00539	NIDO	1.00000000001079	1.07867349090836e-11	5	0	0	35	9476
SM00542	FYRC	1.00000000001079	1.07867349090836e-11	5	0	0	35	9476
SM00584	TLDc	1.00000000001079	1.07867349090836e-11	5	0	0	35	9476
SM01041	BRO1	1.00000000001079	1.07867349090836e-11	5	0	0	35	9476
SM00549	TAFH	1.00000000001079	1.07867349090836e-11	5	0	0	35	9476
SM00540	LEM	1.00000000001079	1.07867349090836e-11	5	0	0	35	9476
SM00572	DZF	1.00000000001079	1.07867349090836e-11	5	0	0	35	9476
SM01270	Longin	1.00000000001079	1.07867349090836e-11	5	0	0	35	9476
SM00878	Biotin_carb_C	1.00000000001079	1.07867349090836e-11	5	0	0	35	9476
SM00490	HELICc	1.00000000001096	1.09580670171342e-11	107	0	0	35	9476
SM00969	SOCS_box	1.00000000001096	1.09616376180839e-11	39	0	0	35	9476
SM01230	Gln-synt_C	1.00000000001142	1.14242352015036e-11	2	0	0	35	9476
SM00827	PKS_AT	1.00000000001142	1.14242352015036e-11	2	0	0	35	9476
SM00731	SprT	1.00000000001142	1.14242352015036e-11	2	0	0	35	9476
SM01177	DUF4210	1.00000000001142	1.14242352015036e-11	2	0	0	35	9476
SM01268	BTD	1.00000000001142	1.14242352015036e-11	2	0	0	35	9476
SM01287	Rtt106	1.00000000001142	1.14242352015036e-11	2	0	0	35	9476
SM01355	AP3B1_C	1.00000000001142	1.14242352015036e-11	2	0	0	35	9476
SM01011	AMP_N	1.00000000001142	1.14242352015036e-11	2	0	0	35	9476
SM01282	DBB	1.00000000001142	1.14242352015036e-11	2	0	0	35	9476
SM00494	ChtBD2	1.00000000001142	1.14242352015036e-11	2	0	0	35	9476
SM01084	CKS	1.00000000001142	1.14242352015036e-11	2	0	0	35	9476
SM00030	CLb	1.00000000001142	1.14242352015036e-11	2	0	0	35	9476
SM01142	DSHCT	1.00000000001142	1.14242352015036e-11	2	0	0	35	9476
SM00635	BID_2	1.00000000001142	1.14242352015036e-11	2	0	0	35	9476
SM00992	YccV-like	1.00000000001142	1.14242352015036e-11	2	0	0	35	9476
SM00896	FDX-ACB	1.00000000001142	1.14242352015036e-11	2	0	0	35	9476
SM00808	FABD	1.00000000001142	1.14242352015036e-11	2	0	0	35	9476
SM01283	Costars	1.00000000001142	1.14242352015036e-11	2	0	0	35	9476
SM01070	CDC37_M	1.00000000001142	1.14242352015036e-11	2	0	0	35	9476
SM00852	MoCF_biosynth	1.00000000001142	1.14242352015036e-11	2	0	0	35	9476
SM01074	Cdc6_C	1.00000000001142	1.14242352015036e-11	2	0	0	35	9476
SM00653	eIF2B_5	1.00000000001142	1.14242352015036e-11	2	0	0	35	9476
SM00967	SpoU_sub_bind	1.00000000001142	1.14242352015036e-11	2	0	0	35	9476
SM01130	DHDPS	1.00000000001142	1.14242352015036e-11	2	0	0	35	9476
SM01399	Sybindin	1.00000000001142	1.14242352015036e-11	2	0	0	35	9476
SM00978	Tim44	1.00000000001142	1.14242352015036e-11	2	0	0	35	9476
SM00551	ZnF_TAZ	1.00000000001142	1.14242352015036e-11	2	0	0	35	9476
SM00436	TOP1Bc	1.00000000001142	1.14242352015036e-11	2	0	0	35	9476
SM00525	FES	1.00000000001142	1.14242352015036e-11	2	0	0	35	9476
SM01104	CTD	1.00000000001142	1.14242352015036e-11	2	0	0	35	9476
SM01288	FISNA	1.00000000001142	1.14242352015036e-11	2	0	0	35	9476
SM00466	SRA	1.00000000001142	1.14242352015036e-11	2	0	0	35	9476
SM00581	PSP	1.00000000001142	1.14242352015036e-11	2	0	0	35	9476
SM00684	DM15	1.00000000001142	1.14242352015036e-11	2	0	0	35	9476
SM01410	DIM1	1.00000000001142	1.14242352015036e-11	2	0	0	35	9476
SM01272	LsmAD	1.00000000001142	1.14242352015036e-11	2	0	0	35	9476
SM00777	Mad3_BUB1_I	1.00000000001142	1.14242352015036e-11	2	0	0	35	9476
SM00500	SFM	1.00000000001142	1.14242352015036e-11	2	0	0	35	9476
SM01276	M60-like	1.00000000001142	1.14242352015036e-11	2	0	0	35	9476
SM00963	SRP54_N	1.00000000001142	1.14242352015036e-11	2	0	0	35	9476
SM00714	LITAF	1.00000000001142	1.14242352015036e-11	2	0	0	35	9476
SM01267	LAG1_DNAbind	1.00000000001142	1.14242352015036e-11	2	0	0	35	9476
SM01003	AlaDh_PNT_N	1.00000000001142	1.14242352015036e-11	2	0	0	35	9476
SM00512	Skp1	1.00000000001142	1.14242352015036e-11	2	0	0	35	9476
SM01370	TAFII55_N	1.00000000001142	1.14242352015036e-11	2	0	0	35	9476
SM00555	GIT	1.00000000001142	1.14242352015036e-11	2	0	0	35	9476
SM00915	Jacalin	1.00000000001142	1.14242352015036e-11	2	0	0	35	9476
SM00818	Amelogenin	1.00000000001142	1.14242352015036e-11	2	0	0	35	9476
SM00761	HDAC_interact	1.00000000001142	1.14242352015036e-11	2	0	0	35	9476
SM00657	RPOL4c	1.00000000001142	1.14242352015036e-11	2	0	0	35	9476
SM00853	MutL_C	1.00000000001142	1.14242352015036e-11	2	0	0	35	9476
SM00003	NH	1.00000000001142	1.14242352015036e-11	2	0	0	35	9476
SM01237	ICA69	1.00000000001142	1.14242352015036e-11	2	0	0	35	9476
SM00493	TOPRIM	1.00000000001142	1.14242352015036e-11	2	0	0	35	9476
SM01194	eRF1_1	1.00000000001142	1.14242352015036e-11	2	0	0	35	9476
SM00893	ETF	1.00000000001142	1.14242352015036e-11	2	0	0	35	9476
SM01086	ClpB_D2-small	1.00000000001142	1.14242352015036e-11	2	0	0	35	9476
SM01141	DRY_EERY	1.00000000001142	1.14242352015036e-11	2	0	0	35	9476
SM00888	EF1_GNE	1.00000000001142	1.14242352015036e-11	2	0	0	35	9476
SM00661	RPOL9	1.00000000001142	1.14242352015036e-11	2	0	0	35	9476
SM00190	IL4_13	1.00000000001142	1.14242352015036e-11	2	0	0	35	9476
SM00559	Ku78	1.00000000001142	1.14242352015036e-11	2	0	0	35	9476
SM01002	AlaDh_PNT_C	1.00000000001142	1.14242352015036e-11	2	0	0	35	9476
SM00825	PKS_KS	1.00000000001142	1.14242352015036e-11	2	0	0	35	9476
SM00437	TOP1Ac	1.00000000001142	1.14242352015036e-11	2	0	0	35	9476
SM00993	YL1_C	1.00000000001142	1.14242352015036e-11	2	0	0	35	9476
SM00433	TOP2c	1.00000000001142	1.14242352015036e-11	2	0	0	35	9476
SM01229	GluR_Homer-bdg	1.00000000001142	1.14242352015036e-11	2	0	0	35	9476
SM00951	QLQ	1.00000000001142	1.14242352015036e-11	2	0	0	35	9476
SM00434	TOP4c	1.00000000001142	1.14242352015036e-11	2	0	0	35	9476
SM00435	TOPEUc	1.00000000001142	1.14242352015036e-11	2	0	0	35	9476
SM01218	FoP_duplication	1.00000000001142	1.14242352015036e-11	2	0	0	35	9476
SM01023	BAF	1.00000000001142	1.14242352015036e-11	2	0	0	35	9476
SM01415	DUF106	1.00000000001142	1.14242352015036e-11	2	0	0	35	9476
SM00882	CoA_trans	1.00000000001142	1.14242352015036e-11	2	0	0	35	9476
SM00126	IL6	1.00000000001142	1.14242352015036e-11	2	0	0	35	9476
SM00535	RIBOc	1.00000000001142	1.14242352015036e-11	2	0	0	35	9476
SM00469	WIF	1.00000000001142	1.14242352015036e-11	2	0	0	35	9476
SM01352	APCDDC	1.00000000001142	1.14242352015036e-11	2	0	0	35	9476
SM01028	Beta-TrCP_D	1.00000000001142	1.14242352015036e-11	2	0	0	35	9476
SM01097	CPSase_sm_chain	1.00000000001142	1.14242352015036e-11	2	0	0	35	9476
SM01182	EF-1_beta_acid	1.00000000001142	1.14242352015036e-11	2	0	0	35	9476
SM00223	APPLE	1.00000000001142	1.14242352015036e-11	2	0	0	35	9476
SM01122	DBC1	1.00000000001142	1.14242352015036e-11	2	0	0	35	9476
SM01382	Ribosomal_L2_C	1.00000000001142	1.14242352015036e-11	2	0	0	35	9476
SM00785	AARP2CN	1.00000000001142	1.14242352015036e-11	2	0	0	35	9476
SM00846	Gp_dh_N	1.00000000001142	1.14242352015036e-11	2	0	0	35	9476
SM01096	CPSase_L_D3	1.00000000001142	1.14242352015036e-11	2	0	0	35	9476
SM00035	CLa	1.00000000001142	1.14242352015036e-11	2	0	0	35	9476
SM01179	DUF862	1.00000000001142	1.14242352015036e-11	2	0	0	35	9476
SM00756	VKc	1.00000000001142	1.14242352015036e-11	2	0	0	35	9476
SM00956	RQC	1.00000000001142	1.14242352015036e-11	2	0	0	35	9476
SM00873	B3_4	1.00000000001142	1.14242352015036e-11	2	0	0	35	9476
SM00193	PTN	1.00000000001142	1.14242352015036e-11	2	0	0	35	9476
SM01072	CDC48_2	1.00000000001142	1.14242352015036e-11	2	0	0	35	9476
SM00087	PTH	1.00000000001142	1.14242352015036e-11	2	0	0	35	9476
SM01164	DUF1856	1.00000000001142	1.14242352015036e-11	2	0	0	35	9476
SM00881	CoA_binding	1.00000000001142	1.14242352015036e-11	2	0	0	35	9476
SM01092	CO_deh_flav_C	1.00000000001142	1.14242352015036e-11	2	0	0	35	9476
SM00860	SMI1_KNR4	1.00000000001142	1.14242352015036e-11	2	0	0	35	9476
SM00937	PCRF	1.00000000001142	1.14242352015036e-11	2	0	0	35	9476
SM00807	AKAP_110	1.00000000001142	1.14242352015036e-11	2	0	0	35	9476
SM00902	Fe_hyd_SSU	1.00000000001142	1.14242352015036e-11	2	0	0	35	9476
SM01144	DTW	1.00000000001142	1.14242352015036e-11	2	0	0	35	9476
SM00812	Alpha_L_fucos	1.00000000001142	1.14242352015036e-11	2	0	0	35	9476
SM01154	DUF1704	1.00000000001142	1.14242352015036e-11	2	0	0	35	9476
SM01293	DUF3402	1.00000000001142	1.14242352015036e-11	2	0	0	35	9476
SM00705	THEG	1.00000000001142	1.14242352015036e-11	2	0	0	35	9476
SM01291	N-SET	1.00000000001142	1.14242352015036e-11	2	0	0	35	9476
SM01115	cwf21	1.00000000001142	1.14242352015036e-11	2	0	0	35	9476
SM00023	COLIPASE	1.00000000001142	1.14242352015036e-11	2	0	0	35	9476
SM00792	Agouti	1.00000000001142	1.14242352015036e-11	2	0	0	35	9476
SM00649	RL11	1.00000000001142	1.14242352015036e-11	2	0	0	35	9476
SM01131	DHHA2	1.00000000001142	1.14242352015036e-11	2	0	0	35	9476
SM00039	CRF	1.00000000001142	1.14242352015036e-11	2	0	0	35	9476
SM01281	Med12	1.00000000001142	1.14242352015036e-11	2	0	0	35	9476
SM00788	Adenylsucc_synt	1.00000000001142	1.14242352015036e-11	2	0	0	35	9476
SM01073	CDC48_N	1.00000000001142	1.14242352015036e-11	2	0	0	35	9476
SM01250	KAT11	1.00000000001142	1.14242352015036e-11	2	0	0	35	9476
SM01336	zf-PARP	1.00000000001142	1.14242352015036e-11	2	0	0	35	9476
SM01390	Ribosomal_S4	1.00000000001142	1.14242352015036e-11	2	0	0	35	9476
SM01047	C1_4	1.00000000001142	1.14242352015036e-11	2	0	0	35	9476
SM01010	AMPKBI	1.00000000001142	1.14242352015036e-11	2	0	0	35	9476
SM01383	Ribosomal_L2	1.00000000001142	1.14242352015036e-11	2	0	0	35	9476
SM01387	Ribosomal_S15	1.00000000001142	1.14242352015036e-11	2	0	0	35	9476
SM00839	ELFV_dehydrog	1.00000000001142	1.14242352015036e-11	2	0	0	35	9476
SM00638	LPD_N	1.00000000001142	1.14242352015036e-11	2	0	0	35	9476
SM01239	IKKbetaNEMObind	1.00000000001142	1.14242352015036e-11	2	0	0	35	9476
SM01233	HABP4_PAI-RBP1	1.00000000001142	1.14242352015036e-11	2	0	0	35	9476
SM01292	N1221	1.00000000001142	1.14242352015036e-11	2	0	0	35	9476
SM00662	RPOLD	1.00000000001142	1.14242352015036e-11	2	0	0	35	9476
SM00417	H4	1.00000000001142	1.14242352015036e-11	2	0	0	35	9476
SM01269	Lipid_DES	1.00000000001142	1.14242352015036e-11	2	0	0	35	9476
SM01165	DUF1866	1.00000000001142	1.14242352015036e-11	2	0	0	35	9476
SM00685	DM14	1.00000000001142	1.14242352015036e-11	2	0	0	35	9476
SM01319	Tankyrase_bdg_C	1.00000000001142	1.14242352015036e-11	2	0	0	35	9476
SM00188	IL10	1.00000000001142	1.14242352015036e-11	2	0	0	35	9476
SM01362	DUF663	1.00000000001142	1.14242352015036e-11	2	0	0	35	9476
SM00550	Zalpha	1.00000000001142	1.14242352015036e-11	2	0	0	35	9476
SM01313	Sec3-PIP2_bind	1.00000000001142	1.14242352015036e-11	2	0	0	35	9476
SM00962	SRP54	1.00000000001142	1.14242352015036e-11	2	0	0	35	9476
SM00732	YqgFc	1.00000000001142	1.14242352015036e-11	2	0	0	35	9476
SM00804	TAP_C	1.00000000001142	1.14242352015036e-11	2	0	0	35	9476
SM01008	Ald_Xan_dh_C	1.00000000001142	1.14242352015036e-11	2	0	0	35	9476
SM01374	Ribosomal_L14	1.00000000001142	1.14242352015036e-11	2	0	0	35	9476
SM00080	LIF_OSM	1.00000000001142	1.14242352015036e-11	2	0	0	35	9476
SM01076	CG-1	1.00000000001142	1.14242352015036e-11	2	0	0	35	9476
SM01314	SnAC	1.00000000001142	1.14242352015036e-11	2	0	0	35	9476
SM01174	DUF4205	1.00000000001142	1.14242352015036e-11	2	0	0	35	9476
SM00883	Cpn10	1.00000000001142	1.14242352015036e-11	2	0	0	35	9476
SM00120	HX	1.00000000001216	1.21649315296773e-11	23	0	0	35	9476
SM00471	HDc	1.00000000001216	1.21649315296773e-11	23	0	0	35	9476
SM00210	TSPN	1.00000000001216	1.21649315296773e-11	23	0	0	35	9476
SM00667	LisH	1.00000000001216	1.21649315296773e-11	23	0	0	35	9476
SM00361	RRM_1	1.00000000001216	1.21649315296773e-11	23	0	0	35	9476
SM00240	FHA	1.00000000001216	1.21649315296773e-11	23	0	0	35	9476
SM00308	LH2	1.00000000001246	1.24557845241607e-11	18	0	0	35	9476
SM00215	VWC_out	1.00000000001246	1.24557845241607e-11	18	0	0	35	9476
SM00261	FU	1.00000000001246	1.24557845241607e-11	18	0	0	35	9476
SM00014	acidPPc	1.00000000001246	1.24557845241607e-11	18	0	0	35	9476
SM00847	HA2	1.00000000001246	1.24557845241607e-11	18	0	0	35	9476
SM00631	Zn_pept	1.00000000001246	1.24557845241607e-11	18	0	0	35	9476
SM00121	IB	1.00000000001246	1.24557845241607e-11	18	0	0	35	9476
SM00292	BRCT	1.00000000001246	1.24557845241607e-11	18	0	0	35	9476
SM00020	Tryp_SPc	1.00000000001269	1.26909259996485e-11	106	0	0	35	9476
SM00408	IGc2	1.00000000001353	1.35309123240431e-11	237	0	0	35	9476
SM00180	EGF_Lam	1.00000000001355	1.35521064691253e-11	35	0	0	35	9476
SM00195	DSPc	1.00000000001355	1.35521064691253e-11	35	0	0	35	9476
SM00214	VWC	1.00000000001355	1.35521064691253e-11	35	0	0	35	9476
SM00315	RGS	1.00000000001355	1.35521064691253e-11	35	0	0	35	9476
SM00191	Int_alpha	1.00000000001377	1.37744107880444e-11	19	0	0	35	9476
SM00367	LRR_CC	1.00000000001377	1.37744107880444e-11	19	0	0	35	9476
SM00097	WNT1	1.00000000001377	1.37744107880444e-11	19	0	0	35	9476
SM00414	H2A	1.00000000001377	1.37744107880444e-11	19	0	0	35	9476
SM00343	ZnF_C2HC	1.00000000001377	1.37744107880444e-11	19	0	0	35	9476
SM00119	HECTc	1.00000000001418	1.41780830325996e-11	28	0	0	35	9476
SM00413	ETS	1.00000000001418	1.41780830325996e-11	28	0	0	35	9476
SM00105	ArfGap	1.00000000001418	1.41780830325996e-11	28	0	0	35	9476
SM01394	S_100	1.00000000001418	1.41780830325996e-11	28	0	0	35	9476
SM00875	BACK	1.00000000001435	1.4351715449513e-11	59	0	0	35	9476
SM00036	CNH	1.00000000001475	1.47511932923069e-11	14	0	0	35	9476
SM00666	PB1	1.00000000001475	1.47511932923069e-11	14	0	0	35	9476
SM00241	ZP	1.00000000001475	1.47511932923069e-11	14	0	0	35	9476
SM00647	IBR	1.00000000001475	1.47511932923069e-11	14	0	0	35	9476
SM00069	GLA	1.00000000001475	1.47511932923069e-11	14	0	0	35	9476
SM00445	LINK	1.00000000001475	1.47511932923069e-11	14	0	0	35	9476
SM00046	DAGKc	1.00000000001475	1.47511932923069e-11	14	0	0	35	9476
SM01117	Cyt-b5	1.00000000001475	1.47511932923069e-11	14	0	0	35	9476
SM00294	4.1m	1.00000000001475	1.47511932923069e-11	14	0	0	35	9476
SM00323	RasGAP	1.00000000001475	1.47511932923069e-11	14	0	0	35	9476
SM00325	RhoGEF	1.00000000001503	1.50260398087694e-11	68	0	0	35	9476
SM00228	PDZ	1.00000000001811	1.81135573470635e-11	145	0	0	35	9476
SM00487	DEXDc	1.00000000001888	1.88805923060237e-11	109	0	0	35	9476
SM00248	ANK	1.00000000002041	2.04088157833702e-11	233	0	0	35	9476
SM00082	LRRCT	1.00000000002046	2.04582932086783e-11	83	0	0	35	9476
SM00349	KRAB	1.00000000002434	2.43421718369117e-11	363	0	0	35	9476
